EstadoCivil,Genero,Hijos,HijosCasa,Educacion,Ocupacion,Casa,Coches,Distancia,Region,Comprador,Edad,Ingresos
M,M,2,No,Bachelors,Professional,1,0,1-2 Miles,Pacific,1,41-45,81.8181818181818
S,M,3,Si,Bachelors,Professional,0,1,0-1 Miles,Pacific,1,35-40,45.4545454545455
M,M,3,Si,Bachelors,Professional,1,1,2-5 Miles,Pacific,1,41-45,45.4545454545455
S,F,0,No,Bachelors,Professional,0,1,5-10 Miles,Pacific,1,41-45,63.6363636363636
S,F,5,Si,Bachelors,Professional,1,4,1-2 Miles,Pacific,1,35-40,72.7272727272727
S,M,0,No,Bachelors,Professional,1,1,5-10 Miles,Pacific,1,35-40,63.6363636363636
S,F,0,No,Bachelors,Professional,1,1,5-10 Miles,Pacific,1,35-40,63.6363636363636
M,M,3,Si,Bachelors,Professional,1,2,0-1 Miles,Pacific,1,41-45,45.4545454545455
S,F,4,Si,Bachelors,Professional,1,3,10+ Miles,Pacific,1,35-40,45.4545454545455
S,M,0,No,Bachelors,Professional,0,1,5-10 Miles,Pacific,1,41-45,63.6363636363636
S,F,0,No,Bachelors,Professional,0,1,5-10 Miles,Pacific,1,46-50,63.6363636363636
M,M,4,Si,Bachelors,Professional,1,4,10+ Miles,Pacific,1,46-50,45.4545454545455
M,F,2,No,Bachelors,Management,1,2,1-2 Miles,North America,0,35-40,81.8181818181818
M,M,2,No,Bachelors,Management,1,3,0-1 Miles,North America,0,35-40,81.8181818181818
S,F,3,No,Bachelors,Management,0,3,1-2 Miles,North America,0,41-45,81.8181818181818
S,F,0,No,Partial College,Skilled Manual,0,1,5-10 Miles,North America,1,29-34,18.1818181818182
M,M,0,No,Partial College,Skilled Manual,1,1,5-10 Miles,North America,1,29-34,18.1818181818182
S,F,4,No,High School,Skilled Manual,1,2,5-10 Miles,Pacific,1,56-65,9.09090909090909
S,M,2,No,Partial College,Clerical,1,2,5-10 Miles,Pacific,1,56-65,18.1818181818182
S,M,0,No,High School,Skilled Manual,0,2,5-10 Miles,North America,0,29-34,27.2727272727273
S,M,0,No,High School,Skilled Manual,0,2,1-2 Miles,North America,1,29-34,27.2727272727273
S,F,0,No,Partial College,Skilled Manual,0,1,1-2 Miles,North America,1,29-34,27.2727272727273
M,M,0,No,Partial College,Skilled Manual,1,1,5-10 Miles,North America,1,29-34,27.2727272727273
M,M,0,No,Partial College,Skilled Manual,1,1,1-2 Miles,North America,0,29-34,27.2727272727273
M,M,0,No,Partial College,Skilled Manual,1,2,5-10 Miles,North America,0,29-34,45.4545454545455
M,M,2,Si,Partial High School,Clerical,1,2,1-2 Miles,Pacific,1,56-65,9.09090909090909
S,M,2,No,Partial College,Clerical,0,2,1-2 Miles,Pacific,1,56-65,18.1818181818182
M,M,2,No,Partial College,Clerical,1,2,5-10 Miles,Pacific,1,56-65,18.1818181818182
M,F,2,No,Partial College,Clerical,1,2,1-2 Miles,Pacific,1,56-65,18.1818181818182
M,M,2,No,Partial College,Clerical,1,2,1-2 Miles,Pacific,1,56-65,18.1818181818182
M,F,2,Si,Partial High School,Clerical,1,2,1-2 Miles,Pacific,1,56-65,9.09090909090909
M,F,4,No,High School,Skilled Manual,1,2,1-2 Miles,Pacific,1,56-65,9.09090909090909
M,F,4,No,High School,Skilled Manual,1,2,1-2 Miles,Pacific,1,56-65,9.09090909090909
M,M,4,No,High School,Skilled Manual,1,2,5-10 Miles,Pacific,1,56-65,9.09090909090909
M,F,4,No,High School,Skilled Manual,1,2,5-10 Miles,Pacific,1,56-65,9.09090909090909
M,F,2,Si,Partial High School,Clerical,1,2,1-2 Miles,Pacific,1,56-65,9.09090909090909
M,F,0,No,Partial College,Skilled Manual,1,2,1-2 Miles,North America,1,29-34,45.4545454545455
S,F,0,No,Partial High School,Clerical,0,2,5-10 Miles,North America,1,29-34,27.2727272727273
M,F,2,Si,Partial High School,Clerical,1,2,5-10 Miles,Pacific,1,56-65,9.09090909090909
M,M,3,No,Partial College,Clerical,1,2,5-10 Miles,Pacific,1,56-65,18.1818181818182
M,M,0,No,Partial College,Skilled Manual,1,2,1-2 Miles,North America,1,29-34,18.1818181818182
M,F,0,No,Partial College,Skilled Manual,1,2,1-2 Miles,North America,1,29-34,45.4545454545455
M,F,0,No,Partial College,Skilled Manual,1,2,0-1 Miles,North America,1,29-34,63.6363636363636
M,M,0,No,Partial College,Skilled Manual,1,2,5-10 Miles,North America,0,29-34,45.4545454545455
M,M,2,Si,Partial High School,Clerical,1,2,1-2 Miles,Pacific,1,56-65,9.09090909090909
S,M,3,No,High School,Skilled Manual,0,2,1-2 Miles,Pacific,0,56-65,18.1818181818182
M,F,3,No,High School,Skilled Manual,1,2,5-10 Miles,Pacific,1,56-65,18.1818181818182
M,F,3,No,High School,Skilled Manual,0,2,1-2 Miles,Pacific,1,56-65,18.1818181818182
M,M,3,No,High School,Skilled Manual,1,2,5-10 Miles,Pacific,1,56-65,18.1818181818182
S,F,0,No,Partial High School,Clerical,1,2,5-10 Miles,North America,0,29-34,27.2727272727273
M,M,3,No,High School,Skilled Manual,1,2,5-10 Miles,Pacific,1,56-65,18.1818181818182
S,M,3,No,High School,Skilled Manual,0,2,1-2 Miles,Pacific,0,56-65,18.1818181818182
S,F,2,No,Partial College,Clerical,0,2,5-10 Miles,Pacific,1,56-65,27.2727272727273
M,F,0,No,Partial College,Skilled Manual,0,2,1-2 Miles,North America,1,29-34,45.4545454545455
M,F,2,No,Partial College,Skilled Manual,1,2,5-10 Miles,Pacific,1,56-65,27.2727272727273
M,M,2,No,Partial College,Skilled Manual,1,2,5-10 Miles,Pacific,1,56-65,27.2727272727273
M,F,3,No,Partial College,Skilled Manual,1,2,5-10 Miles,Pacific,1,56-65,27.2727272727273
M,M,2,No,Graduate Degree,Management,1,2,1-2 Miles,Pacific,1,41-45,63.6363636363636
M,M,2,No,Partial College,Skilled Manual,1,2,1-2 Miles,Pacific,1,46-50,72.7272727272727
S,F,2,No,Partial College,Skilled Manual,1,2,5-10 Miles,Pacific,0,51-55,72.7272727272727
M,M,2,No,Partial College,Skilled Manual,1,2,5-10 Miles,Pacific,1,56-65,72.7272727272727
M,M,2,No,Partial College,Skilled Manual,1,2,5-10 Miles,Pacific,1,35-40,72.7272727272727
M,M,0,No,High School,Skilled Manual,1,2,5-10 Miles,North America,1,29-34,27.2727272727273
S,F,0,No,High School,Skilled Manual,1,2,5-10 Miles,North America,1,29-34,27.2727272727273
M,M,0,No,High School,Skilled Manual,1,2,5-10 Miles,North America,1,29-34,27.2727272727273
M,F,0,No,Partial College,Skilled Manual,0,2,1-2 Miles,North America,0,35-40,45.4545454545455
M,F,0,No,Partial College,Professional,1,2,5-10 Miles,North America,0,35-40,63.6363636363636
S,M,0,No,Partial College,Professional,1,2,5-10 Miles,North America,0,29-34,45.4545454545455
S,F,2,No,High School,Skilled Manual,1,2,5-10 Miles,Pacific,0,46-50,72.7272727272727
S,F,2,No,High School,Skilled Manual,0,2,1-2 Miles,Pacific,1,46-50,72.7272727272727
M,M,2,No,High School,Skilled Manual,1,2,5-10 Miles,Pacific,1,51-55,72.7272727272727
S,F,2,No,High School,Skilled Manual,1,2,5-10 Miles,Pacific,0,51-55,72.7272727272727
S,F,2,No,High School,Skilled Manual,0,2,1-2 Miles,Pacific,1,51-55,72.7272727272727
S,F,2,No,High School,Skilled Manual,1,2,5-10 Miles,Pacific,0,51-55,63.6363636363636
S,M,2,No,High School,Skilled Manual,1,2,5-10 Miles,Pacific,0,51-55,63.6363636363636
S,F,2,No,High School,Professional,1,2,5-10 Miles,Pacific,1,51-55,72.7272727272727
S,M,2,No,High School,Professional,1,2,5-10 Miles,Pacific,1,51-55,72.7272727272727
S,F,2,No,High School,Professional,0,2,1-2 Miles,Pacific,1,51-55,72.7272727272727
S,F,0,No,High School,Professional,0,2,1-2 Miles,North America,0,29-34,27.2727272727273
S,M,0,No,Graduate Degree,Management,1,2,0-1 Miles,Pacific,0,41-45,90.9090909090909
M,M,0,No,Graduate Degree,Management,1,2,0-1 Miles,Pacific,1,46-50,90.9090909090909
M,F,2,Si,Bachelors,Management,1,3,2-5 Miles,North America,0,41-45,90.9090909090909
S,F,0,Si,Graduate Degree,Management,0,3,1-2 Miles,North America,1,41-45,90.9090909090909
M,F,0,Si,Graduate Degree,Management,1,3,1-2 Miles,North America,1,35-40,90.9090909090909
S,M,2,No,Partial High School,Skilled Manual,0,2,1-2 Miles,North America,1,51-55,72.7272727272727
S,F,2,No,High School,Professional,0,2,5-10 Miles,North America,0,51-55,45.4545454545455
M,M,2,Si,Partial College,Professional,1,0,0-1 Miles,North America,0,51-55,63.6363636363636
M,F,3,Si,Partial College,Professional,0,0,0-1 Miles,North America,0,51-55,63.6363636363636
M,M,2,Si,Bachelors,Management,1,0,2-5 Miles,North America,1,51-55,72.7272727272727
S,F,2,Si,Bachelors,Management,1,1,2-5 Miles,North America,1,51-55,72.7272727272727
S,M,2,No,Partial College,Professional,1,1,2-5 Miles,North America,1,46-50,81.8181818181818
M,M,2,No,Partial College,Professional,1,1,5-10 Miles,North America,0,51-55,81.8181818181818
M,F,2,Si,Bachelors,Professional,1,0,1-2 Miles,Pacific,1,41-45,81.8181818181818
M,F,0,No,Graduate Degree,Management,1,0,0-1 Miles,Pacific,1,35-40,81.8181818181818
S,M,1,No,Partial College,Skilled Manual,0,1,0-1 Miles,Pacific,0,46-50,63.6363636363636
S,M,1,No,Partial College,Skilled Manual,1,1,5-10 Miles,Pacific,1,46-50,63.6363636363636
M,M,1,No,Bachelors,Professional,1,1,5-10 Miles,Pacific,1,46-50,45.4545454545455
M,M,1,No,Partial College,Skilled Manual,1,1,5-10 Miles,Pacific,1,41-45,45.4545454545455
S,F,1,No,Partial College,Skilled Manual,0,1,0-1 Miles,Pacific,0,46-50,45.4545454545455
M,M,1,No,Bachelors,Professional,1,1,0-1 Miles,Pacific,1,46-50,45.4545454545455
S,F,1,No,Partial College,Skilled Manual,1,1,5-10 Miles,Pacific,1,46-50,45.4545454545455
S,F,0,No,Bachelors,Professional,0,1,0-1 Miles,Pacific,1,41-45,63.6363636363636
S,F,5,Si,Bachelors,Professional,1,4,1-2 Miles,Pacific,0,41-45,72.7272727272727
S,F,0,No,Bachelors,Professional,1,1,5-10 Miles,Pacific,1,29-34,63.6363636363636
M,M,0,No,Bachelors,Professional,0,1,0-1 Miles,Pacific,1,35-40,63.6363636363636
S,F,0,No,Bachelors,Professional,0,1,5-10 Miles,Pacific,1,41-45,63.6363636363636
S,M,0,No,Bachelors,Professional,0,1,5-10 Miles,Pacific,1,41-45,63.6363636363636
M,F,1,No,Bachelors,Professional,1,1,5-10 Miles,Pacific,1,35-40,81.8181818181818
S,F,0,No,Bachelors,Professional,0,2,0-1 Miles,Pacific,1,46-50,63.6363636363636
S,M,0,No,Bachelors,Professional,0,2,0-1 Miles,Pacific,1,35-40,63.6363636363636
M,M,1,No,Partial College,Skilled Manual,1,1,5-10 Miles,Pacific,1,46-50,45.4545454545455
M,F,1,No,Partial College,Skilled Manual,1,1,0-1 Miles,Pacific,1,46-50,45.4545454545455
M,F,1,No,Partial College,Skilled Manual,1,1,0-1 Miles,Pacific,1,46-50,45.4545454545455
M,M,5,Si,Bachelors,Professional,1,2,5-10 Miles,Pacific,0,41-45,63.6363636363636
S,F,5,Si,Partial College,Skilled Manual,1,2,5-10 Miles,Pacific,0,46-50,63.6363636363636
M,M,5,Si,Partial College,Skilled Manual,1,2,0-1 Miles,Pacific,0,46-50,63.6363636363636
M,M,5,Si,Partial College,Skilled Manual,1,2,5-10 Miles,Pacific,0,35-40,63.6363636363636
M,F,5,Si,Partial College,Skilled Manual,1,3,10+ Miles,Pacific,1,46-50,63.6363636363636
S,M,1,No,Partial College,Skilled Manual,0,1,0-1 Miles,Pacific,0,51-55,72.7272727272727
S,M,2,No,Partial College,Clerical,0,2,0-1 Miles,Pacific,0,65+,18.1818181818182
S,F,2,No,Bachelors,Management,1,1,5-10 Miles,Pacific,1,65+,27.2727272727273
M,M,5,Si,Partial College,Skilled Manual,1,3,10+ Miles,Pacific,0,46-50,63.6363636363636
M,M,5,Si,Partial College,Skilled Manual,1,3,5-10 Miles,Pacific,0,46-50,63.6363636363636
M,M,5,Si,Partial College,Skilled Manual,1,3,10+ Miles,Pacific,0,46-50,63.6363636363636
S,M,1,No,Partial College,Skilled Manual,1,1,5-10 Miles,Pacific,1,46-50,72.7272727272727
S,F,1,No,Partial College,Skilled Manual,1,1,5-10 Miles,Pacific,0,51-55,63.6363636363636
M,M,2,Si,High School,Skilled Manual,0,2,0-1 Miles,Pacific,1,56-65,9.09090909090909
M,F,0,No,High School,Skilled Manual,1,1,5-10 Miles,North America,0,29-34,27.2727272727273
M,F,0,No,High School,Skilled Manual,1,1,5-10 Miles,North America,0,29-34,27.2727272727273
S,F,0,No,High School,Skilled Manual,1,1,5-10 Miles,North America,1,29-34,27.2727272727273
M,F,0,No,High School,Skilled Manual,1,2,5-10 Miles,North America,0,29-34,18.1818181818182
M,F,0,No,High School,Skilled Manual,0,2,0-1 Miles,North America,0,29-34,18.1818181818182
S,F,0,No,High School,Skilled Manual,0,2,5-10 Miles,North America,1,29-34,18.1818181818182
S,F,0,No,Partial High School,Clerical,0,2,0-1 Miles,North America,0,29-34,18.1818181818182
S,M,5,No,High School,Skilled Manual,1,2,5-10 Miles,Pacific,1,56-65,9.09090909090909
S,M,0,No,Partial High School,Clerical,0,2,5-10 Miles,North America,1,29-34,18.1818181818182
S,F,0,No,High School,Skilled Manual,0,2,0-1 Miles,North America,1,29-34,27.2727272727273
M,F,0,No,High School,Skilled Manual,1,2,5-10 Miles,North America,0,29-34,27.2727272727273
M,F,0,No,High School,Skilled Manual,0,2,0-1 Miles,North America,0,29-34,27.2727272727273
S,F,2,No,Partial College,Clerical,0,2,5-10 Miles,Pacific,0,56-65,18.1818181818182
S,M,0,No,Partial High School,Clerical,0,2,5-10 Miles,North America,0,29-34,18.1818181818182
M,F,0,No,High School,Skilled Manual,0,2,0-1 Miles,North America,0,29-34,27.2727272727273
S,M,0,No,High School,Skilled Manual,0,2,0-1 Miles,North America,0,29-34,27.2727272727273
M,M,0,No,High School,Skilled Manual,1,2,5-10 Miles,North America,0,29-34,27.2727272727273
S,M,0,No,High School,Skilled Manual,0,2,0-1 Miles,North America,1,29-34,27.2727272727273
S,F,0,No,High School,Skilled Manual,0,2,0-1 Miles,North America,1,29-34,27.2727272727273
S,F,2,No,Bachelors,Management,1,2,5-10 Miles,Pacific,0,65+,27.2727272727273
M,M,2,No,Graduate Degree,Management,1,1,0-1 Miles,Pacific,1,65+,45.4545454545455
M,M,2,No,Bachelors,Management,1,2,5-10 Miles,Pacific,0,65+,27.2727272727273
M,M,2,No,Bachelors,Management,1,2,0-1 Miles,Pacific,0,65+,27.2727272727273
S,M,2,No,Bachelors,Management,1,2,5-10 Miles,Pacific,0,65+,27.2727272727273
S,F,2,No,Graduate Degree,Management,0,1,0-1 Miles,Pacific,1,65+,45.4545454545455
S,M,0,No,High School,Skilled Manual,1,2,5-10 Miles,North America,1,29-34,27.2727272727273
M,F,0,No,High School,Skilled Manual,1,2,5-10 Miles,North America,0,29-34,27.2727272727273
S,F,0,No,Partial College,Skilled Manual,1,1,5-10 Miles,North America,1,29-34,27.2727272727273
S,M,0,No,Partial College,Skilled Manual,0,1,1-2 Miles,North America,1,29-34,27.2727272727273
S,F,0,No,Partial College,Skilled Manual,0,1,1-2 Miles,North America,1,29-34,27.2727272727273
M,F,0,No,High School,Skilled Manual,1,2,5-10 Miles,North America,0,29-34,27.2727272727273
S,M,0,No,High School,Skilled Manual,1,2,5-10 Miles,North America,1,29-34,27.2727272727273
S,F,0,No,High School,Skilled Manual,0,2,1-2 Miles,North America,0,29-34,27.2727272727273
S,M,0,No,Partial College,Skilled Manual,0,1,5-10 Miles,North America,1,35-40,27.2727272727273
S,F,0,No,Partial College,Skilled Manual,0,1,1-2 Miles,North America,0,35-40,27.2727272727273
S,M,0,No,Partial College,Skilled Manual,1,1,5-10 Miles,North America,1,35-40,27.2727272727273
M,M,0,No,Partial College,Skilled Manual,1,1,5-10 Miles,North America,0,35-40,27.2727272727273
S,M,0,No,Partial College,Skilled Manual,0,1,1-2 Miles,North America,0,35-40,27.2727272727273
M,F,0,No,Partial College,Skilled Manual,0,1,1-2 Miles,North America,0,35-40,45.4545454545455
S,F,0,No,Partial College,Skilled Manual,0,2,0-1 Miles,North America,0,35-40,63.6363636363636
S,F,0,No,Bachelors,Management,0,1,0-1 Miles,North America,1,35-40,72.7272727272727
S,M,0,No,Bachelors,Management,0,1,0-1 Miles,North America,1,41-45,72.7272727272727
M,M,4,Si,Bachelors,Management,1,1,0-1 Miles,North America,0,41-45,81.8181818181818
M,F,4,Si,Bachelors,Management,1,1,0-1 Miles,North America,0,41-45,81.8181818181818
S,M,1,No,Bachelors,Management,1,2,1-2 Miles,North America,1,35-40,81.8181818181818
M,F,1,No,Bachelors,Management,1,2,1-2 Miles,North America,0,41-45,81.8181818181818
S,F,0,No,Graduate Degree,Management,0,4,0-1 Miles,North America,0,41-45,90.9090909090909
M,M,0,Si,Graduate Degree,Management,1,0,2-5 Miles,North America,0,41-45,90.9090909090909
S,M,0,No,Partial College,Skilled Manual,1,2,5-10 Miles,North America,1,46-50,63.6363636363636
M,M,4,Si,Bachelors,Management,1,1,1-2 Miles,North America,0,35-40,81.8181818181818
M,M,2,Si,Graduate Degree,Management,1,2,5-10 Miles,North America,0,65+,90.9090909090909
M,M,2,Si,Graduate Degree,Management,1,3,1-2 Miles,North America,0,56-65,81.8181818181818
M,F,2,Si,Graduate Degree,Management,1,3,5-10 Miles,North America,0,51-55,90.9090909090909
M,F,1,Si,Bachelors,Management,1,4,0-1 Miles,North America,0,65+,90.9090909090909
M,M,2,Si,Graduate Degree,Management,1,2,0-1 Miles,North America,0,51-55,90.9090909090909
S,F,4,No,Bachelors,Management,1,2,10+ Miles,North America,0,56-65,63.6363636363636
S,F,4,No,Bachelors,Management,1,2,10+ Miles,North America,0,56-65,63.6363636363636
S,F,4,No,Bachelors,Management,1,2,10+ Miles,North America,0,56-65,63.6363636363636
S,F,4,No,Bachelors,Management,1,2,10+ Miles,North America,0,56-65,63.6363636363636
S,F,4,No,Bachelors,Management,1,2,10+ Miles,North America,0,56-65,63.6363636363636
M,F,4,No,Graduate Degree,Management,1,2,10+ Miles,North America,0,65+,45.4545454545455
M,F,4,No,Graduate Degree,Management,0,2,1-2 Miles,North America,0,56-65,45.4545454545455
S,M,4,No,Graduate Degree,Management,1,2,10+ Miles,North America,1,56-65,45.4545454545455
M,M,5,No,Bachelors,Management,1,2,10+ Miles,North America,0,56-65,63.6363636363636
S,F,5,No,Bachelors,Management,1,3,10+ Miles,North America,1,56-65,63.6363636363636
M,M,4,No,Bachelors,Management,1,2,2-5 Miles,North America,0,56-65,45.4545454545455
M,M,4,No,Bachelors,Management,1,2,2-5 Miles,North America,0,56-65,45.4545454545455
M,F,4,No,Bachelors,Management,1,2,2-5 Miles,North America,0,56-65,45.4545454545455
M,F,5,No,Bachelors,Management,1,3,10+ Miles,North America,0,56-65,45.4545454545455
M,M,5,No,Bachelors,Management,1,3,10+ Miles,North America,0,56-65,45.4545454545455
M,F,3,Si,Bachelors,Management,0,1,1-2 Miles,North America,0,56-65,63.6363636363636
S,F,4,Si,Bachelors,Management,1,1,10+ Miles,North America,0,56-65,63.6363636363636
M,F,4,Si,Bachelors,Management,1,1,10+ Miles,North America,0,56-65,63.6363636363636
M,M,4,Si,Bachelors,Management,1,1,1-2 Miles,North America,0,56-65,63.6363636363636
M,F,4,Si,Bachelors,Management,1,1,10+ Miles,North America,0,56-65,63.6363636363636
M,F,5,No,Bachelors,Management,0,2,1-2 Miles,North America,0,56-65,72.7272727272727
M,M,2,Si,High School,Professional,1,2,10+ Miles,North America,0,56-65,27.2727272727273
M,F,2,Si,High School,Professional,1,2,2-5 Miles,North America,0,56-65,27.2727272727273
M,F,2,Si,High School,Professional,1,2,10+ Miles,North America,0,56-65,27.2727272727273
M,M,2,Si,Partial College,Professional,1,1,10+ Miles,North America,0,56-65,45.4545454545455
S,F,2,Si,Partial College,Professional,1,1,10+ Miles,North America,0,56-65,45.4545454545455
M,F,2,Si,Bachelors,Management,1,0,10+ Miles,North America,0,56-65,45.4545454545455
M,F,2,Si,Bachelors,Management,1,0,10+ Miles,North America,0,56-65,45.4545454545455
M,M,4,Si,Partial College,Professional,1,2,10+ Miles,North America,0,56-65,63.6363636363636
M,F,2,Si,High School,Professional,1,2,2-5 Miles,North America,0,51-55,27.2727272727273
M,F,2,Si,High School,Professional,1,2,2-5 Miles,North America,0,56-65,27.2727272727273
S,F,2,Si,Partial College,Professional,1,2,10+ Miles,North America,0,56-65,45.4545454545455
S,M,2,Si,Partial College,Professional,1,2,10+ Miles,North America,0,56-65,45.4545454545455
M,F,2,Si,Partial High School,Skilled Manual,1,2,10+ Miles,North America,0,51-55,27.2727272727273
S,F,2,Si,Partial College,Professional,1,2,10+ Miles,North America,1,56-65,45.4545454545455
S,F,2,Si,Partial College,Professional,1,2,10+ Miles,North America,1,56-65,45.4545454545455
S,F,2,Si,Partial College,Professional,0,2,2-5 Miles,North America,0,51-55,45.4545454545455
M,M,2,Si,High School,Professional,1,2,10+ Miles,North America,0,56-65,45.4545454545455
M,F,2,Si,Partial College,Professional,1,1,10+ Miles,North America,0,51-55,45.4545454545455
M,M,4,Si,Partial College,Professional,1,1,1-2 Miles,North America,0,56-65,63.6363636363636
M,F,3,Si,Bachelors,Management,1,1,1-2 Miles,North America,0,56-65,72.7272727272727
S,F,2,Si,High School,Professional,1,2,2-5 Miles,North America,0,56-65,63.6363636363636
S,F,2,Si,High School,Professional,1,2,10+ Miles,North America,1,56-65,63.6363636363636
M,F,2,Si,Partial College,Professional,1,1,10+ Miles,North America,0,51-55,45.4545454545455
M,F,2,Si,Partial College,Professional,1,1,2-5 Miles,North America,0,51-55,45.4545454545455
S,M,2,Si,Partial College,Professional,1,2,10+ Miles,North America,1,51-55,45.4545454545455
M,F,2,Si,Partial College,Professional,1,2,10+ Miles,North America,0,56-65,45.4545454545455
S,M,4,Si,Partial College,Professional,1,1,10+ Miles,North America,0,56-65,63.6363636363636
M,F,4,Si,Partial College,Professional,0,2,2-5 Miles,North America,0,56-65,63.6363636363636
M,M,2,Si,High School,Professional,1,2,10+ Miles,North America,0,51-55,45.4545454545455
M,F,3,Si,High School,Professional,0,2,2-5 Miles,North America,0,56-65,45.4545454545455
M,M,4,Si,Partial College,Professional,1,2,10+ Miles,North America,0,51-55,63.6363636363636
S,F,4,Si,Partial College,Professional,1,2,10+ Miles,North America,0,56-65,63.6363636363636
M,M,4,Si,Partial College,Professional,1,2,10+ Miles,North America,0,56-65,63.6363636363636
S,M,5,Si,Partial College,Professional,1,2,10+ Miles,North America,0,56-65,63.6363636363636
S,M,2,Si,Bachelors,Management,0,4,0-1 Miles,Europe,1,51-55,90.9090909090909
S,F,2,Si,Bachelors,Management,0,4,0-1 Miles,Europe,1,51-55,90.9090909090909
M,F,2,Si,Partial College,Professional,0,2,5-10 Miles,Europe,1,41-45,90.9090909090909
M,F,2,Si,Partial College,Professional,1,4,5-10 Miles,Europe,1,51-55,90.9090909090909
S,F,2,Si,Partial College,Professional,1,4,5-10 Miles,Europe,1,41-45,81.8181818181818
M,M,2,Si,Partial College,Professional,1,3,5-10 Miles,Europe,1,51-55,90.9090909090909
M,F,2,Si,Partial College,Professional,1,3,0-1 Miles,Europe,1,51-55,90.9090909090909
S,F,2,Si,Bachelors,Management,0,3,0-1 Miles,Europe,1,46-50,90.9090909090909
M,M,3,Si,High School,Professional,0,4,5-10 Miles,Europe,1,51-55,90.9090909090909
M,F,3,Si,High School,Professional,0,4,5-10 Miles,Europe,1,51-55,90.9090909090909
S,F,3,Si,Partial College,Professional,0,3,0-1 Miles,Europe,1,51-55,90.9090909090909
M,M,3,Si,Partial College,Professional,1,4,10+ Miles,Europe,0,46-50,90.9090909090909
M,F,3,Si,Partial College,Professional,1,3,0-1 Miles,Europe,1,46-50,90.9090909090909
M,F,3,Si,High School,Professional,1,2,5-10 Miles,Europe,1,46-50,90.9090909090909
S,M,4,No,High School,Professional,0,2,5-10 Miles,North America,1,65+,18.1818181818182
S,M,3,No,Graduate Degree,Management,1,1,2-5 Miles,North America,1,65+,81.8181818181818
M,M,2,No,Graduate Degree,Management,1,2,1-2 Miles,North America,0,65+,45.4545454545455
M,M,4,No,Graduate Degree,Management,1,2,5-10 Miles,North America,0,65+,63.6363636363636
M,M,4,No,Graduate Degree,Management,1,2,5-10 Miles,North America,0,65+,63.6363636363636
M,F,4,No,Graduate Degree,Management,1,2,5-10 Miles,North America,0,65+,63.6363636363636
S,F,1,Si,Graduate Degree,Management,1,4,2-5 Miles,North America,1,65+,90.9090909090909
M,M,1,Si,Graduate Degree,Management,1,4,2-5 Miles,North America,0,65+,90.9090909090909
M,F,4,Si,Partial College,Professional,1,4,2-5 Miles,North America,1,41-45,81.8181818181818
M,F,2,Si,Bachelors,Management,1,3,2-5 Miles,North America,0,35-40,90.9090909090909
M,F,1,Si,Graduate Degree,Management,1,1,0-1 Miles,North America,1,41-45,90.9090909090909
M,F,4,Si,Bachelors,Management,1,0,0-1 Miles,North America,0,35-40,72.7272727272727
M,F,5,Si,Partial College,Professional,1,3,2-5 Miles,North America,1,41-45,81.8181818181818
S,M,5,Si,Partial College,Professional,0,3,0-1 Miles,North America,1,41-45,81.8181818181818
M,F,5,Si,Partial College,Professional,1,3,0-1 Miles,North America,1,41-45,81.8181818181818
S,F,0,No,Partial College,Professional,0,1,5-10 Miles,North America,1,41-45,81.8181818181818
S,M,4,Si,Partial College,Professional,1,4,2-5 Miles,North America,1,35-40,90.9090909090909
M,F,2,Si,Graduate Degree,Management,1,2,1-2 Miles,North America,0,41-45,90.9090909090909
M,M,2,Si,Graduate Degree,Management,1,2,0-1 Miles,North America,0,35-40,90.9090909090909
M,M,2,Si,Graduate Degree,Management,1,3,0-1 Miles,North America,1,35-40,90.9090909090909
S,F,2,No,Bachelors,Management,0,4,1-2 Miles,North America,1,41-45,90.9090909090909
S,F,4,Si,Partial College,Professional,1,0,5-10 Miles,North America,1,51-55,63.6363636363636
M,M,2,Si,Partial College,Professional,1,0,10+ Miles,North America,0,51-55,81.8181818181818
M,M,2,No,Graduate Degree,Management,1,2,5-10 Miles,North America,1,65+,45.4545454545455
M,F,4,No,Graduate Degree,Management,1,2,0-1 Miles,North America,1,65+,72.7272727272727
M,F,4,Si,Partial College,Professional,1,2,2-5 Miles,North America,0,41-45,72.7272727272727
M,M,4,Si,Partial College,Professional,1,2,0-1 Miles,North America,0,46-50,72.7272727272727
S,M,0,No,Partial College,Professional,0,1,10+ Miles,North America,1,46-50,81.8181818181818
M,F,0,No,Partial College,Professional,1,1,10+ Miles,North America,0,41-45,81.8181818181818
M,M,0,No,Partial College,Professional,1,1,10+ Miles,North America,0,46-50,81.8181818181818
S,F,4,Si,Bachelors,Management,1,4,5-10 Miles,North America,1,35-40,90.9090909090909
M,M,5,Si,Partial College,Professional,1,4,1-2 Miles,North America,1,46-50,81.8181818181818
M,M,1,Si,Bachelors,Management,1,2,1-2 Miles,North America,0,46-50,90.9090909090909
M,F,1,Si,Bachelors,Management,1,2,1-2 Miles,North America,0,46-50,90.9090909090909
M,M,1,Si,Partial College,Professional,0,4,2-5 Miles,North America,0,41-45,90.9090909090909
M,M,0,No,Graduate Degree,Management,1,4,2-5 Miles,North America,1,46-50,90.9090909090909
M,M,5,Si,Partial College,Professional,0,3,5-10 Miles,North America,0,46-50,63.6363636363636
M,F,1,Si,Bachelors,Management,1,3,2-5 Miles,North America,0,35-40,90.9090909090909
M,F,1,Si,Bachelors,Management,1,1,0-1 Miles,North America,1,41-45,90.9090909090909
M,F,1,Si,Bachelors,Management,1,3,2-5 Miles,North America,1,41-45,90.9090909090909
M,F,1,Si,Bachelors,Management,1,3,2-5 Miles,North America,1,41-45,90.9090909090909
S,M,1,Si,Partial College,Professional,0,3,0-1 Miles,North America,1,46-50,90.9090909090909
S,M,2,No,High School,Professional,0,2,1-2 Miles,North America,0,51-55,45.4545454545455
M,M,2,No,High School,Professional,0,2,1-2 Miles,North America,0,51-55,45.4545454545455
S,F,2,No,Partial High School,Skilled Manual,1,2,5-10 Miles,North America,1,51-55,72.7272727272727
S,F,2,No,Graduate Degree,Management,1,2,5-10 Miles,North America,1,65+,45.4545454545455
S,M,4,No,Graduate Degree,Management,1,2,5-10 Miles,North America,1,65+,63.6363636363636
M,M,4,No,Graduate Degree,Management,1,2,1-2 Miles,North America,1,65+,63.6363636363636
M,M,4,No,Graduate Degree,Management,1,2,1-2 Miles,North America,1,65+,63.6363636363636
M,M,5,Si,Partial College,Professional,0,3,1-2 Miles,North America,0,46-50,72.7272727272727
M,M,5,Si,Partial College,Professional,1,4,5-10 Miles,North America,0,46-50,72.7272727272727
S,M,4,Si,High School,Professional,0,3,1-2 Miles,North America,1,41-45,81.8181818181818
S,F,4,Si,High School,Professional,0,3,1-2 Miles,North America,1,46-50,81.8181818181818
M,F,0,Si,Partial College,Professional,1,0,5-10 Miles,North America,0,41-45,81.8181818181818
M,M,3,Si,Partial College,Professional,0,4,2-5 Miles,North America,0,46-50,90.9090909090909
M,M,3,Si,Partial College,Professional,0,4,2-5 Miles,North America,0,46-50,90.9090909090909
M,M,2,No,Partial High School,Skilled Manual,1,2,5-10 Miles,North America,1,46-50,72.7272727272727
M,M,2,No,High School,Professional,0,2,1-2 Miles,North America,0,56-65,45.4545454545455
S,F,2,No,High School,Professional,1,2,5-10 Miles,North America,0,51-55,45.4545454545455
S,F,3,No,Graduate Degree,Management,1,2,5-10 Miles,North America,0,51-55,63.6363636363636
S,F,3,No,Graduate Degree,Management,0,2,1-2 Miles,North America,0,56-65,63.6363636363636
S,F,3,No,Graduate Degree,Management,1,2,5-10 Miles,North America,0,56-65,63.6363636363636
S,M,3,No,Graduate Degree,Management,1,2,5-10 Miles,North America,0,56-65,63.6363636363636
S,F,3,No,Graduate Degree,Management,0,2,1-2 Miles,North America,0,41-45,63.6363636363636
S,F,3,No,Graduate Degree,Management,0,2,1-2 Miles,North America,0,56-65,63.6363636363636
M,M,3,No,Graduate Degree,Management,1,2,5-10 Miles,North America,1,56-65,45.4545454545455
S,F,3,No,Partial College,Professional,0,2,5-10 Miles,North America,1,51-55,27.2727272727273
S,F,3,No,Partial College,Professional,0,2,1-2 Miles,North America,0,56-65,27.2727272727273
M,F,4,No,Graduate Degree,Management,0,2,1-2 Miles,North America,1,65+,63.6363636363636
M,F,4,No,Graduate Degree,Management,1,2,5-10 Miles,North America,0,65+,72.7272727272727
M,M,5,No,Bachelors,Management,1,2,5-10 Miles,North America,0,65+,81.8181818181818
M,F,5,No,Bachelors,Management,1,2,5-10 Miles,North America,0,65+,81.8181818181818
S,M,2,Si,Graduate Degree,Management,1,3,5-10 Miles,North America,1,65+,90.9090909090909
M,M,5,No,Bachelors,Management,1,2,1-2 Miles,North America,1,65+,81.8181818181818
S,M,5,No,Bachelors,Management,1,2,5-10 Miles,North America,1,65+,81.8181818181818
M,M,2,Si,Bachelors,Management,1,4,0-1 Miles,North America,1,65+,90.9090909090909
M,M,5,No,Bachelors,Management,1,2,5-10 Miles,North America,1,65+,81.8181818181818
M,M,5,No,Bachelors,Management,1,2,5-10 Miles,North America,1,65+,81.8181818181818
S,M,5,No,Bachelors,Management,1,2,5-10 Miles,North America,1,65+,81.8181818181818
M,M,2,Si,Graduate Degree,Management,1,1,2-5 Miles,North America,0,65+,90.9090909090909
M,F,4,Si,Partial College,Skilled Manual,1,2,1-2 Miles,North America,0,41-45,81.8181818181818
S,F,1,No,Graduate Degree,Manual,1,0,0-1 Miles,Europe,1,46-50,9.09090909090909
M,F,1,No,Graduate Degree,Clerical,1,0,0-1 Miles,Europe,1,46-50,9.09090909090909
M,F,1,No,Bachelors,Manual,1,0,0-1 Miles,Europe,1,46-50,9.09090909090909
M,F,1,No,Bachelors,Manual,1,0,0-1 Miles,Europe,1,35-40,9.09090909090909
M,M,1,No,Graduate Degree,Clerical,1,0,0-1 Miles,Europe,1,41-45,9.09090909090909
M,M,1,No,Bachelors,Manual,1,0,0-1 Miles,Europe,1,46-50,9.09090909090909
M,M,1,No,Graduate Degree,Clerical,1,0,0-1 Miles,Europe,1,41-45,9.09090909090909
S,M,1,No,Graduate Degree,Clerical,1,0,0-1 Miles,Europe,1,46-50,9.09090909090909
M,F,1,No,Graduate Degree,Clerical,1,0,0-1 Miles,Europe,1,65+,9.09090909090909
M,M,1,No,Graduate Degree,Clerical,1,0,0-1 Miles,Europe,1,65+,9.09090909090909
M,M,5,No,Graduate Degree,Clerical,1,0,0-1 Miles,Europe,0,41-45,18.1818181818182
M,M,1,No,Bachelors,Manual,1,0,0-1 Miles,Europe,1,35-40,9.09090909090909
M,F,1,No,Partial College,Manual,1,0,0-1 Miles,Europe,1,51-55,9.09090909090909
S,F,1,No,Partial College,Manual,1,0,0-1 Miles,Europe,1,51-55,9.09090909090909
S,F,2,No,Partial College,Manual,1,1,0-1 Miles,Europe,1,46-50,9.09090909090909
M,M,2,No,Partial College,Manual,1,1,0-1 Miles,Europe,0,41-45,9.09090909090909
M,M,2,No,Partial College,Manual,1,1,0-1 Miles,Europe,0,51-55,9.09090909090909
M,F,2,No,Partial College,Manual,1,1,2-5 Miles,Europe,0,46-50,9.09090909090909
M,F,1,No,Graduate Degree,Clerical,1,0,0-1 Miles,Europe,0,65+,18.1818181818182
S,F,1,No,Bachelors,Clerical,1,0,0-1 Miles,Europe,1,56-65,9.09090909090909
M,M,2,No,Partial College,Manual,1,1,0-1 Miles,Europe,0,65+,9.09090909090909
S,F,1,No,Bachelors,Clerical,1,0,0-1 Miles,Europe,1,65+,18.1818181818182
M,F,1,No,Partial College,Manual,1,0,0-1 Miles,Europe,0,65+,9.09090909090909
M,M,1,No,Graduate Degree,Clerical,1,0,0-1 Miles,Europe,0,65+,27.2727272727273
S,M,0,No,Partial College,Manual,0,1,2-5 Miles,Pacific,1,29-34,9.09090909090909
S,M,0,No,Partial College,Manual,0,1,2-5 Miles,Pacific,1,29-34,9.09090909090909
S,F,0,No,Partial College,Manual,0,1,0-1 Miles,Pacific,1,29-34,9.09090909090909
S,M,0,No,Partial College,Manual,0,1,0-1 Miles,Pacific,1,29-34,9.09090909090909
S,M,0,No,Partial College,Manual,1,1,2-5 Miles,Pacific,1,29-34,9.09090909090909
M,F,0,No,High School,Manual,1,2,0-1 Miles,Pacific,0,29-34,9.09090909090909
M,M,0,No,High School,Manual,0,2,0-1 Miles,Pacific,0,29-34,9.09090909090909
S,M,0,No,High School,Manual,0,2,0-1 Miles,Pacific,1,29-34,9.09090909090909
S,F,1,Si,High School,Manual,0,0,2-5 Miles,Pacific,1,29-34,9.09090909090909
S,F,1,Si,High School,Manual,0,0,1-2 Miles,Pacific,1,29-34,9.09090909090909
M,F,0,No,Bachelors,Clerical,1,0,0-1 Miles,Pacific,0,29-34,9.09090909090909
M,M,0,No,Bachelors,Clerical,1,0,0-1 Miles,Pacific,0,29-34,9.09090909090909
S,M,1,Si,High School,Manual,0,0,1-2 Miles,Pacific,1,29-34,9.09090909090909
M,F,0,No,Bachelors,Clerical,0,0,0-1 Miles,Pacific,0,29-34,9.09090909090909
M,F,0,No,Bachelors,Clerical,1,0,0-1 Miles,Pacific,0,29-34,9.09090909090909
M,F,0,No,Bachelors,Clerical,1,0,0-1 Miles,Pacific,0,29-34,9.09090909090909
S,F,0,No,Bachelors,Clerical,1,0,0-1 Miles,Pacific,1,29-34,9.09090909090909
M,F,1,No,Bachelors,Clerical,1,0,0-1 Miles,Europe,0,56-65,18.1818181818182
S,M,1,No,Bachelors,Clerical,1,0,0-1 Miles,Europe,0,65+,18.1818181818182
M,M,1,No,Bachelors,Clerical,1,0,0-1 Miles,Europe,0,65+,18.1818181818182
S,M,1,No,Graduate Degree,Clerical,1,0,0-1 Miles,Europe,0,65+,27.2727272727273
M,M,4,No,Graduate Degree,Clerical,1,0,0-1 Miles,Europe,0,46-50,18.1818181818182
S,F,1,Si,High School,Manual,0,1,2-5 Miles,Europe,1,46-50,9.09090909090909
M,M,1,Si,High School,Manual,1,1,2-5 Miles,Europe,1,35-40,9.09090909090909
S,M,2,No,Partial College,Manual,1,1,1-2 Miles,Europe,1,51-55,9.09090909090909
M,F,2,No,Partial College,Manual,1,1,2-5 Miles,Europe,1,41-45,9.09090909090909
M,M,2,No,Partial College,Manual,1,1,2-5 Miles,Europe,1,41-45,9.09090909090909
M,F,3,No,Graduate Degree,Clerical,1,0,0-1 Miles,Europe,0,46-50,18.1818181818182
M,F,3,No,Bachelors,Clerical,1,0,0-1 Miles,Europe,0,41-45,18.1818181818182
S,M,3,No,Bachelors,Clerical,1,0,0-1 Miles,Europe,0,41-45,18.1818181818182
M,F,3,No,Bachelors,Clerical,1,0,0-1 Miles,Europe,0,41-45,18.1818181818182
S,F,3,No,Graduate Degree,Clerical,1,0,0-1 Miles,Europe,1,46-50,27.2727272727273
M,M,3,No,Graduate Degree,Clerical,1,0,0-1 Miles,Europe,1,46-50,27.2727272727273
S,M,1,Si,High School,Manual,0,1,2-5 Miles,Europe,0,29-34,9.09090909090909
S,F,1,Si,High School,Manual,0,1,2-5 Miles,Europe,0,35-40,9.09090909090909
S,F,2,Si,High School,Manual,1,0,0-1 Miles,Europe,0,35-40,9.09090909090909
S,M,2,Si,High School,Manual,1,0,0-1 Miles,Europe,0,29-34,9.09090909090909
S,M,2,Si,High School,Manual,1,0,0-1 Miles,Europe,0,41-45,9.09090909090909
S,M,2,Si,High School,Manual,1,0,0-1 Miles,Europe,1,35-40,9.09090909090909
S,F,0,No,Bachelors,Clerical,1,0,0-1 Miles,Europe,1,35-40,18.1818181818182
M,M,2,Si,High School,Manual,0,1,0-1 Miles,Europe,0,35-40,9.09090909090909
S,F,0,No,Partial College,Manual,0,1,0-1 Miles,Europe,0,35-40,9.09090909090909
S,M,0,No,Bachelors,Clerical,1,0,0-1 Miles,Europe,1,35-40,18.1818181818182
S,F,1,No,Bachelors,Clerical,1,0,0-1 Miles,Europe,0,35-40,18.1818181818182
S,M,0,No,Graduate Degree,Clerical,1,0,0-1 Miles,Europe,1,35-40,27.2727272727273
M,F,0,No,Graduate Degree,Clerical,1,0,0-1 Miles,Europe,1,35-40,27.2727272727273
M,F,0,No,Graduate Degree,Clerical,1,0,0-1 Miles,Europe,1,35-40,27.2727272727273
S,F,0,No,Graduate Degree,Clerical,1,0,0-1 Miles,Europe,1,35-40,27.2727272727273
S,F,3,No,Partial College,Manual,0,2,0-1 Miles,Europe,0,56-65,9.09090909090909
S,F,3,No,Partial College,Manual,0,2,0-1 Miles,Europe,0,56-65,9.09090909090909
M,F,2,No,Partial College,Manual,1,1,2-5 Miles,Europe,1,56-65,9.09090909090909
M,M,2,No,Partial College,Manual,1,1,0-1 Miles,Europe,0,56-65,9.09090909090909
M,M,2,Si,High School,Manual,0,2,0-1 Miles,Europe,0,51-55,9.09090909090909
S,F,2,Si,High School,Manual,1,1,0-1 Miles,Europe,1,35-40,9.09090909090909
M,M,1,Si,Partial College,Manual,1,0,2-5 Miles,Europe,1,41-45,9.09090909090909
M,M,3,Si,Partial College,Professional,0,1,2-5 Miles,Europe,0,56-65,72.7272727272727
S,F,4,Si,Partial College,Professional,1,1,10+ Miles,Europe,1,51-55,72.7272727272727
M,F,4,Si,Partial College,Professional,0,1,2-5 Miles,Europe,1,51-55,72.7272727272727
S,M,4,Si,Partial College,Professional,1,1,10+ Miles,Europe,1,56-65,72.7272727272727
S,M,5,No,Partial College,Professional,0,2,10+ Miles,Europe,0,56-65,81.8181818181818
M,F,3,Si,Partial High School,Skilled Manual,1,4,2-5 Miles,Europe,1,56-65,45.4545454545455
M,F,5,Si,High School,Professional,1,2,10+ Miles,Europe,1,56-65,63.6363636363636
S,M,5,No,Partial College,Professional,0,2,10+ Miles,Europe,0,56-65,81.8181818181818
M,M,3,Si,Graduate Degree,Management,1,4,0-1 Miles,Europe,0,56-65,90.9090909090909
M,M,2,Si,Bachelors,Management,1,4,10+ Miles,Europe,1,56-65,81.8181818181818
M,F,3,Si,Bachelors,Management,1,4,5-10 Miles,Europe,1,56-65,90.9090909090909
M,M,4,Si,Bachelors,Management,1,3,5-10 Miles,Europe,1,56-65,90.9090909090909
M,F,4,Si,Partial College,Professional,0,1,2-5 Miles,Europe,1,51-55,72.7272727272727
M,F,4,Si,Partial College,Professional,1,2,10+ Miles,Europe,0,46-50,72.7272727272727
M,F,4,Si,High School,Professional,1,2,10+ Miles,Europe,1,46-50,81.8181818181818
M,M,3,Si,Bachelors,Management,1,4,10+ Miles,Europe,0,56-65,90.9090909090909
M,F,2,Si,Partial College,Professional,1,2,10+ Miles,Europe,1,56-65,90.9090909090909
S,F,2,Si,Bachelors,Management,1,2,10+ Miles,Europe,1,56-65,90.9090909090909
M,M,4,Si,Partial College,Professional,1,2,10+ Miles,Europe,1,56-65,72.7272727272727
M,F,4,Si,High School,Professional,1,2,10+ Miles,Europe,0,56-65,81.8181818181818
M,M,4,Si,Partial College,Professional,1,2,10+ Miles,Europe,1,35-40,90.9090909090909
M,F,4,Si,High School,Professional,1,2,10+ Miles,Europe,1,56-65,72.7272727272727
M,M,5,Si,High School,Professional,0,2,2-5 Miles,Europe,1,56-65,72.7272727272727
M,M,5,Si,Partial College,Professional,1,4,0-1 Miles,Europe,0,51-55,90.9090909090909
S,F,3,Si,Partial College,Management,1,4,10+ Miles,Europe,0,56-65,81.8181818181818
M,F,3,Si,Partial College,Management,0,4,10+ Miles,Europe,0,56-65,90.9090909090909
M,M,4,Si,High School,Management,1,3,10+ Miles,Europe,0,56-65,81.8181818181818
M,F,4,Si,High School,Management,1,4,0-1 Miles,Europe,0,56-65,90.9090909090909
M,F,4,Si,High School,Management,0,3,5-10 Miles,Europe,1,56-65,81.8181818181818
M,M,5,No,Partial High School,Skilled Manual,0,2,5-10 Miles,Europe,0,56-65,72.7272727272727
M,F,5,No,Partial High School,Skilled Manual,0,2,5-10 Miles,Europe,0,56-65,81.8181818181818
M,M,5,No,Partial High School,Skilled Manual,1,2,10+ Miles,Europe,0,56-65,81.8181818181818
S,F,0,No,Bachelors,Professional,0,4,2-5 Miles,Pacific,1,29-34,45.4545454545455
M,F,0,No,Bachelors,Professional,1,3,10+ Miles,Pacific,1,29-34,63.6363636363636
S,F,0,No,Bachelors,Professional,0,3,10+ Miles,Pacific,1,35-40,63.6363636363636
S,F,0,No,Bachelors,Professional,0,3,10+ Miles,Pacific,1,35-40,63.6363636363636
M,F,0,No,Bachelors,Professional,1,4,10+ Miles,Pacific,1,35-40,63.6363636363636
S,M,0,No,Bachelors,Professional,1,3,10+ Miles,Pacific,1,29-34,72.7272727272727
M,M,0,No,Bachelors,Professional,1,3,10+ Miles,Pacific,1,35-40,72.7272727272727
S,M,4,Si,High School,Management,1,4,0-1 Miles,Pacific,1,29-34,90.9090909090909
S,M,0,No,Bachelors,Professional,0,4,10+ Miles,Pacific,1,35-40,63.6363636363636
S,F,0,No,Bachelors,Professional,0,3,10+ Miles,Pacific,1,35-40,72.7272727272727
S,M,0,No,Bachelors,Professional,0,3,10+ Miles,Pacific,1,29-34,72.7272727272727
S,F,0,No,Bachelors,Professional,0,3,10+ Miles,Pacific,1,35-40,72.7272727272727
M,M,0,Si,High School,Management,1,2,10+ Miles,Pacific,1,35-40,81.8181818181818
M,M,5,Si,Partial High School,Professional,1,4,10+ Miles,Pacific,1,35-40,90.9090909090909
M,F,0,No,Bachelors,Professional,1,3,10+ Miles,Pacific,1,35-40,81.8181818181818
M,F,0,Si,High School,Management,1,2,10+ Miles,Pacific,0,35-40,81.8181818181818
S,F,0,No,Bachelors,Professional,0,3,10+ Miles,Pacific,1,35-40,72.7272727272727
S,M,0,No,Bachelors,Professional,0,3,10+ Miles,Pacific,1,29-34,81.8181818181818
S,M,0,No,Bachelors,Professional,0,3,10+ Miles,Pacific,1,35-40,81.8181818181818
M,F,0,Si,High School,Management,1,4,10+ Miles,Pacific,1,35-40,90.9090909090909
M,F,0,Si,High School,Management,0,4,10+ Miles,Pacific,0,35-40,90.9090909090909
M,M,0,No,Bachelors,Professional,1,4,10+ Miles,Pacific,1,35-40,81.8181818181818
M,M,0,No,Bachelors,Professional,0,4,10+ Miles,Pacific,1,35-40,81.8181818181818
M,M,0,Si,Partial High School,Management,1,4,10+ Miles,Pacific,0,35-40,90.9090909090909
M,M,1,Si,Graduate Degree,Management,1,4,0-1 Miles,Pacific,0,35-40,90.9090909090909
M,F,1,Si,Bachelors,Skilled Manual,1,0,1-2 Miles,Europe,1,29-34,27.2727272727273
S,M,0,No,Partial High School,Manual,0,2,1-2 Miles,Europe,0,35-40,9.09090909090909
S,M,0,No,Partial High School,Manual,0,2,0-1 Miles,Europe,1,35-40,9.09090909090909
S,F,0,No,Partial College,Clerical,1,1,2-5 Miles,Europe,0,35-40,18.1818181818182
S,M,3,Si,Bachelors,Professional,1,2,5-10 Miles,Pacific,1,46-50,45.4545454545455
S,F,0,No,Partial High School,Manual,0,2,1-2 Miles,Europe,0,29-34,9.09090909090909
S,M,0,No,Partial High School,Manual,1,2,1-2 Miles,Europe,0,29-34,9.09090909090909
S,M,0,No,High School,Manual,0,1,1-2 Miles,Europe,0,29-34,18.1818181818182
M,F,1,Si,Bachelors,Skilled Manual,1,0,1-2 Miles,Europe,0,35-40,27.2727272727273
S,M,0,No,High School,Manual,0,1,1-2 Miles,Europe,0,29-34,18.1818181818182
S,M,0,No,High School,Manual,0,1,2-5 Miles,Europe,0,29-34,18.1818181818182
M,M,1,Si,Bachelors,Skilled Manual,1,0,1-2 Miles,Europe,1,35-40,27.2727272727273
M,F,1,Si,Bachelors,Skilled Manual,1,0,1-2 Miles,Europe,1,29-34,27.2727272727273
M,F,1,Si,Bachelors,Skilled Manual,1,0,1-2 Miles,Europe,1,35-40,27.2727272727273
S,F,0,No,High School,Manual,0,1,1-2 Miles,Europe,1,35-40,18.1818181818182
M,M,1,Si,Bachelors,Skilled Manual,1,1,0-1 Miles,Europe,1,29-34,27.2727272727273
S,M,2,Si,Partial College,Clerical,1,0,0-1 Miles,Europe,1,29-34,27.2727272727273
M,M,2,Si,Partial College,Clerical,0,0,0-1 Miles,Europe,1,35-40,27.2727272727273
S,F,0,No,Partial High School,Manual,1,2,1-2 Miles,Europe,0,29-34,9.09090909090909
S,F,0,No,Partial High School,Manual,0,2,1-2 Miles,Europe,0,35-40,9.09090909090909
S,M,0,No,Partial High School,Manual,1,2,1-2 Miles,Europe,1,35-40,9.09090909090909
S,F,0,No,Partial High School,Manual,0,2,1-2 Miles,Europe,1,35-40,9.09090909090909
S,M,0,No,Partial High School,Manual,0,2,0-1 Miles,Europe,0,35-40,9.09090909090909
M,M,0,No,Partial High School,Manual,0,2,0-1 Miles,Europe,1,29-34,9.09090909090909
S,M,0,No,High School,Manual,0,1,2-5 Miles,Europe,1,29-34,18.1818181818182
S,F,2,Si,Partial College,Clerical,1,0,1-2 Miles,Europe,1,35-40,27.2727272727273
S,M,2,Si,Partial College,Clerical,1,0,1-2 Miles,Europe,1,35-40,27.2727272727273
S,M,2,Si,Partial College,Clerical,1,1,1-2 Miles,Europe,0,35-40,27.2727272727273
S,M,2,Si,Partial College,Clerical,1,2,0-1 Miles,Europe,1,35-40,27.2727272727273
S,F,2,Si,Partial College,Clerical,1,2,1-2 Miles,Europe,0,29-34,27.2727272727273
S,M,3,Si,Partial College,Clerical,1,2,1-2 Miles,North America,0,35-40,27.2727272727273
S,M,3,Si,Partial College,Clerical,1,2,1-2 Miles,North America,0,35-40,27.2727272727273
S,F,0,No,Graduate Degree,Skilled Manual,1,0,0-1 Miles,North America,0,35-40,27.2727272727273
S,F,3,Si,Partial College,Clerical,1,2,1-2 Miles,North America,0,29-34,27.2727272727273
S,M,4,Si,Partial College,Clerical,1,1,0-1 Miles,North America,0,35-40,27.2727272727273
M,M,1,No,Graduate Degree,Skilled Manual,1,0,1-2 Miles,North America,0,65+,45.4545454545455
M,F,1,No,Bachelors,Skilled Manual,1,1,0-1 Miles,North America,0,65+,27.2727272727273
S,F,0,No,Graduate Degree,Skilled Manual,1,0,1-2 Miles,North America,0,41-45,45.4545454545455
S,M,0,No,Graduate Degree,Skilled Manual,0,0,0-1 Miles,North America,0,41-45,45.4545454545455
S,F,0,No,Graduate Degree,Skilled Manual,1,0,1-2 Miles,North America,0,41-45,45.4545454545455
S,F,0,No,Graduate Degree,Skilled Manual,1,0,1-2 Miles,North America,0,41-45,45.4545454545455
M,F,1,No,Bachelors,Skilled Manual,1,1,5-10 Miles,North America,0,51-55,18.1818181818182
M,M,1,No,Bachelors,Skilled Manual,1,1,1-2 Miles,North America,0,56-65,18.1818181818182
M,M,1,No,Bachelors,Skilled Manual,1,1,2-5 Miles,North America,0,51-55,18.1818181818182
S,F,3,No,Partial High School,Manual,1,2,1-2 Miles,North America,1,35-40,9.09090909090909
S,F,3,No,Partial High School,Manual,0,2,1-2 Miles,North America,1,46-50,9.09090909090909
M,M,1,No,High School,Clerical,1,1,2-5 Miles,North America,0,46-50,18.1818181818182
M,F,1,No,High School,Clerical,1,1,2-5 Miles,North America,1,56-65,18.1818181818182
M,F,1,No,High School,Clerical,1,1,2-5 Miles,North America,1,35-40,18.1818181818182
M,F,1,No,Partial College,Clerical,1,1,0-1 Miles,North America,0,51-55,27.2727272727273
M,M,1,No,Partial College,Clerical,1,1,0-1 Miles,North America,0,51-55,27.2727272727273
M,M,1,No,Partial College,Clerical,1,1,1-2 Miles,North America,0,51-55,27.2727272727273
M,F,1,No,Partial College,Clerical,1,1,0-1 Miles,North America,0,51-55,27.2727272727273
M,F,1,No,Partial College,Clerical,1,1,0-1 Miles,North America,0,35-40,27.2727272727273
M,M,5,No,Graduate Degree,Skilled Manual,1,0,0-1 Miles,North America,1,41-45,72.7272727272727
M,M,1,No,Partial College,Clerical,1,1,0-1 Miles,North America,1,51-55,27.2727272727273
M,F,1,No,Partial College,Clerical,1,1,1-2 Miles,North America,0,51-55,27.2727272727273
M,F,1,No,Partial College,Clerical,1,1,0-1 Miles,North America,1,51-55,27.2727272727273
M,F,1,No,Partial College,Clerical,1,1,1-2 Miles,North America,1,41-45,27.2727272727273
M,F,1,No,Partial College,Clerical,1,1,1-2 Miles,North America,0,51-55,27.2727272727273
M,F,1,No,Partial College,Clerical,1,1,1-2 Miles,North America,1,46-50,27.2727272727273
M,M,1,No,Partial College,Clerical,1,1,1-2 Miles,North America,1,51-55,27.2727272727273
M,M,1,No,Partial College,Clerical,1,1,1-2 Miles,North America,0,51-55,27.2727272727273
M,F,1,No,Partial College,Clerical,1,1,0-1 Miles,North America,1,51-55,27.2727272727273
M,F,1,No,Partial College,Clerical,1,1,1-2 Miles,North America,0,51-55,27.2727272727273
M,F,1,No,Partial College,Clerical,1,1,1-2 Miles,North America,0,46-50,27.2727272727273
S,M,4,No,Graduate Degree,Skilled Manual,1,0,1-2 Miles,North America,1,51-55,45.4545454545455
M,M,4,No,Graduate Degree,Skilled Manual,1,0,0-1 Miles,North America,1,51-55,45.4545454545455
M,M,4,No,Graduate Degree,Skilled Manual,1,0,1-2 Miles,North America,1,46-50,45.4545454545455
M,M,4,No,Graduate Degree,Skilled Manual,1,0,0-1 Miles,North America,1,51-55,45.4545454545455
S,F,4,No,Graduate Degree,Skilled Manual,0,0,0-1 Miles,North America,1,46-50,45.4545454545455
M,M,4,No,Graduate Degree,Skilled Manual,1,0,1-2 Miles,North America,1,41-45,45.4545454545455
S,M,4,No,Graduate Degree,Skilled Manual,1,0,1-2 Miles,North America,1,41-45,45.4545454545455
S,M,4,No,Graduate Degree,Skilled Manual,0,0,0-1 Miles,North America,1,46-50,45.4545454545455
S,M,1,Si,Partial College,Manual,0,0,0-1 Miles,Europe,0,35-40,9.09090909090909
M,F,1,Si,Partial College,Manual,1,1,2-5 Miles,Europe,0,41-45,9.09090909090909
M,M,1,No,Bachelors,Clerical,1,0,1-2 Miles,Europe,0,35-40,18.1818181818182
M,M,1,No,Bachelors,Clerical,1,0,0-1 Miles,Europe,0,41-45,18.1818181818182
M,F,1,Si,Bachelors,Clerical,1,0,2-5 Miles,Europe,1,41-45,18.1818181818182
M,F,0,No,Graduate Degree,Clerical,1,0,0-1 Miles,Europe,1,35-40,27.2727272727273
S,M,0,No,Graduate Degree,Clerical,1,0,0-1 Miles,Europe,1,41-45,27.2727272727273
M,F,0,No,Bachelors,Clerical,1,0,0-1 Miles,Europe,1,35-40,27.2727272727273
S,F,0,No,Bachelors,Clerical,1,0,0-1 Miles,Europe,1,35-40,27.2727272727273
S,M,3,Si,High School,Manual,1,1,0-1 Miles,Europe,0,35-40,9.09090909090909
S,M,1,Si,Partial College,Manual,0,1,1-2 Miles,Europe,0,41-45,9.09090909090909
M,F,1,Si,Partial College,Manual,1,1,2-5 Miles,Europe,0,41-45,9.09090909090909
S,F,4,No,High School,Manual,1,2,0-1 Miles,Europe,0,65+,9.09090909090909
M,F,1,No,Bachelors,Clerical,1,0,0-1 Miles,Europe,0,65+,27.2727272727273
M,M,1,Si,Partial College,Manual,1,1,2-5 Miles,Europe,0,41-45,9.09090909090909
S,F,1,Si,Bachelors,Clerical,0,0,1-2 Miles,Europe,0,41-45,18.1818181818182
S,M,1,Si,Bachelors,Clerical,0,0,0-1 Miles,Europe,0,41-45,18.1818181818182
S,M,1,Si,Bachelors,Clerical,0,1,0-1 Miles,Europe,0,35-40,18.1818181818182
S,F,1,Si,Bachelors,Clerical,0,1,1-2 Miles,Europe,0,35-40,18.1818181818182
S,F,5,Si,Partial High School,Manual,1,2,0-1 Miles,Europe,1,41-45,9.09090909090909
M,M,1,Si,High School,Manual,1,1,2-5 Miles,Europe,0,41-45,9.09090909090909
S,M,1,Si,High School,Manual,0,1,2-5 Miles,Europe,0,41-45,9.09090909090909
S,M,1,Si,High School,Manual,0,2,0-1 Miles,Europe,1,41-45,9.09090909090909
S,M,2,Si,High School,Manual,1,0,0-1 Miles,Europe,0,41-45,9.09090909090909
M,F,0,No,Bachelors,Clerical,1,0,0-1 Miles,Europe,0,41-45,27.2727272727273
M,F,0,No,Bachelors,Clerical,1,0,0-1 Miles,Europe,0,35-40,27.2727272727273
S,F,2,Si,High School,Manual,1,0,0-1 Miles,Europe,1,41-45,9.09090909090909
M,M,1,Si,Bachelors,Clerical,1,1,2-5 Miles,Europe,0,35-40,18.1818181818182
M,F,1,Si,Bachelors,Skilled Manual,1,2,0-1 Miles,Europe,1,41-45,18.1818181818182
M,M,1,Si,Bachelors,Skilled Manual,1,2,0-1 Miles,Europe,1,41-45,18.1818181818182
M,M,1,Si,Bachelors,Skilled Manual,1,2,0-1 Miles,Europe,1,35-40,18.1818181818182
S,F,2,Si,High School,Manual,1,1,0-1 Miles,Europe,0,35-40,9.09090909090909
S,F,2,Si,High School,Manual,1,1,0-1 Miles,Europe,0,41-45,9.09090909090909
S,M,2,Si,High School,Manual,1,2,0-1 Miles,Europe,1,41-45,9.09090909090909
M,M,1,Si,Bachelors,Skilled Manual,1,2,0-1 Miles,Europe,1,41-45,18.1818181818182
M,F,1,Si,Bachelors,Skilled Manual,1,2,0-1 Miles,Europe,1,41-45,18.1818181818182
S,F,3,Si,Partial High School,Manual,1,2,0-1 Miles,Europe,1,41-45,9.09090909090909
S,M,3,Si,High School,Manual,1,1,0-1 Miles,Europe,0,29-34,9.09090909090909
M,M,1,No,Bachelors,Skilled Manual,1,1,2-5 Miles,Europe,0,65+,18.1818181818182
M,F,0,No,Bachelors,Professional,1,0,0-1 Miles,Europe,0,41-45,27.2727272727273
S,F,2,Si,Partial College,Clerical,1,0,0-1 Miles,Europe,1,41-45,18.1818181818182
S,F,2,Si,Partial College,Clerical,1,0,0-1 Miles,Europe,1,41-45,18.1818181818182
M,M,1,No,Bachelors,Skilled Manual,1,0,0-1 Miles,Europe,0,41-45,27.2727272727273
M,F,1,No,Bachelors,Skilled Manual,1,0,0-1 Miles,Europe,0,35-40,27.2727272727273
M,M,1,No,Bachelors,Skilled Manual,1,0,0-1 Miles,Europe,0,41-45,27.2727272727273
S,M,2,Si,Partial College,Clerical,1,2,0-1 Miles,Europe,1,35-40,18.1818181818182
M,F,2,Si,Partial College,Clerical,0,2,0-1 Miles,Europe,1,41-45,18.1818181818182
M,F,1,No,Bachelors,Skilled Manual,1,0,0-1 Miles,Europe,0,35-40,27.2727272727273
S,F,2,Si,Partial College,Clerical,1,2,0-1 Miles,Europe,1,35-40,18.1818181818182
S,F,3,Si,Partial College,Clerical,1,0,0-1 Miles,Europe,1,46-50,18.1818181818182
S,M,0,No,High School,Manual,0,1,2-5 Miles,Europe,1,29-34,9.09090909090909
S,M,0,No,High School,Manual,1,1,2-5 Miles,Europe,1,29-34,9.09090909090909
S,M,4,Si,High School,Manual,1,2,0-1 Miles,Europe,0,29-34,9.09090909090909
S,M,5,Si,High School,Manual,1,3,0-1 Miles,Europe,0,29-34,9.09090909090909
M,M,1,No,Bachelors,Skilled Manual,1,0,0-1 Miles,Europe,0,46-50,27.2727272727273
S,F,3,Si,Partial College,Clerical,1,2,0-1 Miles,Europe,0,29-34,18.1818181818182
S,F,3,Si,Partial College,Clerical,1,3,0-1 Miles,Europe,1,29-34,18.1818181818182
S,F,0,No,High School,Manual,0,1,1-2 Miles,Europe,1,29-34,9.09090909090909
S,F,0,No,Partial College,Clerical,0,1,2-5 Miles,Europe,0,29-34,18.1818181818182
S,M,0,No,Partial College,Clerical,1,1,2-5 Miles,Europe,1,29-34,18.1818181818182
S,M,0,No,Partial College,Clerical,0,1,2-5 Miles,Europe,0,29-34,18.1818181818182
S,M,0,No,Partial College,Clerical,0,1,0-1 Miles,Europe,1,29-34,18.1818181818182
S,M,0,No,Partial College,Clerical,1,1,2-5 Miles,Europe,1,29-34,18.1818181818182
S,F,0,No,High School,Manual,0,1,1-2 Miles,Europe,1,29-34,9.09090909090909
S,F,0,No,Partial High School,Manual,0,2,0-1 Miles,Europe,1,29-34,9.09090909090909
S,M,0,No,High School,Manual,1,1,2-5 Miles,Europe,1,29-34,9.09090909090909
S,M,0,No,High School,Manual,0,1,5-10 Miles,Europe,0,29-34,9.09090909090909
S,M,0,No,Partial College,Clerical,0,1,0-1 Miles,Europe,1,29-34,18.1818181818182
S,M,0,No,Partial College,Clerical,0,1,0-1 Miles,Europe,1,29-34,18.1818181818182
M,M,0,No,Partial High School,Manual,0,1,2-5 Miles,Europe,1,29-34,9.09090909090909
S,M,0,No,Partial High School,Manual,0,2,0-1 Miles,Europe,1,29-34,9.09090909090909
S,F,0,No,Partial College,Clerical,0,1,0-1 Miles,Europe,1,29-34,18.1818181818182
S,F,0,No,Partial College,Clerical,0,1,2-5 Miles,Europe,1,29-34,18.1818181818182
M,M,1,Si,Bachelors,Skilled Manual,1,0,1-2 Miles,Europe,1,29-34,27.2727272727273
M,F,1,Si,Bachelors,Skilled Manual,1,0,1-2 Miles,Europe,1,35-40,27.2727272727273
S,M,4,No,Graduate Degree,Skilled Manual,0,0,0-1 Miles,North America,1,46-50,45.4545454545455
M,M,4,No,Graduate Degree,Skilled Manual,1,0,1-2 Miles,North America,1,46-50,45.4545454545455
S,F,0,No,Graduate Degree,Skilled Manual,1,0,1-2 Miles,North America,0,35-40,45.4545454545455
S,F,0,No,Graduate Degree,Skilled Manual,1,0,0-1 Miles,North America,0,35-40,45.4545454545455
S,F,0,No,Graduate Degree,Skilled Manual,0,0,0-1 Miles,North America,0,35-40,45.4545454545455
M,M,0,No,Graduate Degree,Skilled Manual,1,0,0-1 Miles,North America,0,35-40,45.4545454545455
S,F,1,No,Graduate Degree,Skilled Manual,1,0,1-2 Miles,North America,1,35-40,45.4545454545455
S,M,1,No,Graduate Degree,Skilled Manual,1,0,1-2 Miles,North America,1,29-34,45.4545454545455
M,M,1,No,Graduate Degree,Skilled Manual,1,0,1-2 Miles,North America,1,35-40,45.4545454545455
M,F,1,No,Graduate Degree,Skilled Manual,1,0,0-1 Miles,North America,1,35-40,45.4545454545455
M,M,1,No,Graduate Degree,Skilled Manual,1,0,0-1 Miles,North America,0,35-40,45.4545454545455
S,F,1,No,Graduate Degree,Skilled Manual,1,0,1-2 Miles,North America,1,35-40,27.2727272727273
S,M,4,Si,High School,Skilled Manual,1,3,10+ Miles,North America,1,35-40,27.2727272727273
M,F,1,No,Graduate Degree,Skilled Manual,1,0,0-1 Miles,North America,1,35-40,45.4545454545455
M,M,1,Si,Graduate Degree,Skilled Manual,1,0,0-1 Miles,North America,0,35-40,45.4545454545455
M,F,1,Si,Graduate Degree,Skilled Manual,1,0,1-2 Miles,North America,0,29-34,45.4545454545455
M,M,1,Si,Bachelors,Skilled Manual,1,0,0-1 Miles,North America,0,35-40,27.2727272727273
M,M,1,No,Graduate Degree,Skilled Manual,1,0,2-5 Miles,North America,0,35-40,45.4545454545455
M,M,1,No,Graduate Degree,Skilled Manual,1,0,2-5 Miles,North America,0,29-34,45.4545454545455
S,F,1,No,Graduate Degree,Professional,1,0,2-5 Miles,North America,0,35-40,45.4545454545455
M,F,1,No,Graduate Degree,Professional,1,0,2-5 Miles,North America,0,29-34,63.6363636363636
M,M,1,No,Graduate Degree,Professional,1,0,0-1 Miles,North America,0,35-40,63.6363636363636
M,F,1,No,Graduate Degree,Professional,1,0,2-5 Miles,North America,0,35-40,63.6363636363636
M,F,1,Si,Bachelors,Skilled Manual,1,0,2-5 Miles,North America,0,35-40,45.4545454545455
M,M,1,Si,Bachelors,Skilled Manual,1,0,0-1 Miles,North America,0,35-40,45.4545454545455
M,F,1,Si,Bachelors,Skilled Manual,1,1,2-5 Miles,North America,0,35-40,45.4545454545455
M,F,1,Si,Bachelors,Skilled Manual,1,1,2-5 Miles,North America,0,35-40,45.4545454545455
S,M,2,Si,Bachelors,Skilled Manual,1,0,2-5 Miles,North America,0,35-40,27.2727272727273
S,F,2,Si,Bachelors,Skilled Manual,1,0,2-5 Miles,North America,0,35-40,27.2727272727273
S,F,2,Si,Bachelors,Skilled Manual,1,0,2-5 Miles,North America,0,35-40,27.2727272727273
S,M,2,Si,Bachelors,Skilled Manual,0,0,0-1 Miles,North America,1,35-40,27.2727272727273
S,M,1,No,Graduate Degree,Professional,1,0,2-5 Miles,North America,0,35-40,45.4545454545455
M,M,1,No,Graduate Degree,Professional,1,0,2-5 Miles,North America,0,35-40,45.4545454545455
M,M,1,No,Graduate Degree,Professional,1,0,0-1 Miles,North America,0,35-40,45.4545454545455
M,F,1,No,Graduate Degree,Professional,1,0,2-5 Miles,North America,0,29-34,45.4545454545455
M,M,1,No,Graduate Degree,Professional,1,0,0-1 Miles,North America,0,29-34,45.4545454545455
S,F,1,No,Graduate Degree,Professional,1,0,2-5 Miles,North America,0,29-34,45.4545454545455
M,F,1,No,Graduate Degree,Professional,1,0,2-5 Miles,North America,1,35-40,45.4545454545455
S,F,2,No,Graduate Degree,Professional,1,0,2-5 Miles,North America,0,29-34,63.6363636363636
M,F,3,No,Graduate Degree,Professional,1,0,2-5 Miles,North America,0,35-40,63.6363636363636
M,F,3,No,Graduate Degree,Professional,1,0,2-5 Miles,North America,0,35-40,63.6363636363636
M,M,1,No,Graduate Degree,Professional,1,0,0-1 Miles,North America,0,29-34,45.4545454545455
S,M,1,No,Graduate Degree,Professional,1,0,2-5 Miles,North America,0,35-40,45.4545454545455
M,F,1,No,Graduate Degree,Professional,1,0,2-5 Miles,North America,0,35-40,45.4545454545455
S,M,1,No,Graduate Degree,Professional,1,0,2-5 Miles,North America,0,29-34,45.4545454545455
S,M,2,No,Graduate Degree,Professional,1,0,2-5 Miles,North America,0,35-40,45.4545454545455
M,M,4,No,Graduate Degree,Professional,1,0,0-1 Miles,North America,1,35-40,63.6363636363636
S,F,4,No,Graduate Degree,Professional,1,0,2-5 Miles,North America,1,35-40,63.6363636363636
M,F,4,No,Graduate Degree,Professional,1,0,2-5 Miles,North America,1,35-40,63.6363636363636
M,M,2,No,Graduate Degree,Professional,1,0,0-1 Miles,North America,1,29-34,72.7272727272727
M,M,2,Si,Bachelors,Skilled Manual,1,1,2-5 Miles,North America,0,41-45,63.6363636363636
S,F,2,Si,Bachelors,Skilled Manual,1,1,2-5 Miles,North America,0,29-34,63.6363636363636
S,F,2,Si,Bachelors,Skilled Manual,1,1,2-5 Miles,North America,0,35-40,63.6363636363636
S,F,2,Si,Bachelors,Skilled Manual,1,1,2-5 Miles,North America,0,41-45,63.6363636363636
S,F,3,Si,Bachelors,Skilled Manual,0,0,0-1 Miles,North America,1,41-45,45.4545454545455
M,M,3,Si,Bachelors,Skilled Manual,1,1,2-5 Miles,North America,0,41-45,45.4545454545455
S,F,3,Si,Bachelors,Skilled Manual,1,1,0-1 Miles,North America,0,35-40,45.4545454545455
M,F,0,No,Graduate Degree,Professional,1,0,2-5 Miles,North America,0,41-45,45.4545454545455
S,M,4,No,Graduate Degree,Professional,1,0,2-5 Miles,North America,1,35-40,63.6363636363636
M,M,0,No,Graduate Degree,Professional,1,0,0-1 Miles,North America,0,41-45,72.7272727272727
S,M,2,No,Graduate Degree,Professional,1,0,2-5 Miles,North America,0,29-34,45.4545454545455
M,M,5,No,Graduate Degree,Professional,1,0,2-5 Miles,North America,1,41-45,63.6363636363636
M,M,5,Si,Graduate Degree,Professional,1,2,2-5 Miles,North America,0,35-40,63.6363636363636
M,F,5,Si,Graduate Degree,Professional,1,2,0-1 Miles,North America,0,35-40,63.6363636363636
M,F,5,Si,Graduate Degree,Professional,1,2,2-5 Miles,North America,0,35-40,63.6363636363636
M,F,5,Si,Graduate Degree,Professional,0,2,0-1 Miles,North America,0,35-40,63.6363636363636
M,M,2,No,Graduate Degree,Professional,1,0,0-1 Miles,North America,1,41-45,72.7272727272727
S,M,0,No,Bachelors,Professional,0,1,2-5 Miles,North America,0,41-45,27.2727272727273
M,M,0,No,Bachelors,Professional,0,1,0-1 Miles,North America,0,41-45,27.2727272727273
S,M,0,No,Bachelors,Professional,0,1,2-5 Miles,North America,0,35-40,27.2727272727273
S,M,0,No,Bachelors,Professional,0,1,0-1 Miles,North America,0,35-40,27.2727272727273
S,F,3,Si,Bachelors,Skilled Manual,1,2,2-5 Miles,North America,1,35-40,72.7272727272727
M,M,3,Si,Bachelors,Skilled Manual,1,2,2-5 Miles,North America,0,41-45,72.7272727272727
M,F,0,No,Graduate Degree,Professional,1,0,2-5 Miles,North America,1,35-40,45.4545454545455
S,F,0,No,Bachelors,Professional,0,1,2-5 Miles,North America,0,35-40,27.2727272727273
M,M,0,No,Bachelors,Professional,0,1,0-1 Miles,North America,0,41-45,27.2727272727273
S,F,4,Si,Bachelors,Skilled Manual,0,2,0-1 Miles,North America,1,35-40,45.4545454545455
M,M,4,Si,Bachelors,Skilled Manual,1,4,10+ Miles,North America,0,46-50,45.4545454545455
M,M,5,Si,Bachelors,Skilled Manual,1,3,5-10 Miles,North America,0,46-50,45.4545454545455
S,F,5,Si,Bachelors,Skilled Manual,1,3,5-10 Miles,North America,1,35-40,45.4545454545455
M,M,4,Si,Bachelors,Skilled Manual,1,2,0-1 Miles,North America,0,35-40,45.4545454545455
M,M,4,Si,Bachelors,Skilled Manual,1,2,2-5 Miles,North America,0,35-40,45.4545454545455
S,M,4,Si,Bachelors,Skilled Manual,0,2,0-1 Miles,North America,0,46-50,45.4545454545455
S,M,4,Si,Bachelors,Professional,0,2,0-1 Miles,North America,0,46-50,45.4545454545455
M,M,4,Si,Bachelors,Professional,1,2,2-5 Miles,North America,0,29-34,45.4545454545455
S,F,4,Si,Bachelors,Professional,1,2,0-1 Miles,North America,0,35-40,45.4545454545455
S,F,0,No,Bachelors,Professional,0,1,0-1 Miles,North America,0,41-45,45.4545454545455
S,M,0,No,Bachelors,Professional,0,1,2-5 Miles,North America,0,41-45,45.4545454545455
S,F,2,Si,Graduate Degree,Professional,1,0,2-5 Miles,North America,1,35-40,45.4545454545455
M,M,4,Si,Bachelors,Professional,1,2,2-5 Miles,North America,0,46-50,45.4545454545455
S,F,4,Si,Bachelors,Professional,1,3,0-1 Miles,North America,1,46-50,45.4545454545455
S,F,4,Si,Bachelors,Professional,1,3,2-5 Miles,North America,1,41-45,45.4545454545455
S,F,3,Si,Graduate Degree,Professional,0,0,0-1 Miles,North America,0,46-50,45.4545454545455
M,F,3,Si,High School,Skilled Manual,1,2,2-5 Miles,North America,0,46-50,27.2727272727273
S,M,1,No,Bachelors,Professional,0,1,0-1 Miles,North America,0,41-45,63.6363636363636
M,F,1,No,Partial College,Skilled Manual,1,1,2-5 Miles,North America,0,46-50,63.6363636363636
M,M,1,No,Partial College,Skilled Manual,1,1,0-1 Miles,North America,0,46-50,63.6363636363636
M,F,1,No,Partial College,Skilled Manual,1,1,2-5 Miles,North America,0,46-50,63.6363636363636
M,F,1,No,Partial College,Skilled Manual,1,1,2-5 Miles,North America,0,46-50,63.6363636363636
S,M,4,Si,High School,Skilled Manual,1,2,2-5 Miles,North America,0,46-50,27.2727272727273
M,M,1,No,Partial College,Skilled Manual,0,1,0-1 Miles,North America,0,41-45,45.4545454545455
M,F,1,No,Partial College,Skilled Manual,1,1,0-1 Miles,North America,0,41-45,45.4545454545455
M,M,4,Si,High School,Skilled Manual,1,2,2-5 Miles,North America,0,41-45,27.2727272727273
M,F,4,Si,High School,Skilled Manual,1,2,2-5 Miles,North America,0,46-50,27.2727272727273
M,F,4,Si,High School,Skilled Manual,1,2,0-1 Miles,North America,0,41-45,27.2727272727273
M,M,1,No,Partial College,Skilled Manual,1,1,0-1 Miles,North America,0,46-50,45.4545454545455
S,M,0,No,Partial College,Skilled Manual,0,1,2-5 Miles,North America,0,41-45,63.6363636363636
S,M,0,No,Partial College,Skilled Manual,0,1,2-5 Miles,North America,0,41-45,63.6363636363636
S,M,0,No,Partial College,Skilled Manual,0,1,0-1 Miles,North America,0,41-45,63.6363636363636
S,M,0,No,Partial College,Skilled Manual,0,1,2-5 Miles,North America,0,41-45,63.6363636363636
S,M,0,No,Graduate Degree,Professional,0,1,0-1 Miles,North America,1,41-45,45.4545454545455
M,M,1,No,Partial College,Skilled Manual,1,1,2-5 Miles,North America,0,46-50,45.4545454545455
M,M,1,No,Partial College,Skilled Manual,1,1,2-5 Miles,North America,0,41-45,45.4545454545455
M,F,1,No,Partial College,Skilled Manual,1,1,2-5 Miles,North America,0,46-50,45.4545454545455
M,F,1,No,Partial College,Skilled Manual,1,1,2-5 Miles,North America,0,46-50,45.4545454545455
M,M,1,No,Partial College,Skilled Manual,1,1,2-5 Miles,North America,0,41-45,45.4545454545455
M,F,1,No,Partial College,Skilled Manual,1,1,2-5 Miles,North America,0,41-45,45.4545454545455
M,M,1,No,Partial College,Skilled Manual,0,1,0-1 Miles,North America,0,41-45,45.4545454545455
M,F,1,No,Partial College,Skilled Manual,1,1,0-1 Miles,North America,0,51-55,45.4545454545455
M,M,1,No,Partial College,Skilled Manual,0,1,0-1 Miles,North America,0,41-45,45.4545454545455
M,F,4,Si,Bachelors,Professional,1,0,2-5 Miles,North America,0,41-45,45.4545454545455
M,M,4,Si,Bachelors,Professional,1,0,2-5 Miles,North America,0,41-45,45.4545454545455
M,M,2,No,Graduate Degree,Professional,1,1,0-1 Miles,North America,1,46-50,63.6363636363636
M,F,5,Si,Graduate Degree,Professional,0,3,10+ Miles,North America,0,46-50,63.6363636363636
M,F,4,No,Graduate Degree,Professional,1,0,0-1 Miles,North America,1,46-50,72.7272727272727
S,M,3,Si,Bachelors,Professional,0,1,0-1 Miles,North America,1,51-55,45.4545454545455
M,M,1,No,Bachelors,Professional,1,1,0-1 Miles,North America,1,41-45,45.4545454545455
M,F,1,No,Bachelors,Professional,1,1,2-5 Miles,North America,0,51-55,45.4545454545455
M,F,1,No,Bachelors,Professional,1,1,0-1 Miles,North America,1,51-55,45.4545454545455
S,M,1,No,Bachelors,Professional,1,1,2-5 Miles,North America,0,51-55,45.4545454545455
M,F,5,Si,Graduate Degree,Professional,1,1,2-5 Miles,North America,0,51-55,63.6363636363636
M,M,5,Si,Graduate Degree,Professional,1,1,0-1 Miles,North America,0,51-55,63.6363636363636
M,M,4,Si,Graduate Degree,Management,0,1,0-1 Miles,Pacific,0,35-40,72.7272727272727
M,F,2,Si,Bachelors,Professional,1,1,0-1 Miles,Pacific,1,29-34,45.4545454545455
M,F,4,Si,Graduate Degree,Management,1,1,0-1 Miles,Pacific,1,35-40,72.7272727272727
M,F,4,Si,Graduate Degree,Management,1,1,0-1 Miles,Pacific,0,29-34,72.7272727272727
M,F,4,Si,Graduate Degree,Management,1,1,0-1 Miles,Pacific,0,35-40,72.7272727272727
M,F,2,No,Bachelors,Professional,1,0,0-1 Miles,Pacific,1,35-40,81.8181818181818
M,M,2,Si,Bachelors,Professional,1,1,2-5 Miles,Pacific,0,41-45,45.4545454545455
S,F,2,Si,Bachelors,Professional,0,1,0-1 Miles,Pacific,1,41-45,45.4545454545455
M,M,5,Si,Bachelors,Professional,1,3,10+ Miles,Pacific,0,35-40,63.6363636363636
M,M,5,Si,Bachelors,Professional,1,3,10+ Miles,Pacific,0,35-40,63.6363636363636
M,F,1,No,Graduate Degree,Management,0,1,0-1 Miles,Pacific,1,29-34,90.9090909090909
M,F,5,Si,Bachelors,Professional,1,4,10+ Miles,Pacific,0,41-45,63.6363636363636
S,M,5,Si,Bachelors,Professional,1,4,10+ Miles,Pacific,1,41-45,63.6363636363636
M,M,5,Si,Bachelors,Professional,1,4,10+ Miles,Pacific,1,29-34,63.6363636363636
M,M,5,Si,Graduate Degree,Management,1,2,0-1 Miles,Pacific,0,41-45,72.7272727272727
S,F,5,Si,Graduate Degree,Management,1,3,0-1 Miles,Pacific,1,41-45,72.7272727272727
M,M,5,Si,Bachelors,Professional,1,3,0-1 Miles,Pacific,1,29-34,72.7272727272727
S,F,0,No,Bachelors,Professional,0,0,2-5 Miles,Pacific,1,41-45,81.8181818181818
S,F,0,No,Bachelors,Professional,0,0,2-5 Miles,Pacific,1,35-40,81.8181818181818
M,M,2,No,Bachelors,Professional,1,0,1-2 Miles,Pacific,1,29-34,81.8181818181818
S,F,0,No,Graduate Degree,Skilled Manual,1,0,0-1 Miles,North America,0,35-40,45.4545454545455
S,M,0,No,Graduate Degree,Skilled Manual,0,0,1-2 Miles,North America,0,35-40,45.4545454545455
S,M,0,No,Graduate Degree,Skilled Manual,0,0,1-2 Miles,North America,0,35-40,45.4545454545455
M,M,1,No,Graduate Degree,Skilled Manual,1,0,1-2 Miles,North America,1,29-34,45.4545454545455
S,M,1,No,Graduate Degree,Skilled Manual,1,0,1-2 Miles,North America,1,35-40,45.4545454545455
M,F,1,No,Graduate Degree,Skilled Manual,1,0,0-1 Miles,North America,1,35-40,45.4545454545455
S,F,1,No,Graduate Degree,Skilled Manual,1,0,0-1 Miles,North America,1,35-40,45.4545454545455
M,M,1,No,Graduate Degree,Skilled Manual,1,0,1-2 Miles,North America,1,35-40,45.4545454545455
S,F,1,No,Graduate Degree,Skilled Manual,1,0,0-1 Miles,North America,1,35-40,27.2727272727273
S,F,1,No,Graduate Degree,Skilled Manual,1,0,0-1 Miles,North America,1,35-40,45.4545454545455
S,F,1,No,Graduate Degree,Skilled Manual,1,0,1-2 Miles,North America,1,35-40,45.4545454545455
S,F,1,No,Graduate Degree,Skilled Manual,1,0,0-1 Miles,North America,1,35-40,45.4545454545455
M,M,1,Si,Graduate Degree,Skilled Manual,1,0,0-1 Miles,North America,0,35-40,45.4545454545455
M,F,1,Si,Graduate Degree,Skilled Manual,1,0,0-1 Miles,North America,0,29-34,45.4545454545455
M,F,1,Si,Graduate Degree,Skilled Manual,1,0,0-1 Miles,North America,0,29-34,45.4545454545455
M,M,1,Si,Graduate Degree,Skilled Manual,1,0,0-1 Miles,North America,0,35-40,27.2727272727273
M,M,1,Si,Bachelors,Skilled Manual,1,0,0-1 Miles,North America,0,29-34,27.2727272727273
S,M,1,No,Graduate Degree,Skilled Manual,1,0,2-5 Miles,North America,0,35-40,45.4545454545455
M,M,1,No,Graduate Degree,Skilled Manual,1,0,2-5 Miles,North America,0,35-40,45.4545454545455
S,F,1,No,Graduate Degree,Professional,1,0,2-5 Miles,North America,0,35-40,63.6363636363636
M,F,1,Si,Bachelors,Skilled Manual,1,0,2-5 Miles,North America,0,29-34,45.4545454545455
M,M,1,Si,Bachelors,Skilled Manual,1,0,2-5 Miles,North America,0,29-34,45.4545454545455
M,M,1,No,Graduate Degree,Professional,1,0,0-1 Miles,North America,0,35-40,45.4545454545455
M,F,1,Si,Bachelors,Skilled Manual,1,1,0-1 Miles,North America,0,35-40,27.2727272727273
M,M,1,Si,Bachelors,Skilled Manual,1,1,2-5 Miles,North America,0,35-40,27.2727272727273
S,F,2,Si,Bachelors,Skilled Manual,1,0,2-5 Miles,North America,0,35-40,27.2727272727273
S,F,2,Si,Bachelors,Skilled Manual,1,0,2-5 Miles,North America,0,41-45,27.2727272727273
S,F,2,Si,Bachelors,Skilled Manual,0,0,0-1 Miles,North America,1,29-34,27.2727272727273
S,M,2,Si,Bachelors,Skilled Manual,1,0,2-5 Miles,North America,1,35-40,27.2727272727273
M,M,2,Si,Bachelors,Skilled Manual,1,0,2-5 Miles,North America,1,41-45,27.2727272727273
M,M,2,Si,Bachelors,Skilled Manual,1,0,0-1 Miles,North America,1,35-40,27.2727272727273
M,F,1,No,Graduate Degree,Professional,1,0,2-5 Miles,North America,0,35-40,45.4545454545455
M,M,1,No,Graduate Degree,Professional,1,0,2-5 Miles,North America,0,35-40,45.4545454545455
M,F,1,No,Graduate Degree,Professional,1,0,0-1 Miles,North America,0,35-40,45.4545454545455
S,F,1,No,Graduate Degree,Professional,1,0,2-5 Miles,North America,0,35-40,45.4545454545455
M,F,1,No,Graduate Degree,Professional,1,0,0-1 Miles,North America,0,35-40,45.4545454545455
M,M,2,No,Graduate Degree,Professional,1,0,0-1 Miles,North America,0,35-40,63.6363636363636
M,F,2,No,Graduate Degree,Professional,1,0,0-1 Miles,North America,0,29-34,63.6363636363636
M,M,3,No,Graduate Degree,Professional,1,0,2-5 Miles,North America,0,35-40,63.6363636363636
M,M,1,No,Graduate Degree,Professional,1,0,2-5 Miles,North America,0,35-40,45.4545454545455
M,M,2,Si,Bachelors,Skilled Manual,1,0,0-1 Miles,North America,1,41-45,45.4545454545455
S,M,0,No,Bachelors,Professional,0,1,2-5 Miles,North America,1,35-40,27.2727272727273
S,F,0,No,Bachelors,Professional,1,1,2-5 Miles,North America,1,35-40,27.2727272727273
M,M,0,No,Bachelors,Professional,0,1,0-1 Miles,North America,1,41-45,27.2727272727273
M,F,0,No,Bachelors,Professional,0,1,0-1 Miles,North America,1,41-45,27.2727272727273
M,M,2,No,Graduate Degree,Professional,1,0,0-1 Miles,North America,0,35-40,45.4545454545455
M,F,3,No,Graduate Degree,Professional,1,0,0-1 Miles,North America,1,29-34,63.6363636363636
M,M,4,No,Graduate Degree,Professional,1,0,2-5 Miles,North America,1,29-34,63.6363636363636
S,F,4,No,Graduate Degree,Professional,1,0,2-5 Miles,North America,1,29-34,63.6363636363636
M,M,4,No,Graduate Degree,Professional,1,0,2-5 Miles,North America,1,35-40,63.6363636363636
M,M,2,Si,Bachelors,Skilled Manual,1,1,0-1 Miles,North America,0,41-45,63.6363636363636
M,F,0,No,Graduate Degree,Professional,1,0,0-1 Miles,North America,0,35-40,45.4545454545455
M,M,0,No,Graduate Degree,Professional,1,0,2-5 Miles,North America,0,41-45,45.4545454545455
M,F,0,No,Graduate Degree,Professional,1,0,2-5 Miles,North America,0,41-45,45.4545454545455
M,F,0,No,Graduate Degree,Professional,1,0,2-5 Miles,North America,0,35-40,63.6363636363636
M,F,4,No,Graduate Degree,Professional,1,0,2-5 Miles,North America,0,35-40,63.6363636363636
S,F,5,No,Graduate Degree,Professional,1,0,2-5 Miles,North America,1,41-45,63.6363636363636
M,F,5,No,Graduate Degree,Professional,1,0,0-1 Miles,North America,1,41-45,63.6363636363636
M,F,2,No,Graduate Degree,Professional,1,0,2-5 Miles,North America,0,35-40,45.4545454545455
M,F,5,Si,Graduate Degree,Professional,1,2,0-1 Miles,North America,0,35-40,63.6363636363636
M,F,5,Si,Graduate Degree,Professional,1,2,0-1 Miles,North America,0,35-40,63.6363636363636
M,F,3,No,Graduate Degree,Professional,1,0,0-1 Miles,North America,1,41-45,72.7272727272727
M,M,3,No,Graduate Degree,Professional,1,0,0-1 Miles,North America,1,35-40,72.7272727272727
S,F,0,No,Bachelors,Professional,0,1,2-5 Miles,North America,0,35-40,27.2727272727273
M,M,3,Si,Bachelors,Skilled Manual,1,1,2-5 Miles,North America,0,29-34,72.7272727272727
S,M,3,Si,Bachelors,Skilled Manual,0,1,0-1 Miles,North America,1,29-34,72.7272727272727
S,M,3,Si,Bachelors,Skilled Manual,1,2,2-5 Miles,North America,1,41-45,72.7272727272727
M,M,3,Si,Bachelors,Skilled Manual,1,2,0-1 Miles,North America,0,41-45,72.7272727272727
S,F,3,Si,Bachelors,Skilled Manual,1,2,2-5 Miles,North America,1,35-40,72.7272727272727
S,M,3,Si,Bachelors,Skilled Manual,0,2,0-1 Miles,North America,0,41-45,72.7272727272727
S,M,0,No,Graduate Degree,Professional,1,1,2-5 Miles,North America,1,35-40,45.4545454545455
M,M,0,No,Graduate Degree,Professional,1,1,2-5 Miles,North America,0,35-40,45.4545454545455
M,M,0,No,Bachelors,Professional,0,1,0-1 Miles,North America,0,46-50,27.2727272727273
S,M,4,Si,Bachelors,Skilled Manual,1,3,10+ Miles,North America,0,41-45,45.4545454545455
S,F,4,Si,Bachelors,Skilled Manual,0,3,10+ Miles,North America,0,35-40,45.4545454545455
S,F,4,Si,Bachelors,Skilled Manual,1,3,10+ Miles,North America,0,41-45,45.4545454545455
S,F,2,No,High School,Skilled Manual,0,2,0-1 Miles,North America,0,65+,18.1818181818182
S,F,4,Si,Bachelors,Skilled Manual,1,2,2-5 Miles,North America,0,41-45,45.4545454545455
S,F,4,Si,Bachelors,Skilled Manual,0,2,0-1 Miles,North America,0,41-45,45.4545454545455
M,M,4,Si,Bachelors,Skilled Manual,1,2,2-5 Miles,North America,0,35-40,45.4545454545455
S,F,4,Si,Bachelors,Skilled Manual,1,2,2-5 Miles,North America,0,41-45,45.4545454545455
S,F,4,Si,Bachelors,Skilled Manual,1,2,2-5 Miles,North America,0,35-40,45.4545454545455
S,F,4,Si,Bachelors,Professional,1,2,2-5 Miles,North America,0,46-50,45.4545454545455
S,M,4,Si,Bachelors,Professional,0,2,0-1 Miles,North America,0,46-50,45.4545454545455
S,F,0,No,Bachelors,Professional,1,1,2-5 Miles,North America,0,35-40,45.4545454545455
S,M,2,Si,Graduate Degree,Professional,0,0,0-1 Miles,North America,1,41-45,45.4545454545455
M,M,4,Si,Bachelors,Professional,1,4,2-5 Miles,North America,0,41-45,45.4545454545455
M,M,3,Si,Graduate Degree,Professional,1,0,0-1 Miles,North America,0,46-50,45.4545454545455
S,F,3,Si,Graduate Degree,Professional,0,0,0-1 Miles,North America,0,41-45,45.4545454545455
M,M,3,Si,High School,Skilled Manual,1,2,2-5 Miles,North America,0,46-50,27.2727272727273
M,M,1,No,Partial College,Skilled Manual,1,1,2-5 Miles,North America,0,46-50,63.6363636363636
M,F,1,No,Partial College,Skilled Manual,1,1,2-5 Miles,North America,0,46-50,63.6363636363636
M,F,1,No,Partial College,Skilled Manual,1,1,0-1 Miles,North America,0,46-50,63.6363636363636
S,F,4,Si,High School,Skilled Manual,1,2,2-5 Miles,North America,0,41-45,27.2727272727273
M,F,1,No,Partial College,Skilled Manual,1,1,2-5 Miles,North America,0,46-50,45.4545454545455
M,F,1,No,Partial College,Skilled Manual,1,1,2-5 Miles,North America,0,46-50,45.4545454545455
M,F,1,No,Partial College,Skilled Manual,1,1,2-5 Miles,North America,0,46-50,45.4545454545455
M,M,1,No,Partial College,Skilled Manual,0,1,0-1 Miles,North America,0,46-50,45.4545454545455
M,M,4,Si,High School,Skilled Manual,1,2,2-5 Miles,North America,0,41-45,27.2727272727273
S,F,0,No,Partial College,Skilled Manual,1,1,2-5 Miles,North America,0,41-45,63.6363636363636
S,F,0,No,Partial College,Skilled Manual,0,1,0-1 Miles,North America,0,29-34,63.6363636363636
S,F,0,No,Partial College,Skilled Manual,0,1,0-1 Miles,North America,0,35-40,63.6363636363636
S,M,0,No,Partial College,Skilled Manual,0,1,2-5 Miles,North America,0,35-40,63.6363636363636
S,F,0,No,Graduate Degree,Professional,0,1,0-1 Miles,North America,1,35-40,45.4545454545455
M,M,0,No,Graduate Degree,Professional,0,1,0-1 Miles,North America,1,41-45,45.4545454545455
S,M,0,No,Bachelors,Professional,0,1,2-5 Miles,North America,0,35-40,45.4545454545455
M,M,1,No,Partial College,Skilled Manual,0,1,0-1 Miles,North America,0,46-50,45.4545454545455
M,F,1,No,Partial College,Skilled Manual,1,1,2-5 Miles,North America,0,46-50,45.4545454545455
M,F,1,No,Partial College,Skilled Manual,1,1,2-5 Miles,North America,0,46-50,45.4545454545455
M,F,1,No,Partial College,Skilled Manual,1,1,2-5 Miles,North America,0,41-45,45.4545454545455
M,M,1,No,Partial College,Skilled Manual,1,1,2-5 Miles,North America,0,41-45,45.4545454545455
M,F,1,No,Partial College,Skilled Manual,1,1,0-1 Miles,North America,0,46-50,45.4545454545455
M,M,4,Si,Bachelors,Professional,1,0,2-5 Miles,North America,0,46-50,45.4545454545455
M,M,4,Si,Bachelors,Professional,1,0,0-1 Miles,North America,0,35-40,45.4545454545455
M,F,5,Si,Graduate Degree,Professional,1,3,10+ Miles,North America,0,46-50,63.6363636363636
M,F,5,No,Graduate Degree,Professional,1,0,0-1 Miles,North America,0,41-45,72.7272727272727
M,M,2,No,Graduate Degree,Professional,1,0,0-1 Miles,North America,1,41-45,72.7272727272727
M,F,3,Si,Bachelors,Professional,1,1,0-1 Miles,North America,1,51-55,45.4545454545455
M,M,1,No,Bachelors,Professional,1,1,2-5 Miles,North America,0,51-55,45.4545454545455
M,M,1,No,Bachelors,Professional,1,1,0-1 Miles,North America,1,41-45,45.4545454545455
S,M,1,No,Bachelors,Professional,1,1,2-5 Miles,North America,0,51-55,45.4545454545455
M,F,5,Si,Graduate Degree,Professional,1,1,0-1 Miles,North America,0,51-55,63.6363636363636
M,F,5,Si,Graduate Degree,Professional,1,2,0-1 Miles,North America,0,46-50,63.6363636363636
M,M,1,No,Graduate Degree,Management,1,0,0-1 Miles,Pacific,1,35-40,81.8181818181818
M,M,2,No,Graduate Degree,Management,1,0,0-1 Miles,Pacific,1,41-45,81.8181818181818
M,F,1,No,Graduate Degree,Management,1,0,2-5 Miles,Pacific,1,35-40,81.8181818181818
M,M,1,No,Graduate Degree,Management,1,0,0-1 Miles,Pacific,1,35-40,81.8181818181818
M,M,1,No,Graduate Degree,Management,1,0,2-5 Miles,Pacific,1,35-40,81.8181818181818
S,M,2,Si,Bachelors,Professional,0,1,0-1 Miles,Pacific,1,41-45,45.4545454545455
M,F,4,Si,Graduate Degree,Management,1,1,0-1 Miles,Pacific,1,35-40,72.7272727272727
S,F,4,Si,Graduate Degree,Management,1,1,0-1 Miles,Pacific,1,35-40,72.7272727272727
S,M,2,No,Bachelors,Professional,1,0,0-1 Miles,Pacific,1,29-34,81.8181818181818
S,F,2,Si,Bachelors,Professional,0,1,0-1 Miles,Pacific,1,41-45,45.4545454545455
M,M,5,Si,Bachelors,Professional,1,3,10+ Miles,Pacific,0,41-45,63.6363636363636
S,F,1,No,Graduate Degree,Management,1,0,0-1 Miles,Pacific,1,29-34,90.9090909090909
S,F,1,No,Graduate Degree,Management,1,1,2-5 Miles,Pacific,1,29-34,90.9090909090909
S,M,1,No,Graduate Degree,Management,1,1,2-5 Miles,Pacific,1,35-40,90.9090909090909
M,F,5,Si,Graduate Degree,Management,1,3,0-1 Miles,Pacific,1,41-45,72.7272727272727
S,F,5,Si,Graduate Degree,Management,1,3,0-1 Miles,Pacific,1,41-45,72.7272727272727
S,M,5,Si,Graduate Degree,Management,1,3,0-1 Miles,Pacific,1,41-45,72.7272727272727
M,F,5,Si,Graduate Degree,Management,0,3,0-1 Miles,Pacific,1,41-45,72.7272727272727
M,F,5,Si,Graduate Degree,Management,1,3,0-1 Miles,Pacific,1,41-45,72.7272727272727
M,F,5,Si,Graduate Degree,Management,1,3,0-1 Miles,Pacific,0,41-45,72.7272727272727
S,F,3,Si,Bachelors,Professional,1,1,5-10 Miles,Pacific,1,41-45,45.4545454545455
M,F,3,Si,Bachelors,Professional,1,1,5-10 Miles,Pacific,0,41-45,45.4545454545455
S,F,0,No,Bachelors,Professional,0,1,0-1 Miles,Pacific,1,35-40,63.6363636363636
S,M,0,No,Bachelors,Professional,1,1,5-10 Miles,Pacific,1,41-45,63.6363636363636
S,M,0,No,Bachelors,Professional,0,1,5-10 Miles,Pacific,1,35-40,63.6363636363636
S,M,0,No,Bachelors,Professional,1,1,5-10 Miles,Pacific,1,41-45,63.6363636363636
M,F,3,Si,Bachelors,Professional,1,2,5-10 Miles,Pacific,1,46-50,45.4545454545455
M,M,4,Si,Bachelors,Professional,1,2,5-10 Miles,Pacific,1,46-50,45.4545454545455
S,F,4,Si,Bachelors,Professional,1,3,10+ Miles,Pacific,1,35-40,45.4545454545455
M,M,4,Si,Bachelors,Professional,1,3,10+ Miles,Pacific,0,41-45,45.4545454545455
S,M,4,Si,Partial College,Skilled Manual,0,2,0-1 Miles,North America,0,29-34,81.8181818181818
M,F,0,No,Partial College,Skilled Manual,0,1,1-2 Miles,North America,0,29-34,45.4545454545455
S,M,0,No,Partial College,Skilled Manual,0,1,1-2 Miles,North America,1,29-34,45.4545454545455
S,F,0,No,Partial College,Skilled Manual,1,1,5-10 Miles,North America,1,29-34,27.2727272727273
S,M,0,No,Partial College,Skilled Manual,0,1,5-10 Miles,North America,0,29-34,27.2727272727273
S,F,0,No,Partial College,Skilled Manual,0,1,5-10 Miles,North America,0,29-34,27.2727272727273
M,F,0,No,Partial College,Skilled Manual,1,2,5-10 Miles,North America,0,29-34,45.4545454545455
S,F,2,No,Partial College,Clerical,1,2,5-10 Miles,Pacific,1,51-55,18.1818181818182
M,F,4,No,High School,Skilled Manual,0,2,1-2 Miles,Pacific,1,56-65,9.09090909090909
S,M,0,No,Partial College,Skilled Manual,1,2,5-10 Miles,North America,0,29-34,63.6363636363636
M,F,0,No,Partial College,Skilled Manual,0,2,0-1 Miles,North America,0,29-34,63.6363636363636
S,M,0,No,Partial High School,Clerical,0,2,1-2 Miles,North America,1,29-34,27.2727272727273
S,M,0,No,Partial High School,Clerical,1,2,5-10 Miles,North America,1,29-34,27.2727272727273
S,F,0,No,Partial College,Skilled Manual,1,1,5-10 Miles,North America,0,29-34,18.1818181818182
M,M,0,No,Partial College,Skilled Manual,1,1,5-10 Miles,North America,0,29-34,18.1818181818182
M,M,0,No,Partial College,Skilled Manual,0,2,1-2 Miles,North America,1,29-34,18.1818181818182
M,M,0,No,Partial College,Skilled Manual,1,2,5-10 Miles,North America,0,29-34,45.4545454545455
S,M,0,No,Partial College,Skilled Manual,0,2,1-2 Miles,North America,1,29-34,45.4545454545455
M,M,3,No,Bachelors,Management,1,3,0-1 Miles,North America,0,29-34,81.8181818181818
S,M,0,No,Partial College,Skilled Manual,1,2,5-10 Miles,North America,0,29-34,45.4545454545455
M,M,2,Si,Partial High School,Clerical,1,2,5-10 Miles,Pacific,1,56-65,9.09090909090909
M,F,2,Si,Partial High School,Clerical,1,2,5-10 Miles,Pacific,1,56-65,9.09090909090909
S,F,3,No,Partial College,Clerical,0,2,1-2 Miles,Pacific,1,56-65,18.1818181818182
M,M,0,No,Partial College,Skilled Manual,0,2,1-2 Miles,North America,1,29-34,9.09090909090909
S,F,3,No,High School,Skilled Manual,1,2,5-10 Miles,Pacific,1,56-65,18.1818181818182
S,F,3,No,High School,Skilled Manual,0,2,1-2 Miles,Pacific,1,56-65,18.1818181818182
M,F,3,No,High School,Skilled Manual,1,2,5-10 Miles,Pacific,0,56-65,18.1818181818182
S,F,0,No,Partial College,Skilled Manual,1,2,5-10 Miles,North America,0,29-34,63.6363636363636
M,F,0,No,Partial College,Skilled Manual,1,2,5-10 Miles,North America,0,29-34,63.6363636363636
M,F,2,No,Partial College,Skilled Manual,1,2,5-10 Miles,Pacific,0,56-65,27.2727272727273
S,M,2,No,Partial College,Skilled Manual,0,2,1-2 Miles,Pacific,1,51-55,72.7272727272727
S,F,0,No,High School,Skilled Manual,0,2,1-2 Miles,North America,0,29-34,27.2727272727273
M,M,0,No,Partial College,Skilled Manual,1,2,5-10 Miles,North America,1,29-34,45.4545454545455
S,M,0,No,Partial College,Skilled Manual,1,2,5-10 Miles,North America,1,29-34,45.4545454545455
S,F,0,No,High School,Skilled Manual,1,2,5-10 Miles,North America,1,29-34,27.2727272727273
S,F,0,No,Partial College,Skilled Manual,0,2,1-2 Miles,North America,0,35-40,45.4545454545455
S,M,0,No,Partial College,Professional,1,2,5-10 Miles,North America,0,35-40,63.6363636363636
S,F,0,No,Partial College,Professional,0,2,0-1 Miles,North America,0,35-40,63.6363636363636
S,F,0,No,Partial College,Professional,0,2,0-1 Miles,North America,0,35-40,63.6363636363636
S,F,0,No,Partial College,Professional,1,2,5-10 Miles,North America,0,35-40,63.6363636363636
S,F,0,No,Partial College,Professional,0,2,1-2 Miles,North America,0,29-34,45.4545454545455
M,M,2,No,High School,Skilled Manual,0,2,1-2 Miles,Pacific,1,51-55,72.7272727272727
S,M,2,No,High School,Skilled Manual,0,2,1-2 Miles,Pacific,1,46-50,63.6363636363636
S,F,2,No,High School,Skilled Manual,1,2,5-10 Miles,Pacific,0,51-55,63.6363636363636
S,M,2,No,High School,Skilled Manual,1,2,5-10 Miles,Pacific,0,46-50,63.6363636363636
S,F,2,No,High School,Professional,1,2,5-10 Miles,Pacific,1,51-55,72.7272727272727
S,F,0,Si,Graduate Degree,Management,0,2,0-1 Miles,Pacific,1,51-55,90.9090909090909
S,M,0,Si,Graduate Degree,Management,0,2,0-1 Miles,Pacific,1,51-55,90.9090909090909
S,F,0,No,Bachelors,Management,0,1,2-5 Miles,North America,0,29-34,72.7272727272727
S,F,0,No,Bachelors,Management,0,1,2-5 Miles,North America,0,35-40,72.7272727272727
M,F,0,No,Partial College,Professional,0,2,1-2 Miles,North America,0,35-40,45.4545454545455
S,F,0,No,Partial College,Professional,0,2,1-2 Miles,North America,0,35-40,45.4545454545455
S,M,0,No,Partial College,Professional,0,2,5-10 Miles,North America,0,35-40,45.4545454545455
S,F,0,No,High School,Professional,0,2,1-2 Miles,North America,0,35-40,45.4545454545455
S,F,1,Si,Bachelors,Management,0,3,0-1 Miles,Pacific,1,41-45,90.9090909090909
M,F,0,Si,Graduate Degree,Management,1,3,0-1 Miles,Pacific,1,46-50,90.9090909090909
M,M,0,Si,Graduate Degree,Management,1,3,0-1 Miles,North America,0,35-40,90.9090909090909
M,M,2,No,Partial High School,Skilled Manual,0,2,1-2 Miles,North America,1,51-55,72.7272727272727
S,F,2,No,High School,Professional,0,2,1-2 Miles,North America,0,51-55,45.4545454545455
S,F,2,No,High School,Professional,0,2,1-2 Miles,North America,0,51-55,45.4545454545455
S,F,2,No,High School,Professional,1,2,5-10 Miles,North America,0,51-55,45.4545454545455
M,F,3,Si,Partial College,Professional,1,0,5-10 Miles,North America,1,46-50,63.6363636363636
M,M,2,Si,Bachelors,Management,1,0,0-1 Miles,North America,1,51-55,72.7272727272727
M,F,2,Si,Bachelors,Management,0,1,0-1 Miles,North America,0,51-55,72.7272727272727
S,M,0,No,Bachelors,Professional,1,1,5-10 Miles,Pacific,1,46-50,63.6363636363636
M,F,4,Si,Bachelors,Professional,1,0,0-1 Miles,Pacific,0,41-45,81.8181818181818
S,F,1,No,Partial College,Skilled Manual,1,1,5-10 Miles,Pacific,1,46-50,63.6363636363636
S,F,1,No,Partial College,Skilled Manual,1,1,5-10 Miles,Pacific,1,29-34,63.6363636363636
S,F,1,No,Partial College,Skilled Manual,1,1,5-10 Miles,Pacific,1,46-50,63.6363636363636
M,M,1,No,Bachelors,Professional,1,1,0-1 Miles,Pacific,1,46-50,45.4545454545455
S,F,1,No,Partial College,Skilled Manual,1,1,5-10 Miles,Pacific,1,41-45,45.4545454545455
S,F,1,No,Partial College,Skilled Manual,0,1,0-1 Miles,Pacific,1,35-40,45.4545454545455
S,F,0,No,Graduate Degree,Management,0,3,1-2 Miles,Pacific,1,35-40,90.9090909090909
M,M,1,No,Partial College,Skilled Manual,1,1,0-1 Miles,Pacific,1,46-50,45.4545454545455
S,F,1,No,Partial College,Skilled Manual,1,1,5-10 Miles,Pacific,1,46-50,45.4545454545455
M,F,1,No,Partial College,Skilled Manual,1,1,0-1 Miles,Pacific,1,41-45,45.4545454545455
M,F,1,No,Partial College,Skilled Manual,1,1,5-10 Miles,Pacific,1,46-50,45.4545454545455
M,M,1,No,Partial College,Skilled Manual,1,1,0-1 Miles,Pacific,1,46-50,45.4545454545455
S,F,0,No,Bachelors,Professional,0,1,0-1 Miles,Pacific,1,41-45,63.6363636363636
S,F,5,Si,Bachelors,Professional,1,4,1-2 Miles,Pacific,1,29-34,72.7272727272727
S,F,0,No,Bachelors,Professional,1,1,5-10 Miles,Pacific,1,46-50,63.6363636363636
S,F,0,No,Bachelors,Professional,1,1,5-10 Miles,Pacific,1,35-40,63.6363636363636
S,M,0,No,Bachelors,Professional,0,2,0-1 Miles,Pacific,1,35-40,63.6363636363636
M,M,1,No,Partial College,Skilled Manual,1,1,0-1 Miles,Pacific,1,41-45,45.4545454545455
M,M,5,Si,Partial College,Skilled Manual,1,2,5-10 Miles,Pacific,0,41-45,63.6363636363636
M,F,1,No,Partial College,Skilled Manual,1,1,5-10 Miles,Pacific,1,46-50,45.4545454545455
M,F,5,Si,Partial College,Skilled Manual,1,2,0-1 Miles,Pacific,0,46-50,63.6363636363636
S,F,1,No,Partial College,Skilled Manual,1,1,5-10 Miles,Pacific,1,51-55,72.7272727272727
M,M,1,No,Partial College,Skilled Manual,1,1,5-10 Miles,Pacific,1,51-55,72.7272727272727
S,F,2,No,Partial College,Clerical,0,2,5-10 Miles,Pacific,1,65+,18.1818181818182
M,F,3,Si,Partial College,Skilled Manual,0,2,0-1 Miles,Pacific,0,41-45,45.4545454545455
S,F,2,No,Partial College,Clerical,1,2,5-10 Miles,Pacific,1,56-65,18.1818181818182
M,M,2,Si,High School,Skilled Manual,1,2,5-10 Miles,Pacific,1,56-65,9.09090909090909
S,M,0,No,High School,Skilled Manual,0,2,5-10 Miles,North America,0,29-34,18.1818181818182
S,F,0,No,High School,Skilled Manual,0,1,0-1 Miles,North America,1,29-34,27.2727272727273
M,M,0,No,High School,Skilled Manual,1,2,5-10 Miles,North America,1,29-34,27.2727272727273
M,M,0,No,High School,Skilled Manual,1,2,5-10 Miles,North America,1,29-34,18.1818181818182
S,F,0,No,High School,Skilled Manual,0,2,0-1 Miles,North America,0,29-34,18.1818181818182
M,F,0,No,High School,Skilled Manual,1,2,5-10 Miles,North America,1,29-34,18.1818181818182
S,F,5,No,High School,Skilled Manual,0,2,0-1 Miles,Pacific,1,56-65,9.09090909090909
S,M,0,No,High School,Skilled Manual,1,2,5-10 Miles,North America,0,29-34,27.2727272727273
S,M,0,No,Partial High School,Clerical,0,2,5-10 Miles,North America,1,29-34,18.1818181818182
S,M,0,No,High School,Skilled Manual,1,2,5-10 Miles,North America,0,29-34,27.2727272727273
M,M,0,No,High School,Skilled Manual,1,2,5-10 Miles,North America,1,29-34,27.2727272727273
M,M,0,No,High School,Skilled Manual,0,2,0-1 Miles,North America,1,29-34,27.2727272727273
M,F,0,No,High School,Skilled Manual,1,2,5-10 Miles,North America,1,29-34,27.2727272727273
S,F,0,No,Partial High School,Clerical,0,2,5-10 Miles,North America,0,29-34,18.1818181818182
M,M,0,No,Partial High School,Clerical,0,2,0-1 Miles,North America,0,29-34,18.1818181818182
S,F,0,No,High School,Skilled Manual,1,2,5-10 Miles,North America,1,29-34,27.2727272727273
S,M,0,No,Partial High School,Clerical,0,2,5-10 Miles,North America,1,29-34,18.1818181818182
S,M,0,No,Partial High School,Clerical,0,2,5-10 Miles,North America,1,29-34,18.1818181818182
S,F,0,No,High School,Skilled Manual,0,2,0-1 Miles,North America,1,29-34,27.2727272727273
M,M,2,No,Bachelors,Management,1,2,5-10 Miles,Pacific,0,65+,27.2727272727273
M,M,2,No,Bachelors,Management,0,2,0-1 Miles,Pacific,0,65+,27.2727272727273
M,F,2,No,Bachelors,Management,1,2,0-1 Miles,Pacific,0,65+,27.2727272727273
S,F,2,No,Bachelors,Management,1,2,5-10 Miles,Pacific,1,65+,27.2727272727273
S,M,2,No,Bachelors,Management,1,2,5-10 Miles,Pacific,0,65+,27.2727272727273
M,M,2,No,Graduate Degree,Management,1,1,1-2 Miles,Pacific,1,65+,63.6363636363636
M,M,0,No,Partial College,Skilled Manual,1,1,5-10 Miles,North America,0,29-34,27.2727272727273
M,M,0,No,High School,Skilled Manual,1,2,5-10 Miles,North America,1,29-34,27.2727272727273
M,M,0,No,High School,Skilled Manual,1,2,5-10 Miles,North America,1,29-34,27.2727272727273
M,M,0,No,Partial College,Skilled Manual,1,1,5-10 Miles,North America,0,35-40,27.2727272727273
S,F,0,No,Partial College,Skilled Manual,1,1,5-10 Miles,North America,0,35-40,27.2727272727273
S,M,0,No,Partial College,Skilled Manual,0,1,1-2 Miles,North America,0,35-40,27.2727272727273
S,F,0,No,Partial College,Skilled Manual,0,1,1-2 Miles,North America,0,35-40,27.2727272727273
S,F,0,No,Partial College,Skilled Manual,0,1,1-2 Miles,North America,0,35-40,27.2727272727273
S,F,0,No,Partial College,Skilled Manual,1,2,5-10 Miles,North America,0,29-34,63.6363636363636
S,F,0,No,Bachelors,Management,1,1,1-2 Miles,North America,0,41-45,72.7272727272727
S,M,0,Si,Graduate Degree,Management,0,1,1-2 Miles,North America,1,35-40,90.9090909090909
S,M,0,No,Bachelors,Management,0,3,1-2 Miles,North America,0,29-34,90.9090909090909
S,F,0,Si,Bachelors,Management,0,2,1-2 Miles,North America,1,41-45,90.9090909090909
S,M,0,No,Graduate Degree,Management,1,2,0-1 Miles,North America,1,41-45,90.9090909090909
M,M,4,Si,Bachelors,Management,1,1,0-1 Miles,North America,0,41-45,81.8181818181818
M,F,4,Si,Bachelors,Management,0,1,0-1 Miles,North America,0,41-45,81.8181818181818
M,M,2,Si,Graduate Degree,Management,1,3,5-10 Miles,North America,0,65+,90.9090909090909
M,F,2,Si,Graduate Degree,Management,1,3,5-10 Miles,North America,0,65+,90.9090909090909
M,F,2,Si,Bachelors,Management,1,4,0-1 Miles,North America,1,65+,90.9090909090909
M,M,2,Si,Bachelors,Management,1,4,0-1 Miles,North America,1,65+,90.9090909090909
S,M,1,Si,Graduate Degree,Management,0,2,0-1 Miles,North America,1,65+,90.9090909090909
M,M,1,Si,Bachelors,Management,1,4,0-1 Miles,North America,0,65+,90.9090909090909
M,M,4,No,Bachelors,Management,1,2,10+ Miles,North America,0,56-65,63.6363636363636
M,M,4,No,Bachelors,Management,1,2,10+ Miles,North America,0,56-65,63.6363636363636
S,M,4,No,Bachelors,Management,1,2,10+ Miles,North America,0,56-65,63.6363636363636
M,M,4,No,Bachelors,Management,1,2,10+ Miles,North America,0,56-65,63.6363636363636
M,M,4,No,Bachelors,Management,1,2,10+ Miles,North America,0,56-65,63.6363636363636
S,M,4,No,Bachelors,Management,1,2,10+ Miles,North America,0,56-65,63.6363636363636
S,F,4,No,Bachelors,Management,1,2,10+ Miles,North America,0,56-65,63.6363636363636
M,M,4,No,Bachelors,Management,0,2,1-2 Miles,North America,1,56-65,63.6363636363636
M,M,4,No,Bachelors,Management,1,2,10+ Miles,North America,0,56-65,63.6363636363636
M,M,4,No,Bachelors,Management,1,2,1-2 Miles,North America,1,56-65,63.6363636363636
M,M,4,No,Bachelors,Management,1,2,1-2 Miles,North America,1,56-65,63.6363636363636
M,M,4,No,Bachelors,Management,1,2,10+ Miles,North America,0,56-65,63.6363636363636
S,F,4,No,Bachelors,Management,1,2,10+ Miles,North America,0,51-55,63.6363636363636
S,M,4,No,Bachelors,Management,1,2,10+ Miles,North America,1,56-65,45.4545454545455
M,F,5,No,Bachelors,Management,1,2,10+ Miles,North America,1,56-65,63.6363636363636
S,F,5,No,Bachelors,Management,1,2,10+ Miles,North America,0,56-65,63.6363636363636
M,M,4,No,Bachelors,Management,1,2,2-5 Miles,North America,1,56-65,45.4545454545455
M,M,4,No,Bachelors,Management,0,2,2-5 Miles,North America,1,56-65,45.4545454545455
S,F,4,No,Bachelors,Management,1,3,10+ Miles,North America,1,56-65,45.4545454545455
S,F,5,No,Bachelors,Management,1,3,10+ Miles,North America,1,56-65,45.4545454545455
M,F,5,No,Bachelors,Management,1,2,10+ Miles,North America,1,56-65,63.6363636363636
M,F,4,Si,Bachelors,Management,1,1,10+ Miles,North America,1,56-65,63.6363636363636
M,M,5,No,Bachelors,Management,0,3,2-5 Miles,North America,1,56-65,45.4545454545455
M,M,2,Si,Bachelors,Management,1,0,2-5 Miles,North America,0,56-65,45.4545454545455
S,F,2,Si,Bachelors,Management,1,0,10+ Miles,North America,1,56-65,45.4545454545455
S,M,4,Si,Bachelors,Management,1,1,10+ Miles,North America,0,56-65,63.6363636363636
S,F,4,Si,Bachelors,Management,1,1,10+ Miles,North America,0,56-65,63.6363636363636
M,M,4,Si,Bachelors,Management,1,1,10+ Miles,North America,1,56-65,63.6363636363636
M,F,2,Si,High School,Professional,1,2,10+ Miles,North America,1,56-65,27.2727272727273
M,M,2,Si,High School,Professional,1,2,2-5 Miles,North America,0,51-55,27.2727272727273
M,M,2,Si,High School,Professional,1,2,2-5 Miles,North America,0,56-65,27.2727272727273
M,M,2,Si,Partial College,Professional,1,2,2-5 Miles,North America,0,56-65,45.4545454545455
M,F,2,Si,Bachelors,Management,1,0,2-5 Miles,North America,1,56-65,45.4545454545455
M,M,2,Si,Bachelors,Management,1,0,10+ Miles,North America,0,56-65,45.4545454545455
M,F,2,Si,Bachelors,Management,0,0,2-5 Miles,North America,1,56-65,45.4545454545455
S,M,2,Si,Partial College,Professional,1,2,10+ Miles,North America,0,56-65,45.4545454545455
S,F,2,Si,Partial College,Professional,1,2,10+ Miles,North America,0,56-65,45.4545454545455
S,F,2,Si,Partial College,Professional,0,2,2-5 Miles,North America,0,56-65,45.4545454545455
S,M,2,Si,Bachelors,Management,1,0,10+ Miles,North America,0,56-65,45.4545454545455
S,M,4,Si,Partial College,Professional,1,2,10+ Miles,North America,0,56-65,63.6363636363636
M,M,4,Si,Partial College,Professional,1,2,1-2 Miles,North America,1,56-65,63.6363636363636
M,F,4,Si,Partial College,Professional,1,2,10+ Miles,North America,1,51-55,63.6363636363636
M,F,4,Si,Partial College,Professional,1,2,10+ Miles,North America,1,51-55,63.6363636363636
S,F,5,Si,Partial College,Professional,1,2,10+ Miles,North America,1,56-65,63.6363636363636
M,M,2,Si,Partial High School,Skilled Manual,1,2,2-5 Miles,North America,0,56-65,27.2727272727273
M,M,2,Si,Partial High School,Skilled Manual,1,2,2-5 Miles,North America,0,51-55,27.2727272727273
M,M,2,Si,Partial College,Professional,1,2,10+ Miles,North America,1,51-55,45.4545454545455
S,F,2,Si,Partial College,Professional,1,2,10+ Miles,North America,1,56-65,45.4545454545455
M,F,2,Si,Partial College,Professional,1,1,10+ Miles,North America,1,56-65,45.4545454545455
M,F,2,Si,Partial College,Professional,1,1,2-5 Miles,North America,0,56-65,45.4545454545455
M,F,4,Si,Partial College,Professional,1,1,1-2 Miles,North America,1,56-65,63.6363636363636
M,M,2,Si,High School,Professional,1,2,10+ Miles,North America,1,46-50,63.6363636363636
M,M,2,Si,High School,Professional,1,2,10+ Miles,North America,1,56-65,63.6363636363636
S,F,2,Si,High School,Professional,1,2,2-5 Miles,North America,0,56-65,63.6363636363636
S,F,2,Si,High School,Professional,1,2,10+ Miles,North America,1,56-65,63.6363636363636
M,M,2,Si,Partial College,Professional,1,1,2-5 Miles,North America,0,56-65,45.4545454545455
M,F,2,Si,Partial College,Professional,1,1,10+ Miles,North America,1,46-50,45.4545454545455
M,M,2,Si,Partial College,Professional,0,1,2-5 Miles,North America,0,56-65,45.4545454545455
M,M,3,Si,High School,Professional,1,2,10+ Miles,North America,1,56-65,45.4545454545455
S,M,3,Si,High School,Professional,1,2,10+ Miles,North America,1,56-65,45.4545454545455
M,F,4,Si,Partial College,Professional,1,2,10+ Miles,North America,1,56-65,63.6363636363636
M,M,2,Si,Bachelors,Management,1,2,0-1 Miles,Europe,1,51-55,90.9090909090909
S,F,2,Si,Partial College,Professional,1,3,5-10 Miles,Europe,1,51-55,90.9090909090909
M,F,2,Si,Partial College,Professional,1,2,0-1 Miles,Europe,1,51-55,90.9090909090909
M,F,2,Si,High School,Professional,1,1,5-10 Miles,Europe,0,51-55,90.9090909090909
M,F,2,Si,Partial College,Professional,1,4,2-5 Miles,Europe,0,51-55,81.8181818181818
M,F,3,Si,High School,Professional,1,4,5-10 Miles,Europe,1,46-50,90.9090909090909
M,F,3,Si,High School,Professional,1,4,5-10 Miles,Europe,1,51-55,90.9090909090909
S,F,3,Si,High School,Professional,1,4,5-10 Miles,Europe,1,51-55,90.9090909090909
M,M,2,Si,High School,Professional,0,2,2-5 Miles,Europe,1,51-55,81.8181818181818
M,F,3,Si,Partial College,Professional,1,4,5-10 Miles,Europe,1,51-55,90.9090909090909
M,F,3,Si,Partial College,Professional,1,3,5-10 Miles,Europe,1,51-55,90.9090909090909
M,M,3,Si,High School,Professional,1,4,0-1 Miles,Europe,0,46-50,90.9090909090909
M,M,2,Si,Partial College,Professional,1,0,5-10 Miles,North America,0,51-55,81.8181818181818
M,M,4,No,High School,Professional,0,2,1-2 Miles,North America,0,65+,18.1818181818182
M,M,3,No,Graduate Degree,Management,1,1,5-10 Miles,North America,0,65+,81.8181818181818
M,M,3,No,Graduate Degree,Management,1,2,0-1 Miles,North America,0,65+,63.6363636363636
M,M,4,No,Graduate Degree,Management,1,2,0-1 Miles,North America,0,65+,63.6363636363636
S,M,4,Si,Partial College,Professional,0,3,0-1 Miles,North America,0,41-45,81.8181818181818
S,F,4,Si,Partial College,Professional,1,3,2-5 Miles,North America,1,35-40,81.8181818181818
S,F,4,Si,Bachelors,Management,1,4,2-5 Miles,North America,1,29-34,81.8181818181818
M,M,4,Si,Bachelors,Management,1,4,2-5 Miles,North America,1,41-45,81.8181818181818
M,F,4,Si,Partial College,Professional,1,4,0-1 Miles,North America,0,41-45,81.8181818181818
M,M,4,Si,Partial College,Professional,1,4,2-5 Miles,North America,0,35-40,81.8181818181818
S,M,3,Si,Bachelors,Management,0,4,1-2 Miles,North America,0,41-45,90.9090909090909
M,F,4,Si,Bachelors,Management,1,0,2-5 Miles,North America,0,41-45,72.7272727272727
S,F,5,Si,Partial College,Professional,1,0,2-5 Miles,North America,0,41-45,81.8181818181818
M,F,5,Si,Partial College,Professional,1,1,2-5 Miles,North America,0,35-40,81.8181818181818
M,M,2,Si,Graduate Degree,Management,1,2,1-2 Miles,North America,0,35-40,90.9090909090909
M,M,2,Si,Bachelors,Management,1,3,1-2 Miles,North America,1,41-45,90.9090909090909
M,M,2,Si,Bachelors,Management,1,3,0-1 Miles,North America,1,35-40,90.9090909090909
S,F,3,Si,Partial College,Professional,1,1,5-10 Miles,North America,1,51-55,63.6363636363636
S,F,3,Si,Partial College,Professional,1,0,2-5 Miles,North America,1,46-50,72.7272727272727
S,F,3,Si,Partial College,Professional,1,0,2-5 Miles,North America,1,46-50,72.7272727272727
M,F,4,No,Graduate Degree,Management,1,2,5-10 Miles,North America,1,65+,63.6363636363636
M,M,1,Si,Graduate Degree,Management,1,1,2-5 Miles,North America,0,65+,90.9090909090909
M,M,4,Si,Partial College,Professional,1,2,2-5 Miles,North America,0,35-40,72.7272727272727
M,F,4,Si,Partial College,Professional,1,2,2-5 Miles,North America,0,35-40,72.7272727272727
S,F,0,No,Partial College,Professional,1,1,5-10 Miles,North America,1,46-50,81.8181818181818
M,F,5,Si,Partial College,Professional,1,1,2-5 Miles,North America,0,41-45,81.8181818181818
S,M,4,Si,Partial College,Professional,1,3,5-10 Miles,North America,1,35-40,90.9090909090909
S,M,2,Si,Bachelors,Management,0,2,0-1 Miles,North America,1,46-50,90.9090909090909
M,M,3,Si,Bachelors,Management,1,3,0-1 Miles,North America,1,41-45,90.9090909090909
M,M,5,Si,Partial College,Professional,1,2,0-1 Miles,North America,0,46-50,72.7272727272727
M,M,5,Si,Partial College,Professional,1,2,5-10 Miles,North America,0,29-34,72.7272727272727
S,M,1,Si,Partial College,Professional,1,3,5-10 Miles,North America,1,46-50,81.8181818181818
M,M,5,Si,Partial College,Professional,1,3,5-10 Miles,North America,0,46-50,72.7272727272727
S,F,1,Si,High School,Professional,1,4,5-10 Miles,North America,1,41-45,90.9090909090909
M,F,1,Si,Bachelors,Management,0,2,2-5 Miles,North America,1,41-45,90.9090909090909
S,F,1,Si,Bachelors,Management,0,3,0-1 Miles,North America,1,41-45,90.9090909090909
S,M,1,Si,Bachelors,Management,0,3,0-1 Miles,North America,1,41-45,90.9090909090909
M,M,1,Si,Bachelors,Management,1,3,2-5 Miles,North America,1,46-50,90.9090909090909
M,M,1,No,Graduate Degree,Management,0,4,2-5 Miles,North America,1,46-50,90.9090909090909
S,M,2,No,High School,Professional,0,2,5-10 Miles,North America,0,46-50,45.4545454545455
S,M,2,No,High School,Professional,0,2,5-10 Miles,North America,0,46-50,45.4545454545455
S,M,4,Si,High School,Professional,1,0,5-10 Miles,North America,1,51-55,63.6363636363636
M,M,2,No,Partial High School,Skilled Manual,1,2,5-10 Miles,North America,1,51-55,72.7272727272727
S,F,2,No,Graduate Degree,Management,1,2,5-10 Miles,North America,1,65+,45.4545454545455
S,F,2,No,Graduate Degree,Management,1,2,1-2 Miles,North America,1,65+,45.4545454545455
M,F,2,Si,Graduate Degree,Management,1,3,0-1 Miles,North America,1,65+,90.9090909090909
M,F,5,Si,High School,Professional,1,4,2-5 Miles,North America,0,46-50,63.6363636363636
M,F,5,Si,Partial College,Professional,1,3,5-10 Miles,North America,0,46-50,72.7272727272727
M,M,3,Si,Partial College,Professional,1,4,1-2 Miles,North America,1,46-50,81.8181818181818
S,F,0,Si,Partial College,Professional,1,2,5-10 Miles,North America,0,46-50,81.8181818181818
S,M,0,Si,Partial College,Professional,0,3,1-2 Miles,North America,1,41-45,81.8181818181818
M,M,0,Si,Partial College,Professional,1,3,1-2 Miles,North America,1,46-50,81.8181818181818
S,F,3,Si,Partial College,Professional,1,4,5-10 Miles,North America,1,46-50,90.9090909090909
M,F,4,Si,Bachelors,Management,1,3,2-5 Miles,North America,1,41-45,90.9090909090909
S,M,1,Si,Graduate Degree,Management,0,2,0-1 Miles,North America,1,46-50,90.9090909090909
M,F,2,No,Partial High School,Skilled Manual,1,2,5-10 Miles,North America,0,46-50,45.4545454545455
S,F,2,No,Partial High School,Skilled Manual,0,2,1-2 Miles,North America,0,51-55,45.4545454545455
S,M,3,Si,High School,Professional,1,0,5-10 Miles,North America,1,56-65,63.6363636363636
S,F,3,No,Graduate Degree,Management,1,2,5-10 Miles,North America,0,56-65,63.6363636363636
S,F,3,No,Graduate Degree,Management,1,2,1-2 Miles,North America,0,41-45,63.6363636363636
S,F,3,No,Graduate Degree,Management,1,2,1-2 Miles,North America,0,56-65,63.6363636363636
M,M,3,No,Graduate Degree,Management,0,2,1-2 Miles,North America,0,56-65,63.6363636363636
M,M,3,No,Graduate Degree,Management,1,2,5-10 Miles,North America,1,56-65,45.4545454545455
S,F,3,No,Partial College,Professional,0,2,1-2 Miles,North America,0,56-65,27.2727272727273
M,M,4,No,Graduate Degree,Management,1,2,10+ Miles,North America,1,65+,63.6363636363636
M,F,2,Si,Graduate Degree,Management,1,3,1-2 Miles,North America,0,65+,81.8181818181818
M,M,2,Si,Graduate Degree,Management,1,3,1-2 Miles,North America,0,65+,81.8181818181818
M,M,2,Si,Graduate Degree,Management,1,3,5-10 Miles,North America,0,65+,90.9090909090909
M,M,2,Si,Graduate Degree,Management,1,3,2-5 Miles,North America,0,65+,90.9090909090909
S,F,2,Si,Bachelors,Management,0,4,0-1 Miles,North America,0,65+,90.9090909090909
M,F,5,No,Bachelors,Management,1,2,5-10 Miles,North America,1,65+,81.8181818181818
S,M,4,No,Bachelors,Management,1,2,5-10 Miles,North America,1,65+,72.7272727272727
M,F,2,Si,Bachelors,Management,1,4,2-5 Miles,North America,1,65+,90.9090909090909
M,F,2,Si,Bachelors,Management,1,4,0-1 Miles,North America,1,65+,90.9090909090909
M,M,0,No,Graduate Degree,Manual,0,0,0-1 Miles,Europe,1,29-34,9.09090909090909
M,M,0,No,Graduate Degree,Manual,1,0,0-1 Miles,Europe,1,29-34,9.09090909090909
M,F,0,No,Graduate Degree,Manual,1,0,0-1 Miles,Europe,1,35-40,9.09090909090909
M,M,1,No,Graduate Degree,Manual,1,0,0-1 Miles,Europe,1,41-45,9.09090909090909
M,F,1,No,Graduate Degree,Manual,1,0,0-1 Miles,Europe,1,46-50,9.09090909090909
M,F,1,No,Graduate Degree,Clerical,1,0,0-1 Miles,Europe,1,46-50,9.09090909090909
M,M,1,No,Graduate Degree,Clerical,1,0,0-1 Miles,Europe,1,46-50,9.09090909090909
M,M,1,No,Bachelors,Manual,1,0,0-1 Miles,Europe,1,46-50,9.09090909090909
M,M,1,No,Bachelors,Manual,1,0,0-1 Miles,Europe,1,46-50,9.09090909090909
M,M,1,No,Bachelors,Manual,1,0,0-1 Miles,Europe,1,35-40,9.09090909090909
M,F,1,No,Bachelors,Manual,1,0,0-1 Miles,Europe,1,46-50,9.09090909090909
M,F,1,No,Graduate Degree,Clerical,1,0,0-1 Miles,Europe,1,46-50,9.09090909090909
M,F,1,No,Graduate Degree,Clerical,1,0,0-1 Miles,Europe,1,46-50,9.09090909090909
M,F,1,No,Graduate Degree,Clerical,1,0,0-1 Miles,Europe,0,46-50,9.09090909090909
M,M,1,No,Graduate Degree,Clerical,1,0,0-1 Miles,Europe,0,65+,9.09090909090909
M,F,1,No,Graduate Degree,Clerical,1,0,0-1 Miles,Europe,1,51-55,9.09090909090909
M,F,1,No,Bachelors,Clerical,1,0,0-1 Miles,Europe,1,46-50,9.09090909090909
M,F,1,No,Partial College,Manual,1,0,0-1 Miles,Europe,0,51-55,9.09090909090909
M,F,1,No,Bachelors,Clerical,1,0,0-1 Miles,Europe,1,51-55,9.09090909090909
M,F,2,No,Partial College,Manual,1,0,0-1 Miles,Europe,1,51-55,9.09090909090909
M,M,2,No,Partial College,Manual,1,0,0-1 Miles,Europe,1,51-55,9.09090909090909
S,F,2,No,Partial College,Manual,1,0,0-1 Miles,Europe,1,51-55,9.09090909090909
S,M,2,No,Partial College,Manual,1,0,0-1 Miles,Europe,1,51-55,9.09090909090909
M,M,2,No,Partial College,Manual,1,1,1-2 Miles,Europe,0,51-55,9.09090909090909
M,M,2,No,Partial College,Manual,1,1,2-5 Miles,Europe,0,56-65,9.09090909090909
M,F,1,No,Graduate Degree,Clerical,1,0,0-1 Miles,Europe,0,65+,18.1818181818182
M,F,1,No,Partial College,Manual,1,0,0-1 Miles,Europe,0,65+,9.09090909090909
M,F,1,No,Partial College,Manual,1,0,0-1 Miles,Europe,1,56-65,9.09090909090909
M,F,1,No,Bachelors,Clerical,1,0,0-1 Miles,Europe,0,56-65,18.1818181818182
M,M,1,No,Bachelors,Clerical,1,0,0-1 Miles,Europe,1,65+,18.1818181818182
S,M,0,No,Partial College,Manual,0,1,2-5 Miles,Pacific,1,29-34,9.09090909090909
S,F,0,No,Partial College,Manual,0,1,0-1 Miles,Pacific,1,29-34,9.09090909090909
S,M,0,No,Partial College,Manual,0,1,2-5 Miles,Pacific,1,29-34,9.09090909090909
S,F,0,No,Partial College,Manual,0,1,2-5 Miles,Pacific,1,29-34,9.09090909090909
M,F,0,No,Bachelors,Clerical,1,0,0-1 Miles,Pacific,0,29-34,9.09090909090909
S,M,0,No,Partial College,Manual,1,1,2-5 Miles,Pacific,1,29-34,9.09090909090909
M,M,1,Si,High School,Manual,1,0,2-5 Miles,Pacific,1,29-34,9.09090909090909
S,F,0,No,Bachelors,Clerical,1,0,0-1 Miles,Pacific,0,29-34,9.09090909090909
S,M,1,Si,High School,Manual,0,0,1-2 Miles,Pacific,1,29-34,9.09090909090909
M,M,0,No,Bachelors,Clerical,1,0,0-1 Miles,Pacific,0,29-34,9.09090909090909
S,F,1,Si,High School,Manual,0,0,1-2 Miles,Pacific,1,29-34,9.09090909090909
M,M,0,No,Partial College,Manual,1,0,0-1 Miles,Pacific,1,29-34,9.09090909090909
M,M,0,No,Partial College,Manual,0,0,0-1 Miles,Pacific,1,29-34,9.09090909090909
S,F,0,No,Partial College,Manual,1,0,0-1 Miles,Pacific,1,29-34,9.09090909090909
S,M,1,No,Partial College,Manual,1,0,1-2 Miles,Europe,1,65+,9.09090909090909
S,F,1,Si,Partial College,Manual,0,0,0-1 Miles,Europe,1,35-40,9.09090909090909
M,F,1,Si,Partial College,Manual,1,0,1-2 Miles,Europe,1,41-45,9.09090909090909
M,M,4,No,Graduate Degree,Clerical,1,0,0-1 Miles,Europe,0,46-50,18.1818181818182
M,F,4,No,Graduate Degree,Clerical,1,0,0-1 Miles,Europe,0,46-50,18.1818181818182
M,F,4,No,Graduate Degree,Clerical,1,0,0-1 Miles,Europe,0,41-45,18.1818181818182
M,F,4,No,Graduate Degree,Clerical,1,0,0-1 Miles,Europe,0,41-45,18.1818181818182
M,F,1,Si,High School,Manual,1,1,2-5 Miles,Europe,1,46-50,9.09090909090909
M,F,1,Si,Partial College,Manual,1,0,2-5 Miles,Europe,0,46-50,9.09090909090909
S,M,1,Si,Partial College,Manual,0,0,0-1 Miles,Europe,1,46-50,9.09090909090909
S,M,1,Si,Partial College,Manual,0,0,0-1 Miles,Europe,1,35-40,9.09090909090909
S,M,1,Si,High School,Manual,0,1,1-2 Miles,Europe,1,46-50,9.09090909090909
M,F,2,No,Partial College,Manual,1,1,2-5 Miles,Europe,1,41-45,9.09090909090909
S,M,2,No,Partial College,Manual,1,1,2-5 Miles,Europe,1,51-55,9.09090909090909
M,M,1,No,Graduate Degree,Clerical,1,0,0-1 Miles,Europe,0,51-55,18.1818181818182
M,M,3,No,Graduate Degree,Clerical,1,0,0-1 Miles,Europe,0,41-45,18.1818181818182
S,F,3,No,Graduate Degree,Clerical,1,0,0-1 Miles,Europe,1,46-50,18.1818181818182
M,M,0,No,Bachelors,Clerical,1,0,0-1 Miles,Europe,1,46-50,18.1818181818182
M,M,3,No,Graduate Degree,Clerical,1,0,0-1 Miles,Europe,1,46-50,27.2727272727273
M,M,1,No,Bachelors,Clerical,1,0,0-1 Miles,Europe,0,51-55,18.1818181818182
S,M,2,Si,High School,Manual,1,0,0-1 Miles,Europe,0,35-40,9.09090909090909
S,F,0,No,Partial College,Manual,1,1,2-5 Miles,Europe,1,29-34,9.09090909090909
M,F,0,No,Bachelors,Clerical,1,0,0-1 Miles,Europe,1,35-40,18.1818181818182
S,F,2,Si,High School,Manual,1,0,0-1 Miles,Europe,1,35-40,9.09090909090909
S,F,2,Si,High School,Manual,1,0,0-1 Miles,Europe,0,41-45,9.09090909090909
M,M,0,No,Bachelors,Clerical,1,0,0-1 Miles,Europe,1,35-40,18.1818181818182
M,F,0,No,Bachelors,Clerical,0,0,0-1 Miles,Europe,1,29-34,18.1818181818182
M,F,0,No,Graduate Degree,Clerical,1,0,0-1 Miles,Europe,1,29-34,27.2727272727273
S,M,0,No,Graduate Degree,Clerical,1,0,0-1 Miles,Europe,1,29-34,27.2727272727273
S,M,0,No,Partial College,Manual,1,1,2-5 Miles,Europe,1,35-40,9.09090909090909
M,F,0,No,Bachelors,Clerical,0,0,0-1 Miles,Europe,1,35-40,18.1818181818182
S,F,1,No,Bachelors,Clerical,1,0,0-1 Miles,Europe,1,35-40,18.1818181818182
S,M,0,No,Graduate Degree,Skilled Manual,1,0,0-1 Miles,Europe,1,35-40,27.2727272727273
S,M,3,No,Partial College,Manual,0,2,0-1 Miles,Europe,1,56-65,9.09090909090909
M,F,2,Si,High School,Manual,0,1,0-1 Miles,Europe,0,29-34,9.09090909090909
S,M,2,Si,High School,Manual,1,1,0-1 Miles,Europe,1,29-34,9.09090909090909
S,F,2,Si,High School,Manual,1,1,0-1 Miles,Europe,1,41-45,9.09090909090909
S,M,5,No,Partial College,Professional,0,2,2-5 Miles,Europe,1,56-65,81.8181818181818
M,M,3,Si,Bachelors,Management,1,3,0-1 Miles,Europe,1,56-65,90.9090909090909
M,F,3,Si,Bachelors,Management,1,3,5-10 Miles,Europe,0,56-65,90.9090909090909
M,M,3,Si,Bachelors,Management,1,4,0-1 Miles,Europe,0,56-65,90.9090909090909
S,M,3,Si,Partial High School,Skilled Manual,1,4,10+ Miles,Europe,0,56-65,45.4545454545455
M,M,5,Si,High School,Professional,0,2,2-5 Miles,Europe,1,51-55,63.6363636363636
S,F,5,No,Partial College,Professional,0,2,2-5 Miles,Europe,1,56-65,72.7272727272727
S,F,5,No,Partial College,Professional,0,2,2-5 Miles,Europe,1,56-65,81.8181818181818
M,M,3,Si,Graduate Degree,Management,0,4,5-10 Miles,Europe,1,56-65,90.9090909090909
S,F,5,No,Partial College,Professional,1,2,10+ Miles,Europe,1,56-65,72.7272727272727
S,F,2,Si,Bachelors,Management,1,4,10+ Miles,Europe,1,56-65,81.8181818181818
M,M,2,Si,Bachelors,Management,0,4,2-5 Miles,Europe,1,56-65,81.8181818181818
M,F,4,Si,Partial College,Professional,1,4,0-1 Miles,Europe,0,56-65,90.9090909090909
S,M,4,Si,Partial College,Professional,0,4,0-1 Miles,Europe,0,56-65,90.9090909090909
M,M,4,Si,Partial College,Professional,0,1,2-5 Miles,Europe,1,51-55,72.7272727272727
M,M,4,Si,Partial College,Professional,1,2,10+ Miles,Europe,0,56-65,72.7272727272727
M,M,4,Si,High School,Professional,1,1,2-5 Miles,Europe,1,51-55,81.8181818181818
M,F,3,Si,High School,Professional,1,2,10+ Miles,Europe,1,41-45,81.8181818181818
S,M,3,Si,Partial College,Professional,0,4,0-1 Miles,Europe,0,51-55,90.9090909090909
S,F,3,Si,High School,Professional,0,4,0-1 Miles,Europe,0,51-55,90.9090909090909
S,M,4,Si,High School,Professional,0,1,0-1 Miles,Europe,0,46-50,90.9090909090909
M,M,3,Si,Bachelors,Management,1,4,10+ Miles,Europe,0,41-45,81.8181818181818
S,M,3,Si,Bachelors,Management,1,4,10+ Miles,Europe,0,56-65,81.8181818181818
M,F,2,Si,Bachelors,Management,1,1,10+ Miles,Europe,1,56-65,90.9090909090909
M,F,4,Si,Partial College,Professional,1,2,10+ Miles,Europe,1,56-65,90.9090909090909
M,M,5,Si,Partial College,Professional,0,2,10+ Miles,Europe,1,46-50,90.9090909090909
M,M,2,Si,Bachelors,Management,1,3,0-1 Miles,Europe,1,56-65,90.9090909090909
M,F,0,Si,Bachelors,Management,0,3,10+ Miles,Europe,1,56-65,90.9090909090909
M,F,4,Si,High School,Professional,1,2,10+ Miles,Europe,0,56-65,81.8181818181818
S,F,4,Si,Partial College,Professional,1,3,10+ Miles,Europe,0,51-55,90.9090909090909
M,F,5,Si,Partial High School,Skilled Manual,1,2,2-5 Miles,Europe,1,56-65,63.6363636363636
M,F,4,Si,High School,Professional,1,3,10+ Miles,Europe,0,56-65,72.7272727272727
M,M,4,Si,High School,Professional,1,2,10+ Miles,Europe,1,51-55,72.7272727272727
S,M,4,Si,High School,Professional,1,3,10+ Miles,Europe,0,56-65,81.8181818181818
M,F,4,Si,High School,Professional,1,3,10+ Miles,Europe,0,56-65,90.9090909090909
S,M,0,Si,Partial College,Management,0,4,0-1 Miles,Europe,0,56-65,90.9090909090909
S,M,3,Si,Partial College,Management,1,4,10+ Miles,Europe,0,51-55,81.8181818181818
S,M,4,Si,High School,Management,0,3,0-1 Miles,Europe,1,56-65,90.9090909090909
S,F,0,Si,Partial College,Management,0,4,0-1 Miles,Europe,0,56-65,90.9090909090909
M,M,3,Si,Partial College,Management,1,4,5-10 Miles,Europe,1,56-65,81.8181818181818
S,F,5,Si,Partial High School,Skilled Manual,1,4,10+ Miles,Europe,0,56-65,63.6363636363636
M,M,4,Si,High School,Management,1,3,5-10 Miles,Europe,1,56-65,81.8181818181818
M,M,4,Si,High School,Management,0,3,5-10 Miles,Europe,1,56-65,81.8181818181818
M,M,5,Si,High School,Management,1,4,10+ Miles,Europe,0,56-65,90.9090909090909
S,M,3,Si,High School,Management,0,4,0-1 Miles,Europe,1,56-65,90.9090909090909
S,M,5,Si,Graduate Degree,Professional,0,4,0-1 Miles,Europe,0,56-65,90.9090909090909
S,M,0,No,Bachelors,Professional,0,2,5-10 Miles,Pacific,1,29-34,63.6363636363636
S,F,0,No,Bachelors,Professional,0,3,10+ Miles,Pacific,1,29-34,63.6363636363636
S,M,0,No,Bachelors,Professional,0,3,10+ Miles,Pacific,1,29-34,63.6363636363636
S,F,0,No,Bachelors,Professional,1,3,10+ Miles,Pacific,1,29-34,63.6363636363636
M,F,0,No,Bachelors,Professional,1,2,10+ Miles,Pacific,1,29-34,72.7272727272727
M,F,0,No,Bachelors,Professional,1,3,10+ Miles,Pacific,1,35-40,63.6363636363636
M,F,0,No,Bachelors,Professional,1,4,10+ Miles,Pacific,1,35-40,45.4545454545455
S,F,0,No,Bachelors,Professional,0,3,10+ Miles,Pacific,0,29-34,72.7272727272727
S,F,0,No,Bachelors,Professional,1,3,10+ Miles,Pacific,0,29-34,72.7272727272727
S,M,0,No,Bachelors,Professional,0,2,10+ Miles,Pacific,1,29-34,81.8181818181818
M,F,0,No,Bachelors,Professional,0,2,10+ Miles,Pacific,1,35-40,81.8181818181818
M,M,0,No,Bachelors,Professional,1,2,10+ Miles,Pacific,1,35-40,81.8181818181818
S,F,0,No,Bachelors,Professional,1,3,10+ Miles,Pacific,1,35-40,81.8181818181818
M,M,0,No,Bachelors,Professional,1,3,10+ Miles,Pacific,1,29-34,81.8181818181818
M,F,0,Si,High School,Management,1,2,10+ Miles,Pacific,0,29-34,81.8181818181818
M,M,0,Si,High School,Management,0,2,10+ Miles,Pacific,0,35-40,81.8181818181818
M,M,0,Si,Partial College,Management,0,3,10+ Miles,Pacific,1,29-34,90.9090909090909
M,M,0,Si,Partial College,Management,0,3,10+ Miles,Pacific,1,29-34,90.9090909090909
S,F,0,Si,Partial High School,Professional,1,4,10+ Miles,Pacific,1,29-34,90.9090909090909
S,F,0,No,Bachelors,Professional,0,3,10+ Miles,Pacific,1,35-40,81.8181818181818
S,F,0,Si,High School,Management,1,3,10+ Miles,Pacific,0,29-34,81.8181818181818
M,F,0,Si,Partial High School,Professional,1,4,10+ Miles,Pacific,1,35-40,81.8181818181818
M,F,5,Si,Graduate Degree,Professional,1,4,0-1 Miles,Pacific,0,35-40,90.9090909090909
S,M,0,Si,Partial College,Management,1,4,0-1 Miles,Pacific,1,35-40,90.9090909090909
M,F,4,Si,Partial High School,Management,0,4,10+ Miles,Pacific,0,29-34,90.9090909090909
S,M,5,No,Bachelors,Management,1,2,5-10 Miles,North America,1,56-65,81.8181818181818
M,F,2,Si,Graduate Degree,Management,0,1,2-5 Miles,North America,0,65+,90.9090909090909
M,F,2,Si,Bachelors,Management,1,4,2-5 Miles,North America,1,65+,90.9090909090909
M,M,5,No,Bachelors,Management,0,2,1-2 Miles,North America,0,56-65,72.7272727272727
M,F,5,No,Bachelors,Management,1,2,5-10 Miles,North America,0,65+,72.7272727272727
S,F,0,No,Partial High School,Manual,0,2,0-1 Miles,Europe,0,35-40,9.09090909090909
S,M,0,No,Partial High School,Manual,0,2,1-2 Miles,Europe,0,35-40,9.09090909090909
S,M,4,Si,Bachelors,Professional,0,4,0-1 Miles,Pacific,0,46-50,45.4545454545455
M,M,3,Si,Bachelors,Professional,1,2,5-10 Miles,Pacific,0,46-50,45.4545454545455
S,F,3,Si,Bachelors,Professional,1,2,5-10 Miles,Pacific,0,46-50,45.4545454545455
S,M,3,Si,Bachelors,Professional,0,2,0-1 Miles,Pacific,0,46-50,45.4545454545455
S,M,0,No,Partial College,Clerical,0,1,2-5 Miles,Europe,1,29-34,18.1818181818182
S,F,0,No,Partial High School,Manual,0,2,0-1 Miles,Europe,0,29-34,9.09090909090909
S,M,0,No,Partial High School,Manual,1,2,1-2 Miles,Europe,0,29-34,9.09090909090909
S,F,0,No,Partial High School,Manual,0,2,1-2 Miles,Europe,0,29-34,9.09090909090909
S,M,0,No,Partial High School,Manual,0,2,1-2 Miles,Europe,0,29-34,9.09090909090909
S,F,0,No,Partial College,Clerical,1,1,2-5 Miles,Europe,1,29-34,18.1818181818182
S,F,0,No,Partial College,Clerical,0,1,2-5 Miles,Europe,0,29-34,18.1818181818182
S,M,0,No,High School,Manual,0,1,2-5 Miles,Europe,1,35-40,18.1818181818182
M,M,1,Si,Bachelors,Skilled Manual,1,0,1-2 Miles,Europe,1,29-34,27.2727272727273
S,F,0,No,Partial High School,Manual,0,2,1-2 Miles,Europe,1,29-34,9.09090909090909
S,M,0,No,High School,Manual,0,1,1-2 Miles,Europe,1,35-40,18.1818181818182
M,F,1,Si,Bachelors,Skilled Manual,1,1,0-1 Miles,Europe,1,35-40,27.2727272727273
M,F,1,Si,Bachelors,Skilled Manual,1,1,0-1 Miles,Europe,1,35-40,27.2727272727273
S,F,0,No,Partial High School,Manual,0,2,1-2 Miles,Europe,1,35-40,9.09090909090909
S,F,0,No,High School,Manual,0,1,2-5 Miles,Europe,0,29-34,18.1818181818182
S,F,0,No,High School,Manual,0,1,1-2 Miles,Europe,1,35-40,18.1818181818182
S,M,0,No,High School,Manual,0,1,2-5 Miles,Europe,0,35-40,18.1818181818182
S,F,1,Si,Partial College,Clerical,0,1,0-1 Miles,Europe,1,29-34,27.2727272727273
S,F,2,Si,Partial College,Clerical,1,0,1-2 Miles,Europe,1,29-34,27.2727272727273
S,F,0,No,Partial High School,Manual,0,2,0-1 Miles,Europe,0,35-40,9.09090909090909
S,F,0,No,Partial High School,Manual,0,2,0-1 Miles,Europe,0,35-40,9.09090909090909
S,F,0,No,Partial High School,Manual,0,2,1-2 Miles,Europe,1,29-34,9.09090909090909
S,M,0,No,High School,Manual,1,1,2-5 Miles,Europe,1,29-34,18.1818181818182
S,F,0,No,High School,Manual,1,1,2-5 Miles,Europe,0,35-40,18.1818181818182
S,M,2,Si,Partial College,Clerical,1,0,1-2 Miles,Europe,1,35-40,27.2727272727273
S,F,2,Si,Partial College,Clerical,1,1,0-1 Miles,Europe,1,35-40,27.2727272727273
S,M,2,Si,Partial College,Clerical,1,1,1-2 Miles,Europe,0,35-40,27.2727272727273
S,M,2,Si,Partial College,Clerical,1,1,1-2 Miles,Europe,0,35-40,27.2727272727273
S,F,2,Si,Partial College,Clerical,1,1,1-2 Miles,Europe,0,29-34,27.2727272727273
S,M,2,Si,Partial College,Clerical,1,2,0-1 Miles,Europe,1,35-40,27.2727272727273
S,M,2,Si,Partial College,Clerical,1,2,1-2 Miles,Europe,0,35-40,27.2727272727273
S,F,2,Si,Partial College,Clerical,1,2,0-1 Miles,Europe,1,29-34,27.2727272727273
S,M,2,Si,Partial College,Clerical,1,2,1-2 Miles,Europe,0,35-40,27.2727272727273
S,M,0,No,Graduate Degree,Skilled Manual,0,0,1-2 Miles,Europe,0,35-40,45.4545454545455
S,M,0,No,Graduate Degree,Skilled Manual,1,0,1-2 Miles,Europe,0,29-34,45.4545454545455
S,M,0,No,Graduate Degree,Skilled Manual,0,0,1-2 Miles,Europe,0,35-40,45.4545454545455
S,F,3,Si,Partial College,Clerical,1,0,1-2 Miles,North America,0,35-40,27.2727272727273
S,F,3,Si,Partial College,Clerical,1,0,1-2 Miles,North America,0,29-34,27.2727272727273
S,M,3,Si,Partial College,Clerical,1,1,0-1 Miles,North America,0,29-34,27.2727272727273
M,F,1,No,Graduate Degree,Skilled Manual,1,0,1-2 Miles,North America,0,65+,45.4545454545455
S,M,0,No,Graduate Degree,Skilled Manual,0,0,1-2 Miles,North America,0,35-40,45.4545454545455
S,M,0,No,Graduate Degree,Skilled Manual,0,0,1-2 Miles,North America,0,41-45,45.4545454545455
S,F,0,No,Graduate Degree,Skilled Manual,0,0,0-1 Miles,North America,0,41-45,45.4545454545455
S,F,0,No,Graduate Degree,Skilled Manual,1,0,1-2 Miles,North America,0,29-34,45.4545454545455
S,F,0,No,Graduate Degree,Skilled Manual,1,0,0-1 Miles,North America,0,35-40,45.4545454545455
S,M,2,No,High School,Manual,0,2,1-2 Miles,North America,1,56-65,9.09090909090909
M,F,1,No,Bachelors,Skilled Manual,1,1,5-10 Miles,North America,0,56-65,18.1818181818182
M,M,1,No,Bachelors,Skilled Manual,1,1,2-5 Miles,North America,0,56-65,18.1818181818182
M,M,1,No,Bachelors,Skilled Manual,1,1,5-10 Miles,North America,0,51-55,18.1818181818182
M,F,1,No,Bachelors,Skilled Manual,1,1,5-10 Miles,North America,0,56-65,18.1818181818182
S,F,3,No,Partial High School,Clerical,0,2,1-2 Miles,North America,1,41-45,9.09090909090909
M,F,1,No,High School,Manual,1,1,5-10 Miles,North America,0,46-50,18.1818181818182
M,M,1,No,High School,Clerical,1,1,5-10 Miles,North America,0,56-65,18.1818181818182
M,M,1,No,Partial College,Clerical,1,1,0-1 Miles,North America,0,51-55,27.2727272727273
M,F,1,No,Partial College,Clerical,1,1,0-1 Miles,North America,0,56-65,27.2727272727273
M,M,1,No,Partial College,Clerical,1,1,1-2 Miles,North America,0,51-55,27.2727272727273
M,M,1,No,Partial College,Clerical,1,1,1-2 Miles,North America,0,51-55,27.2727272727273
M,F,1,No,Partial College,Clerical,1,1,1-2 Miles,North America,0,51-55,27.2727272727273
M,M,1,No,Partial College,Clerical,1,1,1-2 Miles,North America,0,51-55,27.2727272727273
M,M,1,No,Partial College,Clerical,1,1,1-2 Miles,North America,0,51-55,27.2727272727273
M,M,1,No,Partial College,Clerical,1,1,1-2 Miles,North America,0,46-50,27.2727272727273
M,M,1,No,Partial College,Clerical,1,1,1-2 Miles,North America,0,51-55,27.2727272727273
M,F,1,No,Partial College,Clerical,1,1,0-1 Miles,North America,1,51-55,27.2727272727273
M,M,1,No,Partial College,Clerical,1,1,0-1 Miles,North America,0,51-55,27.2727272727273
M,M,1,No,Partial College,Clerical,1,1,0-1 Miles,North America,1,41-45,27.2727272727273
S,F,5,No,Graduate Degree,Skilled Manual,1,0,1-2 Miles,North America,1,46-50,72.7272727272727
M,F,1,No,Partial College,Clerical,1,1,0-1 Miles,North America,0,51-55,27.2727272727273
M,M,1,No,Partial College,Clerical,1,1,0-1 Miles,North America,1,51-55,27.2727272727273
M,M,1,No,Partial College,Clerical,1,1,1-2 Miles,North America,1,51-55,27.2727272727273
M,F,1,No,Partial College,Clerical,1,1,0-1 Miles,North America,1,51-55,27.2727272727273
M,M,1,No,Partial College,Clerical,1,1,1-2 Miles,North America,0,51-55,27.2727272727273
M,F,1,No,Partial College,Clerical,1,1,1-2 Miles,North America,0,51-55,27.2727272727273
M,M,1,No,Partial College,Clerical,1,1,1-2 Miles,North America,0,51-55,27.2727272727273
M,F,1,No,Partial College,Clerical,1,1,1-2 Miles,North America,1,51-55,27.2727272727273
M,M,1,No,Partial College,Clerical,1,1,1-2 Miles,North America,1,51-55,27.2727272727273
S,F,4,No,Graduate Degree,Skilled Manual,1,0,0-1 Miles,North America,1,35-40,45.4545454545455
S,M,4,No,Graduate Degree,Skilled Manual,1,0,1-2 Miles,North America,1,51-55,45.4545454545455
M,M,4,No,Graduate Degree,Skilled Manual,1,0,0-1 Miles,North America,1,51-55,45.4545454545455
S,F,4,No,Graduate Degree,Skilled Manual,1,0,1-2 Miles,North America,1,51-55,45.4545454545455
M,M,4,No,Graduate Degree,Skilled Manual,1,0,1-2 Miles,North America,1,51-55,45.4545454545455
S,F,4,No,Graduate Degree,Skilled Manual,1,0,1-2 Miles,North America,0,51-55,45.4545454545455
M,M,4,No,Graduate Degree,Skilled Manual,1,0,1-2 Miles,North America,0,51-55,45.4545454545455
M,M,4,No,Graduate Degree,Skilled Manual,1,0,1-2 Miles,North America,0,46-50,45.4545454545455
M,M,4,No,Graduate Degree,Skilled Manual,1,0,1-2 Miles,North America,0,46-50,45.4545454545455
S,F,4,No,Graduate Degree,Skilled Manual,1,0,1-2 Miles,North America,0,46-50,45.4545454545455
M,F,1,No,Bachelors,Clerical,1,0,1-2 Miles,Europe,0,41-45,18.1818181818182
S,F,1,Si,Bachelors,Clerical,0,0,1-2 Miles,Europe,1,41-45,18.1818181818182
S,F,1,Si,Bachelors,Clerical,0,0,1-2 Miles,Europe,1,41-45,18.1818181818182
M,F,0,No,Graduate Degree,Clerical,1,0,0-1 Miles,Europe,1,35-40,27.2727272727273
M,M,0,No,Graduate Degree,Clerical,1,0,0-1 Miles,Europe,1,41-45,27.2727272727273
M,M,0,No,Graduate Degree,Clerical,1,0,0-1 Miles,Europe,1,41-45,27.2727272727273
S,M,3,Si,High School,Manual,1,1,0-1 Miles,Europe,1,41-45,9.09090909090909
M,F,1,Si,Partial College,Manual,1,1,2-5 Miles,Europe,0,35-40,9.09090909090909
M,M,1,Si,Partial College,Manual,1,1,2-5 Miles,Europe,0,41-45,9.09090909090909
S,F,1,Si,Partial College,Manual,0,1,0-1 Miles,Europe,0,29-34,9.09090909090909
M,M,1,Si,Bachelors,Clerical,1,0,2-5 Miles,Europe,1,35-40,18.1818181818182
M,M,1,Si,High School,Manual,1,1,2-5 Miles,Europe,0,41-45,9.09090909090909
M,F,1,Si,High School,Manual,1,1,2-5 Miles,Europe,0,41-45,9.09090909090909
M,F,0,No,Bachelors,Clerical,1,0,0-1 Miles,Europe,0,41-45,27.2727272727273
M,M,1,Si,Bachelors,Clerical,1,1,2-5 Miles,Europe,0,35-40,18.1818181818182
M,M,1,Si,Bachelors,Skilled Manual,1,1,0-1 Miles,Europe,1,41-45,18.1818181818182
M,F,1,Si,Bachelors,Skilled Manual,1,2,0-1 Miles,Europe,1,35-40,18.1818181818182
S,M,4,Si,Partial High School,Manual,1,2,0-1 Miles,Europe,1,41-45,9.09090909090909
S,M,2,Si,High School,Manual,1,0,0-1 Miles,Europe,0,29-34,9.09090909090909
M,F,2,Si,High School,Manual,0,1,0-1 Miles,Europe,0,41-45,9.09090909090909
S,M,2,Si,High School,Manual,1,1,0-1 Miles,Europe,0,41-45,9.09090909090909
M,F,1,Si,Bachelors,Skilled Manual,1,2,0-1 Miles,Europe,1,41-45,18.1818181818182
S,F,5,Si,Partial High School,Manual,1,1,0-1 Miles,Europe,1,29-34,9.09090909090909
S,M,5,Si,Partial High School,Manual,1,1,0-1 Miles,Europe,0,41-45,9.09090909090909
S,M,3,Si,Partial High School,Manual,1,1,0-1 Miles,Europe,0,46-50,9.09090909090909
S,F,2,Si,High School,Manual,1,2,0-1 Miles,Europe,1,41-45,9.09090909090909
S,F,2,Si,High School,Manual,1,2,0-1 Miles,Europe,1,35-40,9.09090909090909
S,F,3,Si,High School,Manual,1,0,0-1 Miles,Europe,1,35-40,9.09090909090909
S,F,3,Si,High School,Manual,1,0,0-1 Miles,Europe,1,35-40,9.09090909090909
S,M,3,Si,High School,Manual,1,0,0-1 Miles,Europe,1,35-40,9.09090909090909
S,M,3,Si,High School,Manual,1,2,0-1 Miles,Europe,0,46-50,9.09090909090909
M,M,0,No,Bachelors,Professional,1,0,0-1 Miles,Europe,0,35-40,27.2727272727273
M,F,0,No,Bachelors,Professional,0,0,0-1 Miles,Europe,0,41-45,27.2727272727273
M,M,0,No,Bachelors,Professional,1,0,0-1 Miles,Europe,0,41-45,27.2727272727273
S,F,0,No,Graduate Degree,Skilled Manual,0,0,0-1 Miles,Europe,1,41-45,45.4545454545455
M,M,0,No,Bachelors,Professional,1,0,0-1 Miles,Europe,0,41-45,27.2727272727273
M,F,2,Si,Partial College,Clerical,0,2,0-1 Miles,Europe,1,35-40,18.1818181818182
S,M,2,Si,Partial College,Clerical,1,2,0-1 Miles,Europe,1,46-50,18.1818181818182
M,F,1,No,Bachelors,Skilled Manual,1,0,0-1 Miles,Europe,0,35-40,27.2727272727273
M,F,1,No,Bachelors,Skilled Manual,1,0,0-1 Miles,Europe,0,46-50,27.2727272727273
M,M,1,No,Bachelors,Skilled Manual,1,0,0-1 Miles,Europe,0,35-40,27.2727272727273
S,F,0,No,High School,Manual,0,1,2-5 Miles,Europe,1,29-34,9.09090909090909
S,F,3,Si,Partial College,Clerical,1,1,0-1 Miles,Europe,1,29-34,18.1818181818182
S,M,3,Si,Partial College,Clerical,1,1,0-1 Miles,Europe,1,29-34,18.1818181818182
S,M,3,Si,Partial College,Clerical,1,2,0-1 Miles,Europe,0,29-34,18.1818181818182
S,F,3,Si,Partial College,Clerical,1,2,0-1 Miles,Europe,0,29-34,18.1818181818182
M,M,1,No,Bachelors,Skilled Manual,1,0,0-1 Miles,Europe,0,46-50,27.2727272727273
M,M,1,No,Bachelors,Skilled Manual,1,0,0-1 Miles,Europe,0,46-50,27.2727272727273
M,M,1,No,Bachelors,Skilled Manual,1,0,0-1 Miles,Europe,0,46-50,27.2727272727273
M,M,1,No,Partial College,Clerical,1,1,0-1 Miles,Europe,0,41-45,18.1818181818182
M,F,1,No,Bachelors,Skilled Manual,1,0,0-1 Miles,Europe,0,46-50,27.2727272727273
M,M,1,No,Bachelors,Skilled Manual,1,0,0-1 Miles,Europe,0,46-50,27.2727272727273
M,M,1,No,Bachelors,Skilled Manual,1,1,0-1 Miles,Europe,1,46-50,27.2727272727273
S,M,3,Si,Partial College,Clerical,1,2,0-1 Miles,Europe,0,29-34,18.1818181818182
M,F,3,Si,Partial College,Clerical,0,2,0-1 Miles,Europe,0,29-34,18.1818181818182
S,M,4,Si,Partial College,Clerical,1,3,0-1 Miles,Europe,0,29-34,18.1818181818182
S,F,0,No,Partial College,Clerical,0,1,0-1 Miles,Europe,0,29-34,18.1818181818182
S,F,0,No,Partial College,Clerical,1,1,2-5 Miles,Europe,0,29-34,18.1818181818182
S,F,0,No,Partial College,Clerical,0,1,2-5 Miles,Europe,0,29-34,18.1818181818182
S,F,0,No,Partial College,Clerical,0,1,2-5 Miles,Europe,0,29-34,18.1818181818182
S,F,0,No,Partial College,Clerical,0,1,2-5 Miles,Europe,0,29-34,18.1818181818182
S,M,0,No,Partial College,Clerical,0,1,0-1 Miles,Europe,0,29-34,18.1818181818182
S,M,0,No,High School,Manual,0,1,2-5 Miles,Europe,1,29-34,9.09090909090909
S,F,0,No,Partial High School,Manual,0,2,0-1 Miles,Europe,1,35-40,9.09090909090909
S,F,0,No,High School,Manual,0,1,1-2 Miles,Europe,1,29-34,9.09090909090909
S,M,0,No,High School,Manual,0,1,2-5 Miles,Europe,1,29-34,9.09090909090909
S,F,0,No,Partial College,Clerical,1,1,2-5 Miles,Europe,0,35-40,18.1818181818182
M,F,1,Si,Bachelors,Skilled Manual,1,0,1-2 Miles,Europe,0,29-34,27.2727272727273
M,F,1,Si,Bachelors,Skilled Manual,1,0,0-1 Miles,Europe,1,29-34,27.2727272727273
M,M,4,No,Graduate Degree,Skilled Manual,1,0,0-1 Miles,North America,0,46-50,45.4545454545455
S,M,4,No,Graduate Degree,Skilled Manual,1,0,1-2 Miles,North America,0,51-55,45.4545454545455
M,M,4,No,Graduate Degree,Skilled Manual,1,0,1-2 Miles,North America,0,46-50,45.4545454545455
S,F,4,Si,Partial College,Clerical,1,2,0-1 Miles,North America,0,35-40,27.2727272727273
S,F,4,Si,Partial College,Clerical,1,2,0-1 Miles,North America,0,35-40,27.2727272727273
M,M,0,No,Graduate Degree,Skilled Manual,1,0,0-1 Miles,North America,0,35-40,45.4545454545455
M,M,1,Si,Graduate Degree,Management,1,4,0-1 Miles,North America,0,65+,90.9090909090909
M,F,1,No,Graduate Degree,Manual,1,0,0-1 Miles,Europe,0,46-50,9.09090909090909
S,M,1,No,Bachelors,Manual,1,0,0-1 Miles,Europe,0,41-45,9.09090909090909
M,M,1,No,Bachelors,Manual,1,0,0-1 Miles,Europe,0,46-50,9.09090909090909
M,M,1,No,Bachelors,Manual,1,0,0-1 Miles,Europe,0,41-45,9.09090909090909
M,F,1,No,Graduate Degree,Clerical,1,0,0-1 Miles,Europe,0,46-50,9.09090909090909
S,M,1,No,Graduate Degree,Clerical,1,0,0-1 Miles,Europe,0,65+,9.09090909090909
M,M,1,No,Graduate Degree,Clerical,1,0,0-1 Miles,Europe,0,65+,18.1818181818182
M,M,4,No,Graduate Degree,Clerical,1,0,0-1 Miles,Europe,0,46-50,18.1818181818182
M,M,4,No,Graduate Degree,Clerical,1,0,0-1 Miles,Europe,0,46-50,18.1818181818182
M,M,1,No,Bachelors,Manual,1,0,0-1 Miles,Europe,0,51-55,9.09090909090909
M,M,1,No,Bachelors,Manual,1,0,0-1 Miles,Europe,0,51-55,9.09090909090909
M,M,1,No,Partial College,Manual,1,0,0-1 Miles,Europe,0,46-50,9.09090909090909
S,M,1,No,Bachelors,Clerical,1,0,0-1 Miles,Europe,1,51-55,9.09090909090909
M,M,1,No,Bachelors,Clerical,1,0,0-1 Miles,Europe,1,35-40,9.09090909090909
S,F,2,No,Partial College,Manual,1,0,0-1 Miles,Europe,1,51-55,9.09090909090909
S,F,2,No,Partial College,Manual,1,1,0-1 Miles,Europe,1,51-55,9.09090909090909
M,M,2,No,Partial College,Manual,1,1,0-1 Miles,Europe,0,51-55,9.09090909090909
M,M,1,No,Bachelors,Clerical,1,0,0-1 Miles,Europe,0,65+,9.09090909090909
M,M,1,No,Bachelors,Clerical,1,0,0-1 Miles,Europe,0,65+,9.09090909090909
M,F,1,No,Bachelors,Clerical,1,0,0-1 Miles,Europe,0,65+,9.09090909090909
M,M,1,No,Graduate Degree,Clerical,1,0,0-1 Miles,Europe,0,65+,18.1818181818182
M,M,2,No,Bachelors,Clerical,1,1,2-5 Miles,Europe,0,65+,9.09090909090909
M,M,2,No,Bachelors,Clerical,1,1,2-5 Miles,Europe,0,65+,9.09090909090909
M,M,2,No,Bachelors,Clerical,1,1,2-5 Miles,Europe,0,65+,9.09090909090909
M,F,1,No,Bachelors,Clerical,1,0,0-1 Miles,Europe,0,65+,9.09090909090909
M,M,1,No,Bachelors,Clerical,1,0,0-1 Miles,Europe,1,65+,9.09090909090909
M,F,1,No,Bachelors,Clerical,1,0,0-1 Miles,Europe,1,65+,9.09090909090909
S,F,2,No,Partial College,Manual,1,1,0-1 Miles,Europe,1,65+,9.09090909090909
M,F,2,No,Partial College,Manual,1,1,2-5 Miles,Europe,0,65+,9.09090909090909
M,M,1,No,Bachelors,Clerical,1,0,0-1 Miles,Europe,0,65+,18.1818181818182
M,M,1,No,Bachelors,Clerical,1,0,0-1 Miles,Europe,0,65+,18.1818181818182
M,F,3,No,Partial College,Manual,1,1,0-1 Miles,Europe,0,65+,9.09090909090909
M,M,1,No,Bachelors,Clerical,1,0,0-1 Miles,Europe,0,65+,18.1818181818182
M,F,1,No,Bachelors,Clerical,1,0,0-1 Miles,Europe,0,56-65,18.1818181818182
M,F,1,No,Bachelors,Clerical,1,0,0-1 Miles,Europe,0,65+,18.1818181818182
M,F,1,No,Graduate Degree,Clerical,1,0,0-1 Miles,Europe,0,65+,27.2727272727273
S,M,0,No,Partial College,Manual,0,1,0-1 Miles,Pacific,1,29-34,9.09090909090909
M,F,0,No,Partial College,Manual,0,1,0-1 Miles,Pacific,1,29-34,9.09090909090909
S,F,0,No,Partial College,Manual,0,1,2-5 Miles,Pacific,1,29-34,9.09090909090909
S,M,0,No,Partial College,Manual,0,1,0-1 Miles,Pacific,1,29-34,9.09090909090909
S,M,0,No,Partial College,Manual,0,1,0-1 Miles,Pacific,1,29-34,9.09090909090909
S,F,0,No,Partial College,Manual,0,1,0-1 Miles,Pacific,1,29-34,9.09090909090909
S,M,0,No,Partial College,Manual,0,1,2-5 Miles,Pacific,1,29-34,9.09090909090909
S,M,0,No,Partial College,Manual,1,1,2-5 Miles,Pacific,1,29-34,9.09090909090909
S,M,0,No,Partial College,Manual,0,1,0-1 Miles,Pacific,1,29-34,9.09090909090909
S,F,0,No,Partial College,Manual,1,1,2-5 Miles,Pacific,1,29-34,9.09090909090909
S,M,0,No,Partial College,Manual,1,1,2-5 Miles,Pacific,1,29-34,9.09090909090909
S,F,0,No,Partial College,Manual,0,1,0-1 Miles,Pacific,1,29-34,9.09090909090909
S,F,0,No,High School,Manual,0,2,0-1 Miles,Pacific,0,29-34,9.09090909090909
S,M,1,Si,High School,Manual,0,0,2-5 Miles,Pacific,1,29-34,9.09090909090909
S,F,1,Si,High School,Manual,0,0,2-5 Miles,Pacific,1,29-34,9.09090909090909
M,M,1,Si,High School,Manual,1,0,2-5 Miles,Pacific,1,29-34,9.09090909090909
S,F,1,Si,High School,Manual,0,0,1-2 Miles,Pacific,1,29-34,9.09090909090909
S,M,0,No,Bachelors,Clerical,1,0,0-1 Miles,Pacific,0,29-34,9.09090909090909
S,F,1,Si,High School,Manual,0,0,1-2 Miles,Pacific,1,29-34,9.09090909090909
M,M,0,No,Partial College,Manual,1,0,0-1 Miles,Pacific,1,29-34,9.09090909090909
S,M,1,No,Bachelors,Clerical,1,0,0-1 Miles,Europe,0,65+,18.1818181818182
M,F,4,No,Graduate Degree,Clerical,1,0,0-1 Miles,Europe,0,41-45,18.1818181818182
M,F,4,No,Graduate Degree,Clerical,1,0,0-1 Miles,Europe,0,46-50,18.1818181818182
S,M,4,No,Graduate Degree,Clerical,1,0,0-1 Miles,Europe,0,46-50,18.1818181818182
M,F,4,No,Graduate Degree,Clerical,1,0,0-1 Miles,Europe,0,46-50,18.1818181818182
S,M,3,No,Graduate Degree,Clerical,1,0,0-1 Miles,Europe,0,46-50,18.1818181818182
M,M,3,No,Graduate Degree,Clerical,1,0,0-1 Miles,Europe,0,46-50,18.1818181818182
M,M,1,Si,Partial College,Manual,1,0,2-5 Miles,Europe,0,46-50,9.09090909090909
M,F,3,No,Graduate Degree,Clerical,1,0,0-1 Miles,Europe,0,46-50,18.1818181818182
M,F,2,No,Partial College,Manual,1,1,0-1 Miles,Europe,1,41-45,9.09090909090909
M,M,1,No,Graduate Degree,Clerical,1,0,0-1 Miles,Europe,0,51-55,18.1818181818182
M,M,3,No,Graduate Degree,Clerical,1,0,0-1 Miles,Europe,0,41-45,18.1818181818182
M,M,3,No,Graduate Degree,Clerical,1,0,0-1 Miles,Europe,0,46-50,18.1818181818182
S,M,3,No,Bachelors,Clerical,1,0,0-1 Miles,Europe,0,41-45,18.1818181818182
M,M,3,No,Bachelors,Clerical,1,0,0-1 Miles,Europe,0,35-40,18.1818181818182
M,F,3,No,Bachelors,Clerical,1,0,0-1 Miles,Europe,0,35-40,18.1818181818182
M,M,3,No,Graduate Degree,Clerical,1,0,0-1 Miles,Europe,0,46-50,27.2727272727273
M,F,3,No,Graduate Degree,Clerical,1,0,0-1 Miles,Europe,1,46-50,27.2727272727273
M,M,0,No,Bachelors,Clerical,1,0,0-1 Miles,Europe,1,41-45,18.1818181818182
M,F,0,No,Bachelors,Clerical,1,0,0-1 Miles,Europe,1,46-50,18.1818181818182
M,F,1,No,Bachelors,Clerical,1,0,0-1 Miles,Europe,0,51-55,18.1818181818182
S,M,0,No,Partial College,Manual,1,1,2-5 Miles,Europe,0,29-34,9.09090909090909
S,M,2,Si,High School,Manual,1,0,0-1 Miles,Europe,1,35-40,9.09090909090909
M,M,0,No,Bachelors,Clerical,1,0,0-1 Miles,Europe,1,29-34,18.1818181818182
S,M,0,No,Bachelors,Clerical,1,0,0-1 Miles,Europe,1,35-40,18.1818181818182
S,M,2,Si,High School,Manual,1,1,0-1 Miles,Europe,1,29-34,9.09090909090909
S,F,0,No,Partial College,Manual,0,1,0-1 Miles,Europe,0,29-34,9.09090909090909
M,M,0,No,Partial College,Manual,0,1,1-2 Miles,Europe,0,35-40,9.09090909090909
M,F,0,No,Bachelors,Clerical,1,0,0-1 Miles,Europe,1,35-40,18.1818181818182
M,F,0,No,Graduate Degree,Clerical,1,0,0-1 Miles,Europe,1,35-40,27.2727272727273
M,M,0,No,Graduate Degree,Clerical,1,0,0-1 Miles,Europe,1,35-40,27.2727272727273
M,M,0,No,Graduate Degree,Clerical,1,0,0-1 Miles,Europe,1,29-34,27.2727272727273
M,M,0,No,Graduate Degree,Skilled Manual,1,0,0-1 Miles,Europe,1,35-40,27.2727272727273
M,M,3,No,Partial College,Manual,0,2,0-1 Miles,Europe,1,56-65,9.09090909090909
M,F,2,No,Partial College,Manual,1,1,2-5 Miles,Europe,1,56-65,9.09090909090909
M,F,2,No,Partial College,Manual,1,1,0-1 Miles,Europe,0,56-65,9.09090909090909
M,F,2,No,Partial College,Manual,1,1,1-2 Miles,Europe,0,56-65,9.09090909090909
S,F,1,Si,Partial College,Manual,0,0,0-1 Miles,Europe,0,35-40,9.09090909090909
M,M,1,Si,Partial College,Manual,1,0,2-5 Miles,Europe,0,35-40,9.09090909090909
S,M,1,Si,Partial College,Manual,0,0,0-1 Miles,Europe,0,35-40,9.09090909090909
M,M,4,Si,Partial College,Professional,1,1,10+ Miles,Europe,1,51-55,72.7272727272727
S,M,5,Si,High School,Professional,1,2,10+ Miles,Europe,1,56-65,63.6363636363636
M,F,5,No,Bachelors,Management,1,2,2-5 Miles,Europe,1,51-55,72.7272727272727
M,M,3,Si,Bachelors,Management,1,4,5-10 Miles,Europe,0,56-65,90.9090909090909
M,M,4,Si,Bachelors,Management,1,4,5-10 Miles,Europe,1,56-65,90.9090909090909
S,M,5,No,Partial College,Professional,0,2,2-5 Miles,Europe,0,56-65,72.7272727272727
M,F,2,Si,Bachelors,Management,1,4,10+ Miles,Europe,0,56-65,81.8181818181818
M,M,4,Si,Partial College,Professional,1,4,5-10 Miles,Europe,1,56-65,90.9090909090909
M,M,4,Si,Partial College,Professional,1,1,10+ Miles,Europe,0,46-50,72.7272727272727
S,M,4,Si,Partial College,Professional,1,2,10+ Miles,Europe,0,56-65,72.7272727272727
M,M,3,Si,Partial College,Professional,1,1,10+ Miles,Europe,1,46-50,81.8181818181818
M,M,3,Si,High School,Professional,1,3,10+ Miles,Europe,0,56-65,81.8181818181818
M,M,3,Si,High School,Professional,1,3,2-5 Miles,Europe,0,46-50,81.8181818181818
M,F,3,Si,Bachelors,Management,1,3,10+ Miles,Europe,0,56-65,90.9090909090909
M,F,4,Si,Partial College,Professional,1,2,10+ Miles,Europe,1,56-65,90.9090909090909
M,F,0,Si,Bachelors,Management,1,3,10+ Miles,Europe,1,51-55,90.9090909090909
S,M,4,Si,High School,Professional,1,2,10+ Miles,Europe,0,56-65,81.8181818181818
M,F,4,Si,Partial College,Professional,1,3,10+ Miles,Europe,1,51-55,90.9090909090909
M,F,4,Si,Partial College,Professional,1,4,10+ Miles,Europe,1,56-65,90.9090909090909
M,M,4,Si,High School,Professional,1,3,10+ Miles,Europe,0,56-65,72.7272727272727
M,M,4,Si,High School,Management,1,3,5-10 Miles,Europe,1,56-65,81.8181818181818
S,M,4,Si,High School,Management,1,3,10+ Miles,Europe,0,56-65,81.8181818181818
M,F,4,Si,High School,Management,1,4,10+ Miles,Europe,0,56-65,90.9090909090909
M,F,4,Si,Bachelors,Management,1,3,0-1 Miles,Europe,1,56-65,90.9090909090909
M,F,2,Si,Partial College,Management,0,3,10+ Miles,Europe,0,56-65,90.9090909090909
M,M,5,Si,High School,Management,1,3,5-10 Miles,Europe,1,56-65,72.7272727272727
M,M,4,Si,High School,Management,1,3,10+ Miles,Europe,0,51-55,81.8181818181818
M,F,4,Si,High School,Management,1,3,10+ Miles,Europe,1,56-65,90.9090909090909
M,F,0,Si,High School,Management,1,4,0-1 Miles,Europe,1,51-55,90.9090909090909
M,M,5,Si,High School,Management,1,4,10+ Miles,Europe,0,56-65,72.7272727272727
M,F,5,Si,Partial High School,Skilled Manual,1,4,10+ Miles,Europe,0,56-65,72.7272727272727
M,F,5,Si,Partial High School,Skilled Manual,1,4,10+ Miles,Europe,0,56-65,72.7272727272727
M,M,5,No,Partial High School,Skilled Manual,0,2,5-10 Miles,Europe,0,56-65,81.8181818181818
M,F,5,No,Partial High School,Skilled Manual,1,2,10+ Miles,Europe,0,56-65,81.8181818181818
M,F,5,Si,Partial College,Professional,1,4,0-1 Miles,Europe,0,56-65,90.9090909090909
M,F,0,No,Bachelors,Professional,1,4,10+ Miles,Pacific,0,29-34,45.4545454545455
S,M,0,No,Bachelors,Professional,0,4,2-5 Miles,Pacific,0,29-34,45.4545454545455
M,F,0,No,Bachelors,Professional,1,2,10+ Miles,Pacific,1,29-34,63.6363636363636
S,F,0,No,Bachelors,Professional,1,2,10+ Miles,Pacific,1,29-34,63.6363636363636
S,M,0,No,Bachelors,Professional,0,3,10+ Miles,Pacific,1,29-34,63.6363636363636
S,F,0,No,Bachelors,Professional,0,3,10+ Miles,Pacific,1,29-34,63.6363636363636
S,M,0,No,Bachelors,Professional,0,3,10+ Miles,Pacific,1,35-40,63.6363636363636
S,M,0,No,Bachelors,Professional,0,3,10+ Miles,Pacific,0,29-34,72.7272727272727
M,M,0,No,Bachelors,Professional,1,3,10+ Miles,Pacific,1,29-34,72.7272727272727
M,M,0,No,Bachelors,Professional,1,2,10+ Miles,Pacific,1,29-34,81.8181818181818
S,F,0,No,Bachelors,Professional,0,3,10+ Miles,Pacific,1,29-34,72.7272727272727
S,F,0,No,Bachelors,Professional,1,2,10+ Miles,Pacific,1,35-40,81.8181818181818
M,M,0,Si,High School,Management,1,2,10+ Miles,Pacific,1,35-40,81.8181818181818
S,F,4,Si,High School,Management,1,4,0-1 Miles,Pacific,0,35-40,90.9090909090909
M,F,0,Si,High School,Management,0,2,10+ Miles,Pacific,0,35-40,81.8181818181818
S,M,0,No,Bachelors,Professional,0,3,10+ Miles,Pacific,1,35-40,72.7272727272727
S,F,0,No,Bachelors,Professional,0,3,10+ Miles,Pacific,1,35-40,72.7272727272727
M,F,0,Si,High School,Management,0,2,10+ Miles,Pacific,0,35-40,81.8181818181818
S,F,5,Si,Partial High School,Professional,1,4,10+ Miles,Pacific,1,35-40,90.9090909090909
M,M,0,Si,Partial High School,Professional,1,4,10+ Miles,Pacific,1,35-40,90.9090909090909
M,F,0,No,Bachelors,Professional,1,3,10+ Miles,Pacific,1,35-40,81.8181818181818
S,F,0,No,Bachelors,Professional,1,3,10+ Miles,Pacific,1,35-40,81.8181818181818
S,M,0,No,Bachelors,Professional,0,3,10+ Miles,Pacific,1,35-40,81.8181818181818
S,F,0,No,Bachelors,Professional,1,3,10+ Miles,Pacific,1,35-40,81.8181818181818
S,F,0,No,Bachelors,Professional,0,3,10+ Miles,Pacific,1,35-40,81.8181818181818
M,M,0,Si,High School,Management,1,2,10+ Miles,Pacific,0,35-40,81.8181818181818
M,M,0,Si,High School,Management,1,3,10+ Miles,Pacific,0,35-40,81.8181818181818
S,M,0,No,Bachelors,Professional,1,4,10+ Miles,Pacific,0,35-40,72.7272727272727
M,F,0,No,Bachelors,Professional,1,4,10+ Miles,Pacific,1,35-40,72.7272727272727
S,M,0,Si,Partial High School,Professional,1,4,10+ Miles,Pacific,1,29-34,90.9090909090909
M,F,0,No,Bachelors,Professional,1,4,10+ Miles,Pacific,0,35-40,81.8181818181818
M,F,0,Si,High School,Management,1,4,10+ Miles,Pacific,0,29-34,81.8181818181818
S,F,0,No,Bachelors,Professional,0,4,10+ Miles,Pacific,0,35-40,81.8181818181818
M,M,0,Si,High School,Management,1,4,10+ Miles,Pacific,1,29-34,90.9090909090909
M,F,0,Si,Partial High School,Professional,1,4,10+ Miles,Pacific,1,35-40,90.9090909090909
M,F,0,Si,Partial High School,Professional,1,4,10+ Miles,Pacific,1,35-40,90.9090909090909
M,M,0,Si,Partial High School,Professional,1,4,10+ Miles,Pacific,1,29-34,90.9090909090909
M,F,0,Si,Partial High School,Professional,1,4,10+ Miles,Pacific,1,35-40,90.9090909090909
M,F,0,Si,Partial High School,Professional,1,4,10+ Miles,Pacific,1,35-40,90.9090909090909
M,F,0,Si,Partial High School,Management,1,4,10+ Miles,Pacific,0,35-40,90.9090909090909
M,M,0,Si,Bachelors,Management,1,4,0-1 Miles,Pacific,1,35-40,90.9090909090909
M,M,0,Si,Bachelors,Management,1,4,0-1 Miles,Pacific,1,35-40,90.9090909090909
M,M,5,No,Graduate Degree,Management,1,2,10+ Miles,North America,1,65+,63.6363636363636
M,F,5,No,Bachelors,Management,1,2,5-10 Miles,North America,0,56-65,81.8181818181818
M,M,2,Si,Bachelors,Management,1,4,0-1 Miles,North America,1,65+,90.9090909090909
S,M,2,Si,Graduate Degree,Management,0,2,0-1 Miles,North America,1,65+,90.9090909090909
S,F,0,No,Partial High School,Manual,0,2,1-2 Miles,Europe,1,35-40,9.09090909090909
S,M,0,No,Partial High School,Manual,0,2,0-1 Miles,Europe,1,35-40,9.09090909090909
S,F,0,No,Partial High School,Manual,0,2,1-2 Miles,Europe,1,35-40,9.09090909090909
S,F,0,No,Partial College,Clerical,0,1,2-5 Miles,Europe,0,35-40,18.1818181818182
M,M,3,Si,Bachelors,Professional,1,2,5-10 Miles,Pacific,0,46-50,45.4545454545455
S,M,0,No,Partial College,Clerical,1,1,2-5 Miles,Europe,0,35-40,18.1818181818182
M,F,0,No,Partial College,Clerical,0,1,0-1 Miles,Europe,1,35-40,18.1818181818182
S,F,0,No,Partial College,Clerical,1,1,2-5 Miles,Europe,0,35-40,18.1818181818182
S,F,0,No,Partial College,Clerical,0,1,0-1 Miles,Europe,0,29-34,18.1818181818182
S,M,0,No,Partial College,Clerical,0,1,0-1 Miles,Europe,0,35-40,18.1818181818182
S,F,0,No,Partial College,Clerical,0,1,1-2 Miles,Europe,0,35-40,18.1818181818182
S,F,0,No,Partial High School,Manual,0,2,0-1 Miles,Europe,0,29-34,9.09090909090909
M,M,0,No,Partial High School,Manual,0,2,0-1 Miles,Europe,0,29-34,9.09090909090909
S,M,0,No,Partial High School,Manual,0,2,1-2 Miles,Europe,0,29-34,9.09090909090909
M,F,4,No,Partial High School,Manual,0,2,1-2 Miles,Europe,0,65+,9.09090909090909
S,M,0,No,Partial High School,Manual,0,2,0-1 Miles,Europe,0,29-34,9.09090909090909
S,F,0,No,Partial High School,Manual,0,2,1-2 Miles,Europe,0,29-34,9.09090909090909
S,M,0,No,Partial College,Clerical,0,1,1-2 Miles,Europe,0,29-34,18.1818181818182
S,M,0,No,Partial College,Clerical,0,1,2-5 Miles,Europe,0,29-34,18.1818181818182
S,F,0,No,High School,Manual,1,1,2-5 Miles,Europe,0,29-34,18.1818181818182
S,M,0,No,High School,Manual,0,1,1-2 Miles,Europe,0,29-34,18.1818181818182
S,M,0,No,Partial High School,Manual,1,2,1-2 Miles,Europe,0,35-40,9.09090909090909
S,F,0,No,Partial High School,Manual,0,2,0-1 Miles,Europe,0,35-40,9.09090909090909
S,F,0,No,Partial High School,Manual,0,2,1-2 Miles,Europe,0,35-40,9.09090909090909
S,M,0,No,Partial High School,Manual,1,2,1-2 Miles,Europe,1,29-34,9.09090909090909
S,F,0,No,Partial High School,Manual,1,2,1-2 Miles,Europe,1,35-40,9.09090909090909
S,M,0,No,High School,Manual,0,1,2-5 Miles,Europe,0,35-40,18.1818181818182
M,F,1,Si,Bachelors,Skilled Manual,1,0,1-2 Miles,Europe,1,35-40,27.2727272727273
M,M,1,Si,Bachelors,Skilled Manual,1,1,1-2 Miles,Europe,0,35-40,27.2727272727273
S,F,0,No,High School,Manual,1,1,2-5 Miles,Europe,0,35-40,18.1818181818182
S,M,0,No,High School,Manual,1,1,2-5 Miles,Europe,0,35-40,18.1818181818182
S,F,2,Si,Partial College,Clerical,1,0,0-1 Miles,Europe,1,35-40,27.2727272727273
M,M,2,Si,Partial College,Clerical,0,0,0-1 Miles,Europe,0,35-40,27.2727272727273
S,F,2,Si,Partial College,Clerical,1,0,0-1 Miles,Europe,0,35-40,27.2727272727273
S,M,2,Si,Partial College,Clerical,1,0,1-2 Miles,Europe,1,35-40,27.2727272727273
S,M,0,No,Partial High School,Manual,0,2,0-1 Miles,Europe,0,35-40,9.09090909090909
S,F,0,No,Partial High School,Manual,0,2,1-2 Miles,Europe,1,29-34,9.09090909090909
S,F,0,No,High School,Manual,0,1,2-5 Miles,Europe,0,35-40,18.1818181818182
S,M,0,No,High School,Manual,0,1,1-2 Miles,Europe,1,35-40,18.1818181818182
S,F,2,Si,Partial College,Clerical,1,0,1-2 Miles,Europe,1,35-40,27.2727272727273
S,F,2,Si,Partial College,Clerical,1,0,0-1 Miles,Europe,0,35-40,27.2727272727273
S,M,2,Si,Partial College,Clerical,1,0,0-1 Miles,Europe,0,35-40,27.2727272727273
S,M,2,Si,Partial College,Clerical,1,1,1-2 Miles,Europe,0,35-40,27.2727272727273
M,F,2,Si,Partial College,Clerical,0,2,0-1 Miles,Europe,1,29-34,27.2727272727273
S,F,3,Si,Partial College,Clerical,1,0,1-2 Miles,North America,1,29-34,27.2727272727273
S,M,3,Si,Partial College,Clerical,1,1,1-2 Miles,North America,1,29-34,27.2727272727273
S,F,3,Si,Partial College,Clerical,1,2,1-2 Miles,North America,0,35-40,27.2727272727273
M,F,1,No,Bachelors,Skilled Manual,1,1,2-5 Miles,North America,0,65+,18.1818181818182
M,F,1,No,Graduate Degree,Skilled Manual,1,1,1-2 Miles,North America,0,65+,27.2727272727273
S,F,0,No,Graduate Degree,Skilled Manual,1,0,1-2 Miles,North America,0,41-45,45.4545454545455
S,F,0,No,Graduate Degree,Skilled Manual,1,0,1-2 Miles,North America,1,41-45,45.4545454545455
M,M,1,No,Bachelors,Skilled Manual,1,1,5-10 Miles,North America,1,46-50,18.1818181818182
M,F,1,No,Bachelors,Skilled Manual,1,1,2-5 Miles,North America,1,46-50,18.1818181818182
M,F,1,No,Partial College,Clerical,1,1,5-10 Miles,North America,1,51-55,18.1818181818182
M,F,2,No,Partial High School,Manual,0,2,0-1 Miles,North America,1,51-55,9.09090909090909
M,F,3,No,Partial High School,Clerical,0,2,1-2 Miles,North America,1,41-45,9.09090909090909
M,M,1,No,High School,Clerical,1,1,5-10 Miles,North America,0,51-55,18.1818181818182
M,M,1,No,High School,Clerical,1,1,2-5 Miles,North America,1,51-55,18.1818181818182
M,M,1,No,Partial College,Clerical,1,1,0-1 Miles,North America,1,51-55,27.2727272727273
M,M,1,No,Partial College,Clerical,1,1,1-2 Miles,North America,1,46-50,27.2727272727273
M,F,1,No,Partial College,Clerical,1,1,0-1 Miles,North America,1,46-50,27.2727272727273
M,F,1,No,Partial College,Clerical,1,1,0-1 Miles,North America,1,51-55,27.2727272727273
M,F,1,No,Partial College,Clerical,1,1,0-1 Miles,North America,1,51-55,27.2727272727273
M,F,1,No,Partial College,Clerical,1,1,1-2 Miles,North America,1,41-45,27.2727272727273
M,M,1,No,Partial College,Clerical,1,1,1-2 Miles,North America,0,41-45,27.2727272727273
M,M,5,No,Graduate Degree,Skilled Manual,0,0,0-1 Miles,North America,0,51-55,72.7272727272727
M,M,1,No,Partial College,Clerical,1,1,1-2 Miles,North America,1,51-55,27.2727272727273
M,F,1,No,Partial College,Clerical,1,1,1-2 Miles,North America,0,51-55,27.2727272727273
M,M,1,No,Partial College,Clerical,1,1,1-2 Miles,North America,1,51-55,27.2727272727273
M,M,1,No,Partial College,Clerical,1,1,1-2 Miles,North America,1,46-50,27.2727272727273
M,F,1,No,Partial College,Clerical,1,1,0-1 Miles,North America,1,51-55,27.2727272727273
M,F,1,No,Partial College,Clerical,1,1,0-1 Miles,North America,1,35-40,27.2727272727273
M,M,1,No,Partial College,Clerical,1,1,0-1 Miles,North America,1,51-55,27.2727272727273
M,M,1,No,Partial College,Clerical,1,1,0-1 Miles,North America,1,51-55,27.2727272727273
M,M,1,No,Partial College,Clerical,1,1,1-2 Miles,North America,1,46-50,27.2727272727273
M,M,1,No,Partial College,Clerical,1,1,1-2 Miles,North America,0,51-55,27.2727272727273
S,F,5,No,Graduate Degree,Skilled Manual,1,0,1-2 Miles,North America,0,46-50,63.6363636363636
M,F,1,No,Partial College,Clerical,1,1,1-2 Miles,North America,0,51-55,27.2727272727273
M,F,1,No,Partial College,Clerical,1,1,0-1 Miles,North America,1,51-55,27.2727272727273
S,M,4,No,Graduate Degree,Skilled Manual,1,0,1-2 Miles,North America,0,51-55,45.4545454545455
S,F,4,No,Graduate Degree,Skilled Manual,1,0,0-1 Miles,North America,0,35-40,45.4545454545455
M,M,4,No,Graduate Degree,Skilled Manual,1,0,0-1 Miles,North America,0,51-55,45.4545454545455
M,M,4,No,Graduate Degree,Skilled Manual,1,0,1-2 Miles,North America,0,46-50,45.4545454545455
S,F,4,No,Graduate Degree,Skilled Manual,1,0,1-2 Miles,North America,0,46-50,45.4545454545455
M,M,4,No,Graduate Degree,Skilled Manual,1,0,0-1 Miles,North America,0,46-50,45.4545454545455
M,M,4,No,Graduate Degree,Skilled Manual,0,0,0-1 Miles,North America,0,51-55,45.4545454545455
S,M,4,No,Graduate Degree,Skilled Manual,1,0,1-2 Miles,North America,0,46-50,45.4545454545455
M,M,1,Si,Partial College,Manual,1,1,2-5 Miles,Europe,0,41-45,9.09090909090909
M,M,1,No,Bachelors,Clerical,1,0,1-2 Miles,Europe,0,29-34,18.1818181818182
M,F,1,No,Bachelors,Clerical,1,0,0-1 Miles,Europe,0,41-45,18.1818181818182
S,F,1,No,Bachelors,Clerical,1,0,1-2 Miles,Europe,0,41-45,18.1818181818182
S,M,1,No,Bachelors,Clerical,1,0,1-2 Miles,Europe,0,41-45,18.1818181818182
M,F,1,No,Bachelors,Clerical,1,0,0-1 Miles,Europe,0,41-45,18.1818181818182
S,F,1,Si,Bachelors,Clerical,0,0,1-2 Miles,Europe,1,41-45,18.1818181818182
M,M,0,No,Graduate Degree,Clerical,1,0,0-1 Miles,Europe,1,41-45,27.2727272727273
M,M,0,No,Graduate Degree,Clerical,1,0,0-1 Miles,Europe,1,41-45,27.2727272727273
S,F,0,No,Graduate Degree,Clerical,1,0,0-1 Miles,Europe,1,41-45,27.2727272727273
M,M,0,No,Bachelors,Clerical,1,0,0-1 Miles,Europe,1,41-45,27.2727272727273
M,F,1,Si,Partial College,Manual,1,1,2-5 Miles,Europe,0,41-45,9.09090909090909
M,M,1,No,Bachelors,Clerical,1,1,0-1 Miles,Europe,0,65+,18.1818181818182
S,M,1,Si,Partial College,Manual,0,1,0-1 Miles,Europe,0,35-40,9.09090909090909
M,F,1,Si,High School,Manual,1,1,2-5 Miles,Europe,0,41-45,9.09090909090909
M,M,1,Si,Bachelors,Clerical,1,0,2-5 Miles,Europe,1,41-45,18.1818181818182
S,F,1,Si,Bachelors,Clerical,0,0,0-1 Miles,Europe,0,29-34,18.1818181818182
M,F,1,Si,Bachelors,Clerical,1,1,2-5 Miles,Europe,0,41-45,18.1818181818182
S,F,5,Si,Partial High School,Manual,1,2,0-1 Miles,Europe,1,35-40,9.09090909090909
S,M,5,Si,Partial High School,Manual,1,2,0-1 Miles,Europe,1,41-45,9.09090909090909
M,M,1,Si,High School,Manual,1,1,2-5 Miles,Europe,0,41-45,9.09090909090909
S,M,2,Si,High School,Manual,1,0,0-1 Miles,Europe,1,35-40,9.09090909090909
S,M,2,Si,High School,Manual,1,0,0-1 Miles,Europe,1,41-45,9.09090909090909
M,M,0,No,Bachelors,Clerical,1,0,0-1 Miles,Europe,0,35-40,27.2727272727273
M,F,0,No,Bachelors,Clerical,0,0,0-1 Miles,Europe,0,35-40,27.2727272727273
M,F,4,No,High School,Manual,0,2,0-1 Miles,Europe,0,65+,9.09090909090909
S,M,1,Si,Bachelors,Clerical,0,1,1-2 Miles,Europe,0,41-45,18.1818181818182
M,M,1,Si,Bachelors,Skilled Manual,1,1,1-2 Miles,Europe,1,41-45,18.1818181818182
S,M,5,Si,Partial High School,Manual,1,2,0-1 Miles,Europe,1,41-45,9.09090909090909
S,M,2,Si,High School,Manual,1,1,0-1 Miles,Europe,1,41-45,9.09090909090909
S,F,5,Si,Partial High School,Manual,1,1,0-1 Miles,Europe,0,35-40,9.09090909090909
S,M,2,Si,High School,Manual,1,2,0-1 Miles,Europe,1,41-45,9.09090909090909
S,M,3,Si,High School,Manual,1,0,0-1 Miles,Europe,1,41-45,9.09090909090909
S,F,3,Si,High School,Manual,1,0,0-1 Miles,Europe,0,35-40,9.09090909090909
S,M,3,Si,High School,Manual,1,0,0-1 Miles,Europe,0,41-45,9.09090909090909
S,F,3,Si,High School,Manual,1,1,0-1 Miles,Europe,1,35-40,9.09090909090909
M,F,1,Si,Bachelors,Skilled Manual,1,2,0-1 Miles,Europe,1,35-40,18.1818181818182
S,M,3,Si,Partial High School,Manual,1,2,0-1 Miles,Europe,0,46-50,9.09090909090909
S,M,3,Si,High School,Manual,1,2,0-1 Miles,Europe,0,46-50,9.09090909090909
M,F,2,No,Partial College,Manual,1,1,1-2 Miles,Europe,0,65+,9.09090909090909
M,M,0,No,Bachelors,Professional,1,0,0-1 Miles,Europe,0,41-45,27.2727272727273
S,F,0,No,Graduate Degree,Skilled Manual,0,0,0-1 Miles,Europe,1,41-45,45.4545454545455
M,F,1,No,Graduate Degree,Skilled Manual,1,0,0-1 Miles,Europe,0,65+,27.2727272727273
S,F,2,Si,Partial College,Clerical,1,1,0-1 Miles,Europe,1,35-40,18.1818181818182
S,M,2,Si,Partial College,Clerical,1,1,0-1 Miles,Europe,0,29-34,18.1818181818182
S,F,2,Si,Partial College,Clerical,1,1,0-1 Miles,Europe,1,41-45,18.1818181818182
M,M,1,No,Bachelors,Skilled Manual,1,0,0-1 Miles,Europe,0,41-45,27.2727272727273
M,F,1,No,Bachelors,Skilled Manual,1,0,0-1 Miles,Europe,0,35-40,27.2727272727273
S,F,2,Si,Partial College,Clerical,1,2,0-1 Miles,Europe,1,41-45,18.1818181818182
M,M,1,No,Bachelors,Skilled Manual,1,0,0-1 Miles,Europe,0,41-45,27.2727272727273
M,F,1,No,Bachelors,Skilled Manual,1,0,0-1 Miles,Europe,0,41-45,27.2727272727273
S,M,2,Si,Partial College,Clerical,1,2,0-1 Miles,Europe,1,41-45,18.1818181818182
S,M,0,No,High School,Manual,0,1,1-2 Miles,Europe,1,29-34,9.09090909090909
S,F,4,Si,High School,Manual,1,2,0-1 Miles,Europe,0,29-34,9.09090909090909
S,F,3,Si,Partial College,Clerical,1,1,0-1 Miles,Europe,1,29-34,18.1818181818182
M,F,1,No,Bachelors,Skilled Manual,1,0,0-1 Miles,Europe,1,46-50,27.2727272727273
M,M,1,No,Bachelors,Skilled Manual,1,0,0-1 Miles,Europe,1,46-50,27.2727272727273
M,M,1,No,Bachelors,Skilled Manual,1,0,0-1 Miles,Europe,1,46-50,27.2727272727273
M,F,1,No,Bachelors,Skilled Manual,1,0,0-1 Miles,Europe,1,35-40,27.2727272727273
M,M,1,No,Bachelors,Skilled Manual,1,0,0-1 Miles,Europe,1,46-50,27.2727272727273
S,F,1,No,Partial College,Clerical,1,1,2-5 Miles,Europe,1,46-50,18.1818181818182
S,F,1,No,Partial College,Clerical,1,1,2-5 Miles,Europe,1,46-50,18.1818181818182
M,F,1,No,Bachelors,Skilled Manual,1,1,0-1 Miles,Europe,1,41-45,27.2727272727273
M,F,1,No,Bachelors,Skilled Manual,1,1,0-1 Miles,Europe,1,41-45,27.2727272727273
S,F,3,Si,Partial College,Clerical,1,2,0-1 Miles,Europe,0,29-34,18.1818181818182
S,M,4,Si,Partial College,Clerical,1,1,0-1 Miles,Europe,1,29-34,18.1818181818182
S,F,4,Si,Partial College,Clerical,1,2,0-1 Miles,Europe,0,29-34,18.1818181818182
M,F,0,No,High School,Manual,0,1,2-5 Miles,Europe,0,29-34,9.09090909090909
S,F,0,No,Partial High School,Manual,1,2,0-1 Miles,Europe,1,29-34,9.09090909090909
S,F,0,No,Partial High School,Manual,1,2,0-1 Miles,Europe,1,29-34,9.09090909090909
S,F,0,No,High School,Manual,0,1,5-10 Miles,Europe,0,29-34,9.09090909090909
M,F,0,No,High School,Manual,0,1,2-5 Miles,Europe,0,29-34,9.09090909090909
S,M,0,No,Partial High School,Manual,0,1,5-10 Miles,Europe,0,29-34,9.09090909090909
S,F,0,No,Partial College,Clerical,0,1,2-5 Miles,Europe,0,29-34,18.1818181818182
S,F,0,No,Partial College,Clerical,0,1,0-1 Miles,Europe,0,29-34,18.1818181818182
S,F,0,No,Partial High School,Manual,0,2,0-1 Miles,Europe,1,35-40,9.09090909090909
S,F,0,No,Partial High School,Manual,0,2,0-1 Miles,Europe,1,35-40,9.09090909090909
S,F,4,No,Graduate Degree,Skilled Manual,1,0,1-2 Miles,North America,0,46-50,45.4545454545455
M,M,4,No,Graduate Degree,Skilled Manual,1,0,1-2 Miles,North America,0,46-50,45.4545454545455
M,M,4,No,Graduate Degree,Skilled Manual,1,0,1-2 Miles,North America,0,46-50,45.4545454545455
M,M,4,Si,High School,Skilled Manual,1,3,10+ Miles,North America,0,35-40,27.2727272727273
M,M,0,No,Graduate Degree,Skilled Manual,1,0,0-1 Miles,North America,0,29-34,27.2727272727273
S,M,0,No,Graduate Degree,Skilled Manual,0,0,1-2 Miles,North America,0,35-40,45.4545454545455
S,F,1,No,Graduate Degree,Skilled Manual,1,0,0-1 Miles,North America,1,35-40,45.4545454545455
M,M,1,No,Graduate Degree,Skilled Manual,1,0,0-1 Miles,North America,1,35-40,45.4545454545455
S,F,1,No,Graduate Degree,Skilled Manual,1,0,1-2 Miles,North America,1,35-40,45.4545454545455
S,F,1,No,Graduate Degree,Skilled Manual,1,0,1-2 Miles,North America,1,35-40,45.4545454545455
M,M,1,No,Graduate Degree,Skilled Manual,1,0,0-1 Miles,North America,1,29-34,45.4545454545455
S,F,1,No,Graduate Degree,Skilled Manual,1,0,1-2 Miles,North America,1,29-34,45.4545454545455
M,M,1,Si,Graduate Degree,Skilled Manual,1,0,1-2 Miles,North America,0,35-40,45.4545454545455
M,F,1,Si,Graduate Degree,Skilled Manual,1,0,1-2 Miles,North America,0,29-34,45.4545454545455
M,M,1,Si,Graduate Degree,Skilled Manual,1,0,1-2 Miles,North America,0,35-40,45.4545454545455
M,M,1,Si,Graduate Degree,Skilled Manual,1,0,0-1 Miles,North America,0,35-40,45.4545454545455
M,F,1,Si,Graduate Degree,Skilled Manual,1,0,0-1 Miles,North America,0,35-40,45.4545454545455
M,M,1,Si,Graduate Degree,Skilled Manual,1,0,1-2 Miles,North America,0,35-40,27.2727272727273
M,F,2,No,Graduate Degree,Professional,1,0,2-5 Miles,North America,0,35-40,63.6363636363636
M,F,2,No,Graduate Degree,Professional,1,0,0-1 Miles,North America,0,35-40,63.6363636363636
M,F,1,Si,Bachelors,Skilled Manual,1,0,0-1 Miles,North America,0,35-40,45.4545454545455
M,F,1,Si,Bachelors,Skilled Manual,1,0,0-1 Miles,North America,0,29-34,45.4545454545455
M,F,1,Si,Bachelors,Skilled Manual,1,0,0-1 Miles,North America,0,35-40,45.4545454545455
M,F,1,Si,Bachelors,Skilled Manual,1,0,2-5 Miles,North America,1,35-40,45.4545454545455
M,F,1,Si,Bachelors,Skilled Manual,1,1,2-5 Miles,North America,0,35-40,45.4545454545455
M,M,1,No,Graduate Degree,Professional,1,0,2-5 Miles,North America,0,35-40,45.4545454545455
M,M,2,Si,Bachelors,Skilled Manual,1,0,2-5 Miles,North America,1,41-45,45.4545454545455
S,F,2,Si,Bachelors,Skilled Manual,1,0,2-5 Miles,North America,1,35-40,45.4545454545455
S,F,2,Si,Bachelors,Skilled Manual,1,0,2-5 Miles,North America,1,35-40,45.4545454545455
M,M,2,Si,Bachelors,Skilled Manual,1,0,2-5 Miles,North America,1,35-40,45.4545454545455
M,F,1,No,Graduate Degree,Professional,1,0,0-1 Miles,North America,0,35-40,45.4545454545455
M,M,1,No,Graduate Degree,Professional,1,0,2-5 Miles,North America,0,35-40,45.4545454545455
M,F,1,No,Graduate Degree,Professional,1,0,0-1 Miles,North America,0,35-40,45.4545454545455
M,M,1,No,Graduate Degree,Professional,1,0,2-5 Miles,North America,0,35-40,45.4545454545455
M,F,1,No,Graduate Degree,Professional,1,0,2-5 Miles,North America,0,29-34,45.4545454545455
M,M,1,No,Graduate Degree,Professional,1,0,0-1 Miles,North America,0,35-40,45.4545454545455
S,M,1,No,Graduate Degree,Professional,1,0,2-5 Miles,North America,0,29-34,45.4545454545455
S,F,4,Si,High School,Skilled Manual,1,3,10+ Miles,North America,1,41-45,27.2727272727273
M,M,2,Si,Bachelors,Skilled Manual,1,0,2-5 Miles,North America,1,35-40,45.4545454545455
S,F,0,No,Bachelors,Professional,0,1,0-1 Miles,North America,1,29-34,27.2727272727273
S,F,0,No,Bachelors,Professional,0,1,2-5 Miles,North America,1,41-45,27.2727272727273
M,F,1,No,Graduate Degree,Professional,1,0,2-5 Miles,North America,0,29-34,45.4545454545455
M,F,4,No,Graduate Degree,Professional,1,0,0-1 Miles,North America,1,35-40,63.6363636363636
M,F,2,No,Graduate Degree,Professional,1,0,0-1 Miles,North America,1,29-34,72.7272727272727
S,M,2,Si,Bachelors,Skilled Manual,0,1,0-1 Miles,North America,0,41-45,63.6363636363636
S,F,2,Si,Bachelors,Skilled Manual,1,1,0-1 Miles,North America,0,41-45,63.6363636363636
S,M,3,Si,Bachelors,Skilled Manual,0,0,0-1 Miles,North America,1,41-45,45.4545454545455
S,F,3,Si,Bachelors,Skilled Manual,1,0,2-5 Miles,North America,1,29-34,45.4545454545455
S,M,3,Si,Bachelors,Skilled Manual,1,0,2-5 Miles,North America,1,41-45,45.4545454545455
M,M,3,Si,Bachelors,Skilled Manual,1,0,2-5 Miles,North America,0,41-45,45.4545454545455
M,F,0,No,Graduate Degree,Professional,1,0,2-5 Miles,North America,0,35-40,45.4545454545455
M,F,4,No,Graduate Degree,Professional,1,0,0-1 Miles,North America,1,41-45,63.6363636363636
M,F,4,No,Graduate Degree,Professional,1,0,2-5 Miles,North America,0,41-45,63.6363636363636
M,F,2,No,Graduate Degree,Professional,1,0,0-1 Miles,North America,0,35-40,45.4545454545455
M,F,5,No,Graduate Degree,Professional,1,0,0-1 Miles,North America,1,41-45,63.6363636363636
M,F,5,No,Graduate Degree,Professional,1,0,2-5 Miles,North America,1,35-40,63.6363636363636
S,F,5,Si,Graduate Degree,Professional,1,2,2-5 Miles,North America,0,35-40,63.6363636363636
M,M,5,Si,Graduate Degree,Professional,1,3,10+ Miles,North America,0,35-40,63.6363636363636
M,M,5,Si,Graduate Degree,Professional,0,3,10+ Miles,North America,0,35-40,63.6363636363636
S,M,3,No,Graduate Degree,Professional,1,0,0-1 Miles,North America,1,29-34,72.7272727272727
M,M,3,No,Graduate Degree,Professional,1,0,0-1 Miles,North America,1,35-40,72.7272727272727
S,F,0,No,Bachelors,Professional,1,1,2-5 Miles,North America,0,41-45,27.2727272727273
S,F,0,No,Bachelors,Professional,0,1,0-1 Miles,North America,0,35-40,27.2727272727273
S,M,0,No,Bachelors,Professional,0,1,0-1 Miles,North America,0,41-45,27.2727272727273
S,M,3,Si,Bachelors,Skilled Manual,1,1,2-5 Miles,North America,0,41-45,72.7272727272727
M,M,3,Si,Bachelors,Skilled Manual,1,2,2-5 Miles,North America,0,41-45,72.7272727272727
S,F,3,Si,Bachelors,Skilled Manual,1,2,2-5 Miles,North America,1,35-40,72.7272727272727
S,F,3,Si,Bachelors,Skilled Manual,1,2,2-5 Miles,North America,1,35-40,72.7272727272727
S,M,3,Si,Bachelors,Skilled Manual,1,3,10+ Miles,North America,0,41-45,72.7272727272727
M,M,4,Si,Bachelors,Skilled Manual,1,0,2-5 Miles,North America,0,41-45,72.7272727272727
M,F,0,No,Graduate Degree,Professional,1,1,2-5 Miles,North America,0,41-45,45.4545454545455
M,M,0,No,Graduate Degree,Professional,1,1,2-5 Miles,North America,0,41-45,45.4545454545455
S,M,0,No,Bachelors,Professional,0,1,2-5 Miles,North America,1,46-50,27.2727272727273
M,M,5,Si,Bachelors,Skilled Manual,1,2,2-5 Miles,North America,0,35-40,45.4545454545455
S,F,5,Si,Bachelors,Skilled Manual,1,3,5-10 Miles,North America,1,41-45,45.4545454545455
S,F,5,Si,Bachelors,Skilled Manual,1,3,5-10 Miles,North America,1,41-45,45.4545454545455
S,M,0,No,Bachelors,Professional,0,1,0-1 Miles,North America,0,35-40,27.2727272727273
S,F,0,No,Bachelors,Professional,0,1,0-1 Miles,North America,0,35-40,45.4545454545455
S,F,3,Si,Graduate Degree,Professional,1,0,2-5 Miles,North America,0,46-50,45.4545454545455
M,M,1,No,Bachelors,Professional,0,1,0-1 Miles,North America,0,46-50,63.6363636363636
S,F,1,No,Bachelors,Professional,1,1,2-5 Miles,North America,0,46-50,63.6363636363636
S,M,1,No,Bachelors,Professional,1,1,2-5 Miles,North America,0,41-45,63.6363636363636
S,F,1,No,Bachelors,Professional,0,1,0-1 Miles,North America,0,46-50,63.6363636363636
S,F,1,No,Bachelors,Professional,0,1,2-5 Miles,North America,0,46-50,63.6363636363636
S,F,1,No,Bachelors,Professional,1,1,2-5 Miles,North America,0,41-45,63.6363636363636
S,F,1,No,Bachelors,Professional,0,1,2-5 Miles,North America,0,41-45,63.6363636363636
M,F,1,No,Partial College,Skilled Manual,1,1,2-5 Miles,North America,0,41-45,63.6363636363636
M,F,1,No,Partial College,Skilled Manual,1,1,0-1 Miles,North America,0,41-45,63.6363636363636
M,M,1,No,Partial College,Skilled Manual,1,1,2-5 Miles,North America,0,35-40,63.6363636363636
M,M,1,No,Partial College,Skilled Manual,1,1,0-1 Miles,North America,0,41-45,63.6363636363636
M,M,4,Si,High School,Skilled Manual,1,3,10+ Miles,North America,0,46-50,27.2727272727273
M,M,4,Si,High School,Skilled Manual,1,3,10+ Miles,North America,0,46-50,27.2727272727273
M,M,4,Si,High School,Skilled Manual,1,2,0-1 Miles,North America,0,46-50,27.2727272727273
M,F,1,No,Partial College,Skilled Manual,1,1,0-1 Miles,North America,0,35-40,45.4545454545455
M,M,4,Si,High School,Skilled Manual,0,2,0-1 Miles,North America,0,46-50,27.2727272727273
S,F,4,Si,High School,Skilled Manual,1,2,2-5 Miles,North America,0,46-50,27.2727272727273
M,M,0,No,Bachelors,Professional,0,1,0-1 Miles,North America,0,46-50,27.2727272727273
S,F,0,No,Partial College,Skilled Manual,0,1,0-1 Miles,North America,0,35-40,63.6363636363636
S,M,0,No,Partial College,Skilled Manual,1,1,2-5 Miles,North America,0,35-40,63.6363636363636
S,M,0,No,Graduate Degree,Professional,1,1,2-5 Miles,North America,0,41-45,45.4545454545455
S,M,0,No,Graduate Degree,Professional,0,1,0-1 Miles,North America,1,41-45,45.4545454545455
S,M,0,No,Graduate Degree,Professional,0,1,2-5 Miles,North America,0,41-45,45.4545454545455
S,F,0,No,Graduate Degree,Professional,0,1,2-5 Miles,North America,0,35-40,45.4545454545455
M,F,3,No,High School,Skilled Manual,0,2,0-1 Miles,North America,0,65+,9.09090909090909
M,F,1,No,Partial College,Skilled Manual,1,1,2-5 Miles,North America,0,46-50,45.4545454545455
M,M,2,No,Graduate Degree,Professional,1,0,0-1 Miles,North America,1,46-50,72.7272727272727
S,M,3,No,Graduate Degree,Professional,1,0,0-1 Miles,North America,1,46-50,72.7272727272727
M,F,1,No,Partial College,Skilled Manual,1,1,2-5 Miles,North America,0,35-40,72.7272727272727
M,F,1,No,Bachelors,Professional,1,1,2-5 Miles,North America,0,41-45,45.4545454545455
M,M,1,No,Bachelors,Professional,1,1,2-5 Miles,North America,0,51-55,45.4545454545455
M,F,5,Si,Graduate Degree,Professional,1,0,2-5 Miles,North America,0,51-55,63.6363636363636
M,F,5,No,Graduate Degree,Professional,1,0,0-1 Miles,North America,1,51-55,72.7272727272727
M,F,1,No,Graduate Degree,Management,0,0,0-1 Miles,Pacific,1,35-40,81.8181818181818
S,F,1,No,Graduate Degree,Management,1,0,0-1 Miles,Pacific,1,35-40,81.8181818181818
M,F,1,No,Graduate Degree,Management,1,0,0-1 Miles,Pacific,1,35-40,81.8181818181818
S,F,1,No,Graduate Degree,Management,1,0,0-1 Miles,Pacific,1,35-40,81.8181818181818
M,M,2,Si,Bachelors,Professional,1,1,0-1 Miles,Pacific,1,35-40,45.4545454545455
M,M,2,Si,Bachelors,Professional,1,1,2-5 Miles,Pacific,0,35-40,45.4545454545455
M,M,2,Si,Bachelors,Professional,1,1,2-5 Miles,Pacific,0,35-40,45.4545454545455
S,F,4,Si,Graduate Degree,Management,1,1,0-1 Miles,Pacific,1,35-40,72.7272727272727
M,M,5,Si,Graduate Degree,Management,1,2,0-1 Miles,Pacific,1,35-40,72.7272727272727
M,F,2,No,Bachelors,Professional,1,0,1-2 Miles,Pacific,1,35-40,81.8181818181818
M,F,2,Si,Bachelors,Professional,1,1,2-5 Miles,Pacific,0,41-45,45.4545454545455
S,F,2,Si,Bachelors,Professional,0,1,0-1 Miles,Pacific,1,35-40,45.4545454545455
S,F,5,Si,Bachelors,Professional,1,3,10+ Miles,Pacific,1,41-45,63.6363636363636
M,M,1,No,Graduate Degree,Management,1,1,5-10 Miles,Pacific,1,35-40,90.9090909090909
S,M,1,No,Graduate Degree,Management,1,1,0-1 Miles,Pacific,1,35-40,90.9090909090909
M,M,5,Si,Graduate Degree,Management,0,2,0-1 Miles,Pacific,0,41-45,72.7272727272727
M,F,5,Si,Graduate Degree,Management,1,2,0-1 Miles,Pacific,0,35-40,72.7272727272727
M,M,5,Si,Graduate Degree,Management,0,2,0-1 Miles,Pacific,0,41-45,72.7272727272727
M,F,5,Si,Graduate Degree,Management,0,3,0-1 Miles,Pacific,0,41-45,72.7272727272727
S,F,0,No,Bachelors,Professional,0,0,2-5 Miles,Pacific,1,41-45,81.8181818181818
S,F,2,Si,Bachelors,Professional,0,1,0-1 Miles,Pacific,1,41-45,45.4545454545455
M,M,3,Si,Bachelors,Professional,1,1,0-1 Miles,Pacific,0,35-40,45.4545454545455
M,F,3,Si,Bachelors,Professional,1,1,5-10 Miles,Pacific,0,41-45,45.4545454545455
M,F,3,Si,Bachelors,Professional,1,2,5-10 Miles,Pacific,1,35-40,45.4545454545455
S,F,0,No,Bachelors,Professional,0,1,0-1 Miles,Pacific,1,41-45,63.6363636363636
S,F,0,No,Bachelors,Professional,0,1,0-1 Miles,Pacific,1,41-45,63.6363636363636
M,M,4,Si,Bachelors,Professional,0,1,0-1 Miles,Pacific,0,41-45,45.4545454545455
M,M,2,No,Bachelors,Management,1,2,0-1 Miles,North America,0,29-34,81.8181818181818
S,F,2,No,Bachelors,Management,0,3,1-2 Miles,North America,0,41-45,81.8181818181818
M,M,1,Si,Graduate Degree,Management,1,2,1-2 Miles,North America,1,41-45,90.9090909090909
M,M,0,No,Partial College,Skilled Manual,1,1,5-10 Miles,North America,0,29-34,18.1818181818182
M,M,5,No,High School,Skilled Manual,1,4,5-10 Miles,Pacific,1,56-65,9.09090909090909
S,F,0,No,Partial College,Skilled Manual,1,1,5-10 Miles,North America,1,29-34,45.4545454545455
M,M,2,Si,Partial High School,Clerical,1,2,5-10 Miles,Pacific,1,56-65,9.09090909090909
S,F,2,No,Partial College,Clerical,1,2,5-10 Miles,Pacific,1,56-65,18.1818181818182
M,M,2,Si,Partial High School,Clerical,1,2,5-10 Miles,Pacific,1,56-65,9.09090909090909
S,F,4,No,High School,Skilled Manual,1,2,5-10 Miles,Pacific,0,56-65,9.09090909090909
M,M,2,No,Partial College,Clerical,0,2,5-10 Miles,Pacific,1,56-65,18.1818181818182
M,M,2,No,Partial College,Clerical,0,2,1-2 Miles,Pacific,1,56-65,18.1818181818182
S,F,2,Si,Partial High School,Clerical,1,2,5-10 Miles,Pacific,0,46-50,9.09090909090909
S,M,0,No,Partial High School,Clerical,1,2,5-10 Miles,North America,1,29-34,27.2727272727273
S,M,0,No,Partial College,Skilled Manual,1,1,5-10 Miles,North America,0,29-34,18.1818181818182
S,F,0,No,Partial College,Skilled Manual,0,1,1-2 Miles,North America,1,29-34,18.1818181818182
S,F,0,No,Partial College,Skilled Manual,1,2,5-10 Miles,North America,0,29-34,45.4545454545455
S,M,0,No,Partial College,Skilled Manual,0,2,1-2 Miles,North America,0,29-34,45.4545454545455
M,M,0,No,Partial College,Skilled Manual,1,2,5-10 Miles,North America,1,29-34,63.6363636363636
S,M,0,No,Partial College,Skilled Manual,0,2,1-2 Miles,North America,0,29-34,45.4545454545455
S,F,2,Si,Partial High School,Clerical,1,2,5-10 Miles,Pacific,0,56-65,9.09090909090909
M,F,3,No,Partial College,Clerical,0,2,5-10 Miles,Pacific,1,56-65,18.1818181818182
S,F,3,No,Partial College,Clerical,1,2,5-10 Miles,Pacific,1,56-65,18.1818181818182
M,M,3,No,High School,Skilled Manual,0,2,1-2 Miles,Pacific,0,51-55,18.1818181818182
M,M,2,No,Bachelors,Management,0,2,1-2 Miles,Pacific,1,51-55,27.2727272727273
S,F,0,No,Partial College,Skilled Manual,0,2,1-2 Miles,North America,1,29-34,9.09090909090909
M,M,3,No,High School,Skilled Manual,1,2,5-10 Miles,Pacific,0,41-45,18.1818181818182
M,M,3,No,High School,Skilled Manual,0,2,1-2 Miles,Pacific,0,56-65,18.1818181818182
M,F,3,No,High School,Skilled Manual,1,2,5-10 Miles,Pacific,0,56-65,18.1818181818182
M,F,3,No,High School,Skilled Manual,0,2,1-2 Miles,Pacific,0,56-65,18.1818181818182
M,F,3,No,High School,Skilled Manual,0,2,1-2 Miles,Pacific,0,56-65,18.1818181818182
M,F,3,No,High School,Skilled Manual,1,2,5-10 Miles,Pacific,0,46-50,18.1818181818182
M,M,3,No,High School,Skilled Manual,1,2,5-10 Miles,Pacific,0,56-65,18.1818181818182
M,M,2,No,Partial College,Clerical,0,2,5-10 Miles,Pacific,0,51-55,27.2727272727273
M,F,2,No,Partial College,Skilled Manual,1,2,5-10 Miles,Pacific,0,56-65,27.2727272727273
M,F,3,No,Partial College,Skilled Manual,0,2,1-2 Miles,Pacific,1,56-65,27.2727272727273
M,M,3,No,Partial College,Skilled Manual,0,2,1-2 Miles,Pacific,1,56-65,27.2727272727273
S,M,2,No,Partial College,Skilled Manual,0,2,1-2 Miles,Pacific,1,51-55,72.7272727272727
S,M,0,No,Partial College,Skilled Manual,0,2,5-10 Miles,North America,0,29-34,27.2727272727273
S,M,0,No,Partial College,Skilled Manual,0,2,1-2 Miles,North America,0,29-34,27.2727272727273
M,M,0,No,Partial College,Skilled Manual,1,2,5-10 Miles,North America,0,29-34,27.2727272727273
S,M,0,No,High School,Skilled Manual,1,2,5-10 Miles,North America,1,29-34,18.1818181818182
S,F,0,No,High School,Skilled Manual,1,2,5-10 Miles,North America,1,29-34,18.1818181818182
S,F,0,No,High School,Skilled Manual,1,2,5-10 Miles,North America,1,29-34,18.1818181818182
M,M,0,No,High School,Skilled Manual,1,2,5-10 Miles,North America,1,29-34,18.1818181818182
M,M,0,No,High School,Skilled Manual,1,2,5-10 Miles,North America,1,35-40,18.1818181818182
M,M,0,No,High School,Skilled Manual,1,2,5-10 Miles,North America,1,29-34,18.1818181818182
S,M,0,No,High School,Skilled Manual,0,2,1-2 Miles,North America,0,35-40,27.2727272727273
S,M,0,No,High School,Skilled Manual,1,2,5-10 Miles,North America,1,35-40,27.2727272727273
S,F,0,No,High School,Skilled Manual,1,2,5-10 Miles,North America,1,29-34,27.2727272727273
S,M,0,No,High School,Skilled Manual,0,2,1-2 Miles,North America,1,29-34,27.2727272727273
S,F,0,No,High School,Skilled Manual,0,2,1-2 Miles,North America,1,35-40,18.1818181818182
S,M,0,No,High School,Skilled Manual,0,2,1-2 Miles,North America,1,35-40,18.1818181818182
S,F,0,No,High School,Skilled Manual,1,2,5-10 Miles,North America,1,35-40,18.1818181818182
S,F,0,No,High School,Skilled Manual,0,2,1-2 Miles,North America,1,29-34,18.1818181818182
M,M,0,No,High School,Skilled Manual,1,2,5-10 Miles,North America,1,35-40,18.1818181818182
S,F,0,No,Partial College,Skilled Manual,1,2,5-10 Miles,North America,0,35-40,45.4545454545455
M,M,0,No,Partial College,Skilled Manual,1,2,5-10 Miles,North America,0,35-40,45.4545454545455
S,F,0,No,Partial College,Professional,1,2,5-10 Miles,North America,0,29-34,63.6363636363636
M,F,0,No,Partial College,Professional,1,2,5-10 Miles,North America,0,29-34,45.4545454545455
M,F,0,No,Partial College,Professional,1,2,5-10 Miles,North America,0,29-34,45.4545454545455
M,M,2,No,High School,Skilled Manual,0,2,1-2 Miles,Pacific,1,51-55,72.7272727272727
S,M,2,No,High School,Skilled Manual,0,2,1-2 Miles,Pacific,1,51-55,72.7272727272727
S,M,2,No,High School,Skilled Manual,0,2,1-2 Miles,Pacific,1,46-50,63.6363636363636
S,F,2,No,High School,Skilled Manual,1,2,5-10 Miles,Pacific,1,51-55,63.6363636363636
S,M,2,No,High School,Professional,0,2,5-10 Miles,Pacific,1,51-55,72.7272727272727
S,F,2,No,High School,Professional,0,2,5-10 Miles,Pacific,1,46-50,72.7272727272727
S,F,2,No,High School,Professional,0,2,1-2 Miles,Pacific,1,51-55,72.7272727272727
S,M,0,Si,Graduate Degree,Management,1,0,2-5 Miles,Pacific,1,51-55,90.9090909090909
S,F,0,No,Partial College,Professional,1,2,5-10 Miles,North America,1,35-40,63.6363636363636
S,M,0,No,High School,Professional,0,2,1-2 Miles,North America,1,35-40,18.1818181818182
S,M,0,No,Partial High School,Skilled Manual,1,2,5-10 Miles,North America,1,35-40,18.1818181818182
S,M,0,No,Partial College,Professional,1,2,5-10 Miles,North America,1,35-40,45.4545454545455
S,M,0,No,Partial College,Professional,1,2,5-10 Miles,North America,1,35-40,45.4545454545455
S,F,0,No,Partial College,Professional,0,2,1-2 Miles,North America,1,35-40,45.4545454545455
M,F,1,Si,Bachelors,Management,1,2,0-1 Miles,Pacific,1,46-50,90.9090909090909
S,M,0,Si,Graduate Degree,Management,0,3,0-1 Miles,Pacific,1,46-50,90.9090909090909
S,F,0,Si,Graduate Degree,Management,0,3,0-1 Miles,Pacific,1,41-45,90.9090909090909
M,M,0,Si,Graduate Degree,Management,1,4,0-1 Miles,North America,0,35-40,90.9090909090909
S,F,2,No,Partial High School,Skilled Manual,0,2,1-2 Miles,North America,1,51-55,72.7272727272727
M,M,2,No,High School,Professional,0,2,5-10 Miles,North America,0,46-50,45.4545454545455
S,M,2,No,High School,Professional,1,2,5-10 Miles,North America,0,51-55,45.4545454545455
M,M,2,No,High School,Professional,0,2,1-2 Miles,North America,0,51-55,45.4545454545455
M,M,2,No,High School,Professional,0,2,5-10 Miles,North America,0,46-50,45.4545454545455
M,M,2,No,High School,Professional,0,2,5-10 Miles,North America,0,51-55,45.4545454545455
M,M,3,Si,Partial College,Professional,0,0,0-1 Miles,North America,0,51-55,63.6363636363636
M,M,2,Si,Bachelors,Management,0,0,0-1 Miles,North America,1,46-50,72.7272727272727
S,M,2,No,Partial College,Professional,1,1,2-5 Miles,North America,1,51-55,81.8181818181818
S,F,2,No,Partial College,Professional,1,1,2-5 Miles,North America,1,51-55,81.8181818181818
S,M,0,No,Bachelors,Professional,0,1,0-1 Miles,Pacific,1,46-50,63.6363636363636
S,M,0,No,Bachelors,Professional,0,1,5-10 Miles,Pacific,1,41-45,63.6363636363636
M,F,1,No,Bachelors,Professional,1,1,0-1 Miles,Pacific,1,46-50,45.4545454545455
M,F,1,No,Bachelors,Professional,1,1,5-10 Miles,Pacific,1,41-45,45.4545454545455
M,F,1,No,Bachelors,Professional,1,1,0-1 Miles,Pacific,1,46-50,45.4545454545455
M,M,1,No,Bachelors,Professional,1,1,5-10 Miles,Pacific,1,46-50,45.4545454545455
M,F,1,No,Bachelors,Professional,1,1,0-1 Miles,Pacific,1,41-45,45.4545454545455
M,M,1,No,Partial College,Skilled Manual,1,1,5-10 Miles,Pacific,1,41-45,45.4545454545455
S,F,1,No,Partial College,Skilled Manual,1,1,5-10 Miles,Pacific,1,46-50,45.4545454545455
S,F,1,No,Partial College,Skilled Manual,1,1,5-10 Miles,Pacific,1,35-40,45.4545454545455
S,M,0,No,Bachelors,Professional,0,1,5-10 Miles,Pacific,1,41-45,81.8181818181818
S,F,0,No,Bachelors,Professional,0,1,5-10 Miles,Pacific,1,41-45,81.8181818181818
S,M,0,No,Graduate Degree,Management,1,1,5-10 Miles,Pacific,1,29-34,90.9090909090909
S,M,0,No,Graduate Degree,Management,0,2,0-1 Miles,Pacific,0,41-45,90.9090909090909
S,F,0,No,Graduate Degree,Management,0,3,0-1 Miles,Pacific,1,41-45,90.9090909090909
M,F,1,No,Partial College,Skilled Manual,1,1,5-10 Miles,Pacific,1,46-50,45.4545454545455
S,F,0,No,Bachelors,Professional,0,1,0-1 Miles,Pacific,1,41-45,63.6363636363636
M,M,5,Si,Bachelors,Professional,1,4,0-1 Miles,Pacific,0,35-40,72.7272727272727
M,F,5,Si,Bachelors,Professional,1,4,1-2 Miles,Pacific,0,35-40,72.7272727272727
M,F,0,No,Bachelors,Professional,1,1,1-2 Miles,Pacific,1,41-45,72.7272727272727
S,F,0,No,Bachelors,Professional,0,1,0-1 Miles,Pacific,1,35-40,63.6363636363636
S,M,0,No,Bachelors,Professional,0,1,5-10 Miles,Pacific,0,46-50,63.6363636363636
S,M,0,No,Bachelors,Professional,0,1,5-10 Miles,Pacific,0,35-40,63.6363636363636
S,F,0,No,Bachelors,Professional,0,1,0-1 Miles,Pacific,1,46-50,63.6363636363636
S,M,0,No,Bachelors,Professional,0,1,5-10 Miles,Pacific,0,41-45,63.6363636363636
S,F,0,No,Bachelors,Professional,0,1,0-1 Miles,Pacific,1,35-40,63.6363636363636
S,F,0,No,Bachelors,Professional,1,1,5-10 Miles,Pacific,1,41-45,63.6363636363636
M,M,1,No,Bachelors,Professional,1,1,2-5 Miles,Pacific,1,41-45,81.8181818181818
M,F,1,No,Bachelors,Professional,1,1,2-5 Miles,Pacific,1,46-50,81.8181818181818
S,M,1,No,Bachelors,Professional,1,1,2-5 Miles,Pacific,1,51-55,81.8181818181818
S,M,5,No,Bachelors,Professional,1,1,5-10 Miles,Pacific,1,46-50,81.8181818181818
S,F,1,No,Graduate Degree,Management,1,1,5-10 Miles,Pacific,1,65+,45.4545454545455
S,M,1,No,Partial College,Skilled Manual,1,1,5-10 Miles,Pacific,1,51-55,72.7272727272727
M,F,2,No,Partial College,Clerical,0,2,5-10 Miles,Pacific,0,65+,18.1818181818182
M,F,5,Si,Partial College,Skilled Manual,0,3,5-10 Miles,Pacific,0,46-50,63.6363636363636
M,F,5,Si,Partial College,Skilled Manual,1,3,5-10 Miles,Pacific,0,46-50,63.6363636363636
S,F,1,No,Partial College,Skilled Manual,0,1,0-1 Miles,Pacific,1,46-50,63.6363636363636
M,F,2,No,Bachelors,Management,1,1,5-10 Miles,Pacific,0,56-65,27.2727272727273
M,M,2,No,Bachelors,Management,1,1,0-1 Miles,Pacific,0,56-65,27.2727272727273
M,M,0,No,High School,Skilled Manual,1,1,5-10 Miles,North America,1,35-40,27.2727272727273
M,F,0,No,High School,Skilled Manual,1,2,5-10 Miles,North America,1,35-40,27.2727272727273
S,F,0,No,High School,Skilled Manual,0,2,0-1 Miles,North America,0,29-34,27.2727272727273
M,M,0,No,High School,Skilled Manual,1,2,5-10 Miles,North America,1,29-34,27.2727272727273
S,F,0,No,High School,Skilled Manual,0,2,0-1 Miles,North America,0,29-34,27.2727272727273
M,M,0,No,High School,Skilled Manual,0,2,0-1 Miles,North America,0,29-34,18.1818181818182
M,M,0,No,High School,Skilled Manual,1,2,5-10 Miles,North America,1,29-34,18.1818181818182
M,F,5,No,High School,Skilled Manual,1,2,5-10 Miles,Pacific,0,56-65,9.09090909090909
S,F,2,No,Partial College,Clerical,1,2,5-10 Miles,Pacific,0,65+,18.1818181818182
S,M,0,No,High School,Skilled Manual,1,2,5-10 Miles,North America,0,29-34,27.2727272727273
M,F,0,No,High School,Skilled Manual,1,2,5-10 Miles,North America,1,29-34,27.2727272727273
S,M,0,No,High School,Skilled Manual,1,2,5-10 Miles,North America,0,29-34,27.2727272727273
M,M,0,No,High School,Skilled Manual,0,2,0-1 Miles,North America,1,29-34,27.2727272727273
M,M,2,No,Graduate Degree,Management,1,1,0-1 Miles,Pacific,0,56-65,45.4545454545455
M,M,2,No,Partial College,Clerical,0,2,0-1 Miles,Pacific,1,56-65,18.1818181818182
M,F,2,No,Partial College,Clerical,0,2,5-10 Miles,Pacific,0,65+,18.1818181818182
M,F,2,No,Bachelors,Management,1,2,0-1 Miles,Pacific,0,65+,27.2727272727273
M,M,2,No,Bachelors,Management,1,2,5-10 Miles,Pacific,0,65+,27.2727272727273
M,M,2,No,Graduate Degree,Management,1,1,5-10 Miles,Pacific,1,65+,63.6363636363636
M,M,0,No,High School,Skilled Manual,1,2,5-10 Miles,North America,1,29-34,27.2727272727273
S,F,0,No,Partial College,Skilled Manual,1,1,5-10 Miles,North America,0,29-34,27.2727272727273
M,M,0,No,Partial College,Skilled Manual,1,1,5-10 Miles,North America,0,29-34,27.2727272727273
S,F,0,No,Partial College,Skilled Manual,1,1,5-10 Miles,North America,0,29-34,27.2727272727273
S,M,0,No,Partial College,Skilled Manual,0,1,1-2 Miles,North America,1,29-34,27.2727272727273
M,M,0,No,Partial College,Skilled Manual,0,1,1-2 Miles,North America,0,29-34,27.2727272727273
S,M,0,No,Partial College,Skilled Manual,0,1,1-2 Miles,North America,0,35-40,18.1818181818182
S,F,0,No,Partial College,Skilled Manual,1,1,5-10 Miles,North America,0,35-40,18.1818181818182
S,M,0,No,Bachelors,Management,0,1,1-2 Miles,North America,0,35-40,72.7272727272727
S,M,0,No,Bachelors,Management,1,1,1-2 Miles,North America,0,35-40,72.7272727272727
S,F,0,No,Bachelors,Management,1,1,1-2 Miles,North America,0,41-45,72.7272727272727
S,F,0,No,Bachelors,Management,0,1,1-2 Miles,North America,0,41-45,72.7272727272727
M,M,0,No,Bachelors,Management,0,1,0-1 Miles,North America,1,41-45,72.7272727272727
S,F,0,No,Bachelors,Management,0,1,1-2 Miles,North America,1,41-45,72.7272727272727
M,M,4,Si,Bachelors,Management,1,1,0-1 Miles,North America,0,41-45,81.8181818181818
S,M,0,No,Graduate Degree,Management,0,2,0-1 Miles,North America,1,41-45,90.9090909090909
S,F,0,No,Partial College,Skilled Manual,0,2,5-10 Miles,North America,1,46-50,63.6363636363636
S,F,4,Si,Bachelors,Management,1,0,1-2 Miles,North America,1,46-50,72.7272727272727
M,M,5,No,Bachelors,Management,1,2,1-2 Miles,North America,0,65+,72.7272727272727
M,F,5,No,Bachelors,Management,1,2,5-10 Miles,North America,0,65+,72.7272727272727
M,M,5,No,Bachelors,Management,1,2,1-2 Miles,North America,0,65+,81.8181818181818
M,M,5,No,Bachelors,Management,0,2,1-2 Miles,North America,0,56-65,81.8181818181818
M,M,5,No,Bachelors,Management,1,2,5-10 Miles,North America,0,65+,81.8181818181818
M,M,5,No,Bachelors,Management,1,2,5-10 Miles,North America,0,56-65,81.8181818181818
M,M,2,Si,Graduate Degree,Management,1,3,5-10 Miles,North America,0,65+,81.8181818181818
M,M,2,Si,Graduate Degree,Management,0,2,5-10 Miles,North America,0,65+,90.9090909090909
M,M,2,Si,Graduate Degree,Management,1,2,5-10 Miles,North America,0,65+,90.9090909090909
M,M,2,Si,Graduate Degree,Management,1,3,5-10 Miles,North America,0,65+,90.9090909090909
S,F,2,Si,Graduate Degree,Management,1,3,5-10 Miles,North America,1,56-65,90.9090909090909
S,M,2,Si,Graduate Degree,Management,1,3,5-10 Miles,North America,1,65+,90.9090909090909
M,F,5,No,Bachelors,Management,1,2,1-2 Miles,North America,0,56-65,81.8181818181818
M,M,2,Si,Bachelors,Management,1,2,5-10 Miles,North America,0,65+,90.9090909090909
M,M,2,Si,Bachelors,Management,1,2,5-10 Miles,North America,0,65+,90.9090909090909
M,M,2,Si,Bachelors,Management,1,2,5-10 Miles,North America,0,65+,90.9090909090909
M,M,2,Si,Bachelors,Management,1,2,5-10 Miles,North America,0,51-55,90.9090909090909
M,F,2,Si,Bachelors,Management,0,3,5-10 Miles,North America,0,56-65,90.9090909090909
M,F,2,Si,Graduate Degree,Management,1,3,5-10 Miles,North America,0,65+,90.9090909090909
M,F,2,Si,Bachelors,Management,1,4,5-10 Miles,North America,0,65+,90.9090909090909
S,M,2,Si,Bachelors,Management,0,4,0-1 Miles,North America,0,65+,90.9090909090909
M,F,2,Si,Bachelors,Management,0,4,5-10 Miles,North America,0,65+,90.9090909090909
S,M,4,No,Bachelors,Management,1,2,10+ Miles,North America,0,56-65,63.6363636363636
S,F,4,No,Bachelors,Management,0,2,1-2 Miles,North America,1,56-65,63.6363636363636
S,F,4,No,Bachelors,Management,1,2,1-2 Miles,North America,1,56-65,63.6363636363636
S,F,4,No,Bachelors,Management,1,2,10+ Miles,North America,0,56-65,63.6363636363636
M,M,5,No,Bachelors,Management,1,2,1-2 Miles,North America,1,56-65,63.6363636363636
S,F,5,No,Bachelors,Management,1,2,2-5 Miles,North America,0,56-65,63.6363636363636
M,M,5,No,Bachelors,Management,1,2,10+ Miles,North America,0,56-65,63.6363636363636
S,F,5,No,Bachelors,Management,1,3,10+ Miles,North America,1,56-65,63.6363636363636
M,F,4,No,Bachelors,Management,1,2,10+ Miles,North America,1,56-65,45.4545454545455
M,M,4,No,Bachelors,Management,1,2,10+ Miles,North America,1,56-65,45.4545454545455
M,M,4,No,Bachelors,Management,1,2,2-5 Miles,North America,0,56-65,45.4545454545455
M,M,4,No,Bachelors,Management,1,2,10+ Miles,North America,1,56-65,45.4545454545455
M,F,4,No,Bachelors,Management,1,2,2-5 Miles,North America,0,56-65,45.4545454545455
M,M,4,No,Bachelors,Management,1,3,2-5 Miles,North America,1,56-65,45.4545454545455
M,F,5,No,Bachelors,Management,1,3,10+ Miles,North America,0,56-65,45.4545454545455
M,F,5,No,Bachelors,Management,1,3,10+ Miles,North America,0,56-65,45.4545454545455
S,M,5,No,Bachelors,Management,1,3,10+ Miles,North America,1,56-65,45.4545454545455
M,F,5,No,Bachelors,Management,1,3,10+ Miles,North America,0,56-65,45.4545454545455
M,M,5,No,Bachelors,Management,1,3,10+ Miles,North America,0,56-65,45.4545454545455
M,F,3,Si,Bachelors,Management,1,1,10+ Miles,North America,1,56-65,63.6363636363636
M,F,3,Si,Bachelors,Management,1,1,10+ Miles,North America,1,56-65,63.6363636363636
M,M,4,Si,Bachelors,Management,0,1,1-2 Miles,North America,0,56-65,63.6363636363636
S,M,4,Si,Bachelors,Management,1,1,10+ Miles,North America,0,56-65,63.6363636363636
M,F,4,Si,Bachelors,Management,1,1,10+ Miles,North America,1,56-65,63.6363636363636
M,M,5,No,Bachelors,Management,0,3,2-5 Miles,North America,1,56-65,45.4545454545455
M,F,5,No,Bachelors,Management,1,3,10+ Miles,North America,1,56-65,45.4545454545455
M,M,5,No,Bachelors,Management,1,3,2-5 Miles,North America,0,56-65,45.4545454545455
M,M,5,No,Bachelors,Management,1,3,10+ Miles,North America,0,56-65,45.4545454545455
M,M,4,Si,Bachelors,Management,1,1,1-2 Miles,North America,0,56-65,63.6363636363636
M,F,4,Si,Bachelors,Management,1,1,10+ Miles,North America,1,56-65,63.6363636363636
M,F,2,Si,High School,Professional,1,2,2-5 Miles,North America,0,56-65,27.2727272727273
S,F,2,Si,Partial College,Professional,1,1,10+ Miles,North America,0,56-65,45.4545454545455
M,M,2,Si,Partial College,Professional,1,1,10+ Miles,North America,1,56-65,45.4545454545455
S,M,2,Si,Partial College,Professional,1,1,10+ Miles,North America,0,56-65,45.4545454545455
M,M,2,Si,Partial College,Professional,1,2,10+ Miles,North America,0,56-65,45.4545454545455
M,M,2,Si,Partial College,Professional,1,2,10+ Miles,North America,0,56-65,45.4545454545455
M,M,4,Si,Bachelors,Management,0,2,1-2 Miles,North America,1,56-65,63.6363636363636
M,M,4,Si,Bachelors,Management,1,2,10+ Miles,North America,1,56-65,63.6363636363636
M,M,2,Si,Partial High School,Skilled Manual,1,2,2-5 Miles,North America,0,51-55,27.2727272727273
M,M,2,Si,Bachelors,Management,1,0,10+ Miles,North America,0,51-55,45.4545454545455
M,F,2,Si,Partial High School,Skilled Manual,1,2,10+ Miles,North America,1,51-55,27.2727272727273
S,M,4,Si,Partial College,Professional,1,1,10+ Miles,North America,0,51-55,63.6363636363636
S,F,2,Si,High School,Professional,1,2,10+ Miles,North America,1,56-65,63.6363636363636
M,M,2,Si,High School,Professional,1,2,2-5 Miles,North America,0,56-65,63.6363636363636
M,M,2,Si,Partial College,Professional,0,1,2-5 Miles,North America,0,56-65,45.4545454545455
M,F,3,Si,High School,Professional,1,2,10+ Miles,North America,1,56-65,45.4545454545455
M,M,3,Si,High School,Professional,1,2,10+ Miles,North America,1,51-55,45.4545454545455
M,F,3,Si,High School,Professional,1,2,10+ Miles,North America,1,56-65,45.4545454545455
M,M,4,Si,Partial College,Professional,1,2,10+ Miles,North America,1,56-65,63.6363636363636
M,F,4,Si,Partial College,Professional,1,2,10+ Miles,North America,1,51-55,63.6363636363636
M,M,2,Si,Partial College,Professional,1,4,5-10 Miles,Europe,1,41-45,90.9090909090909
M,F,2,Si,Partial College,Professional,1,2,0-1 Miles,Europe,1,51-55,90.9090909090909
M,F,2,Si,Partial College,Professional,1,2,0-1 Miles,Europe,1,35-40,90.9090909090909
M,F,1,Si,Partial College,Professional,1,3,0-1 Miles,Europe,1,51-55,90.9090909090909
M,M,2,Si,Partial College,Professional,1,2,0-1 Miles,Europe,1,51-55,90.9090909090909
S,F,2,Si,Partial College,Professional,0,2,0-1 Miles,Europe,1,51-55,90.9090909090909
M,M,2,Si,Partial College,Professional,1,2,0-1 Miles,Europe,1,51-55,90.9090909090909
M,F,2,Si,Partial College,Professional,1,2,5-10 Miles,Europe,1,51-55,90.9090909090909
M,M,2,Si,Partial College,Professional,0,2,5-10 Miles,Europe,1,51-55,90.9090909090909
M,M,3,Si,Partial College,Professional,1,2,0-1 Miles,Europe,1,51-55,90.9090909090909
M,F,3,Si,Partial College,Professional,0,2,5-10 Miles,Europe,1,51-55,90.9090909090909
M,M,2,Si,High School,Professional,1,4,0-1 Miles,Europe,0,51-55,90.9090909090909
S,F,2,Si,Partial College,Professional,1,4,5-10 Miles,Europe,1,51-55,90.9090909090909
M,F,3,Si,High School,Professional,1,4,5-10 Miles,Europe,1,51-55,90.9090909090909
S,M,3,Si,High School,Professional,1,4,5-10 Miles,Europe,1,51-55,90.9090909090909
M,M,3,No,Partial College,Professional,0,2,0-1 Miles,North America,0,51-55,63.6363636363636
M,M,4,No,High School,Professional,0,2,1-2 Miles,North America,0,65+,18.1818181818182
M,F,3,No,Partial College,Professional,0,2,1-2 Miles,North America,0,65+,27.2727272727273
S,F,2,No,Graduate Degree,Management,0,2,1-2 Miles,North America,1,65+,45.4545454545455
S,M,2,No,Graduate Degree,Management,1,2,5-10 Miles,North America,1,65+,45.4545454545455
M,M,2,No,Graduate Degree,Management,1,2,5-10 Miles,North America,1,65+,45.4545454545455
S,F,3,No,Graduate Degree,Management,1,1,5-10 Miles,North America,0,65+,81.8181818181818
S,F,1,Si,Graduate Degree,Management,1,2,2-5 Miles,North America,1,65+,90.9090909090909
S,M,4,Si,Partial College,Professional,1,3,2-5 Miles,North America,1,41-45,81.8181818181818
M,M,3,Si,Bachelors,Management,1,4,0-1 Miles,North America,0,41-45,81.8181818181818
M,F,3,Si,Bachelors,Management,1,4,0-1 Miles,North America,0,35-40,81.8181818181818
S,M,4,Si,Partial College,Professional,1,4,2-5 Miles,North America,1,41-45,81.8181818181818
S,M,2,Si,Bachelors,Management,1,3,2-5 Miles,North America,1,41-45,90.9090909090909
M,F,1,Si,Graduate Degree,Management,1,4,1-2 Miles,North America,1,41-45,90.9090909090909
M,F,5,Si,Partial College,Professional,1,3,2-5 Miles,North America,1,29-34,81.8181818181818
M,M,4,Si,Bachelors,Management,1,4,2-5 Miles,North America,0,35-40,90.9090909090909
M,F,4,Si,Partial College,Professional,1,4,2-5 Miles,North America,0,29-34,90.9090909090909
M,M,3,No,Partial College,Professional,0,2,0-1 Miles,North America,1,51-55,72.7272727272727
M,F,3,No,Partial College,Professional,0,2,2-5 Miles,North America,1,51-55,72.7272727272727
M,F,4,Si,Partial College,Professional,1,2,0-1 Miles,North America,0,46-50,72.7272727272727
S,F,0,No,Partial College,Professional,0,1,10+ Miles,North America,1,35-40,81.8181818181818
S,M,4,Si,Bachelors,Management,1,4,5-10 Miles,North America,1,46-50,90.9090909090909
M,M,4,Si,Partial College,Professional,1,3,5-10 Miles,North America,1,35-40,90.9090909090909
M,F,5,Si,Partial College,Professional,1,3,5-10 Miles,North America,0,35-40,63.6363636363636
M,M,5,Si,Partial College,Professional,1,3,5-10 Miles,North America,0,46-50,72.7272727272727
M,F,5,Si,Partial College,Professional,1,3,5-10 Miles,North America,0,46-50,72.7272727272727
S,F,5,Si,Partial College,Professional,1,4,5-10 Miles,North America,1,41-45,81.8181818181818
M,F,1,Si,Bachelors,Management,1,2,5-10 Miles,North America,0,46-50,90.9090909090909
M,F,5,Si,Partial College,Professional,1,3,1-2 Miles,North America,0,46-50,72.7272727272727
M,F,4,Si,High School,Professional,1,2,5-10 Miles,North America,0,41-45,81.8181818181818
M,M,1,Si,Bachelors,Management,1,3,5-10 Miles,North America,0,46-50,90.9090909090909
M,M,1,Si,Partial College,Professional,1,4,5-10 Miles,North America,0,46-50,90.9090909090909
M,F,1,Si,Bachelors,Management,0,3,2-5 Miles,North America,1,41-45,90.9090909090909
M,F,1,Si,Bachelors,Management,1,3,2-5 Miles,North America,1,46-50,90.9090909090909
M,M,2,No,High School,Professional,0,2,5-10 Miles,North America,0,46-50,45.4545454545455
S,F,2,No,High School,Professional,1,2,5-10 Miles,North America,0,46-50,45.4545454545455
S,M,2,No,High School,Professional,1,2,5-10 Miles,North America,0,51-55,45.4545454545455
M,M,4,Si,High School,Professional,1,0,1-2 Miles,North America,0,46-50,63.6363636363636
S,F,4,Si,High School,Professional,1,0,5-10 Miles,North America,1,51-55,63.6363636363636
M,M,4,Si,High School,Professional,1,0,5-10 Miles,North America,0,41-45,63.6363636363636
M,F,4,Si,High School,Professional,0,0,1-2 Miles,North America,0,51-55,63.6363636363636
M,F,2,Si,Graduate Degree,Management,1,4,5-10 Miles,North America,0,65+,81.8181818181818
M,F,2,No,Graduate Degree,Management,1,2,5-10 Miles,North America,0,65+,45.4545454545455
M,F,4,No,Bachelors,Management,1,2,5-10 Miles,North America,0,65+,81.8181818181818
M,M,0,Si,Partial College,Professional,1,0,1-2 Miles,North America,0,46-50,81.8181818181818
M,F,0,Si,Partial College,Professional,1,1,5-10 Miles,North America,0,46-50,81.8181818181818
M,F,3,Si,Partial College,Professional,1,4,2-5 Miles,North America,0,46-50,90.9090909090909
M,F,1,Si,High School,Professional,0,4,2-5 Miles,North America,0,41-45,90.9090909090909
M,M,1,Si,High School,Professional,1,4,5-10 Miles,North America,1,46-50,90.9090909090909
M,M,2,No,Partial High School,Skilled Manual,1,2,5-10 Miles,North America,1,51-55,72.7272727272727
M,M,3,No,Partial High School,Skilled Manual,1,2,5-10 Miles,North America,1,51-55,72.7272727272727
S,M,2,No,High School,Professional,1,2,5-10 Miles,North America,0,51-55,45.4545454545455
M,F,2,No,Partial High School,Skilled Manual,1,2,5-10 Miles,North America,0,56-65,45.4545454545455
S,M,3,Si,High School,Professional,1,1,5-10 Miles,North America,1,56-65,63.6363636363636
S,F,3,No,Graduate Degree,Management,0,2,1-2 Miles,North America,0,56-65,63.6363636363636
S,F,3,No,Graduate Degree,Management,0,2,1-2 Miles,North America,0,56-65,63.6363636363636
S,F,3,No,Graduate Degree,Management,1,2,5-10 Miles,North America,0,56-65,63.6363636363636
M,M,3,No,Graduate Degree,Management,0,2,1-2 Miles,North America,0,56-65,63.6363636363636
M,F,2,Si,Bachelors,Management,1,3,0-1 Miles,North America,1,65+,90.9090909090909
M,M,5,No,Bachelors,Management,0,2,1-2 Miles,North America,1,65+,81.8181818181818
M,M,2,Si,Bachelors,Management,0,4,2-5 Miles,North America,1,65+,90.9090909090909
M,F,1,Si,Graduate Degree,Management,1,4,0-1 Miles,North America,0,65+,90.9090909090909
S,M,4,No,Graduate Degree,Management,1,2,5-10 Miles,North America,1,65+,72.7272727272727
M,M,5,No,Bachelors,Management,1,2,1-2 Miles,North America,1,65+,81.8181818181818
M,F,2,Si,Graduate Degree,Management,1,3,1-2 Miles,North America,0,65+,81.8181818181818
M,F,2,Si,Bachelors,Management,1,4,0-1 Miles,North America,0,65+,90.9090909090909
M,M,5,No,Bachelors,Management,1,2,5-10 Miles,North America,0,65+,81.8181818181818
M,F,5,No,Bachelors,Management,0,2,1-2 Miles,North America,0,65+,81.8181818181818
M,F,5,No,Bachelors,Management,1,2,1-2 Miles,North America,0,65+,81.8181818181818
S,F,5,No,Bachelors,Management,1,2,5-10 Miles,North America,0,56-65,81.8181818181818
M,F,2,Si,Graduate Degree,Management,1,3,5-10 Miles,North America,0,65+,81.8181818181818
M,F,5,No,Bachelors,Management,1,2,5-10 Miles,North America,0,56-65,72.7272727272727
S,F,5,No,Bachelors,Management,1,2,5-10 Miles,North America,0,56-65,81.8181818181818
S,F,5,No,Bachelors,Management,1,2,5-10 Miles,North America,0,65+,81.8181818181818
M,F,5,No,Bachelors,Management,1,2,1-2 Miles,North America,1,65+,81.8181818181818
M,M,5,No,Bachelors,Management,1,2,5-10 Miles,North America,0,65+,81.8181818181818
S,M,5,No,Bachelors,Management,1,2,5-10 Miles,North America,0,65+,81.8181818181818
M,F,5,No,Bachelors,Management,1,2,1-2 Miles,North America,1,56-65,81.8181818181818
M,F,2,Si,Bachelors,Management,1,2,5-10 Miles,North America,0,65+,90.9090909090909
M,M,2,Si,Bachelors,Management,1,4,0-1 Miles,North America,1,65+,90.9090909090909
S,M,2,Si,Bachelors,Management,1,3,5-10 Miles,North America,1,65+,90.9090909090909
M,F,2,Si,Bachelors,Management,1,4,5-10 Miles,North America,0,65+,90.9090909090909
M,M,2,Si,Bachelors,Management,1,4,0-1 Miles,North America,1,65+,90.9090909090909
M,F,2,Si,Bachelors,Management,1,4,5-10 Miles,North America,0,65+,90.9090909090909
M,M,2,Si,Graduate Degree,Management,0,2,5-10 Miles,North America,0,65+,90.9090909090909
S,F,4,No,Bachelors,Management,1,2,1-2 Miles,North America,1,56-65,63.6363636363636
S,M,4,No,Bachelors,Management,1,2,10+ Miles,North America,0,56-65,63.6363636363636
S,F,4,No,Graduate Degree,Management,1,2,10+ Miles,North America,1,56-65,45.4545454545455
M,M,5,No,Bachelors,Management,1,2,10+ Miles,North America,1,56-65,63.6363636363636
M,M,5,No,Bachelors,Management,1,2,10+ Miles,North America,1,56-65,63.6363636363636
M,F,4,No,Bachelors,Management,1,2,2-5 Miles,North America,0,56-65,45.4545454545455
S,M,4,No,Bachelors,Management,1,2,10+ Miles,North America,1,56-65,45.4545454545455
M,F,4,No,Bachelors,Management,1,2,10+ Miles,North America,1,56-65,45.4545454545455
M,M,4,No,Bachelors,Management,1,2,10+ Miles,North America,1,56-65,45.4545454545455
M,F,5,No,Bachelors,Management,1,3,10+ Miles,North America,0,56-65,45.4545454545455
M,M,5,No,Bachelors,Management,1,3,2-5 Miles,North America,1,56-65,45.4545454545455
S,F,5,No,Bachelors,Management,1,3,10+ Miles,North America,1,51-55,45.4545454545455
M,F,3,Si,Bachelors,Management,1,1,1-2 Miles,North America,0,56-65,63.6363636363636
S,F,4,Si,Bachelors,Management,1,1,10+ Miles,North America,0,56-65,63.6363636363636
M,M,4,Si,Bachelors,Management,1,1,1-2 Miles,North America,0,56-65,63.6363636363636
M,M,4,Si,Bachelors,Management,1,1,10+ Miles,North America,1,56-65,63.6363636363636
M,F,4,Si,Bachelors,Management,1,1,10+ Miles,North America,1,56-65,63.6363636363636
M,M,4,Si,Bachelors,Management,0,1,1-2 Miles,North America,0,41-45,63.6363636363636
M,F,5,No,Bachelors,Management,1,2,5-10 Miles,North America,1,56-65,72.7272727272727
M,M,2,Si,Partial College,Professional,1,1,10+ Miles,North America,1,56-65,45.4545454545455
S,F,2,Si,Partial College,Professional,1,1,10+ Miles,North America,0,51-55,45.4545454545455
M,M,2,Si,Partial College,Professional,1,2,10+ Miles,North America,0,56-65,45.4545454545455
S,F,2,Si,Partial College,Professional,1,2,10+ Miles,North America,0,56-65,45.4545454545455
M,M,2,Si,Partial College,Professional,0,2,2-5 Miles,North America,0,56-65,45.4545454545455
M,M,2,Si,Partial College,Professional,1,2,10+ Miles,North America,0,56-65,45.4545454545455
M,M,2,Si,Partial College,Professional,1,2,2-5 Miles,North America,0,56-65,45.4545454545455
M,M,4,Si,Bachelors,Management,1,2,10+ Miles,North America,1,56-65,63.6363636363636
M,F,4,Si,Partial College,Professional,1,2,1-2 Miles,North America,1,56-65,63.6363636363636
S,F,2,Si,Partial College,Professional,1,2,2-5 Miles,North America,0,56-65,45.4545454545455
M,F,2,Si,Bachelors,Management,0,0,2-5 Miles,North America,1,56-65,45.4545454545455
M,F,2,Si,Bachelors,Management,1,0,10+ Miles,North America,0,51-55,45.4545454545455
M,M,5,Si,Partial College,Professional,1,2,1-2 Miles,North America,1,51-55,63.6363636363636
S,F,2,Si,Partial College,Professional,1,2,10+ Miles,North America,1,51-55,45.4545454545455
S,M,2,Si,Partial College,Professional,1,2,10+ Miles,North America,1,56-65,45.4545454545455
S,F,2,Si,Partial College,Professional,1,2,10+ Miles,North America,1,56-65,45.4545454545455
M,M,2,Si,Partial College,Professional,0,2,2-5 Miles,North America,0,56-65,45.4545454545455
M,F,2,Si,Partial College,Professional,1,1,10+ Miles,North America,1,56-65,45.4545454545455
S,M,2,Si,Partial College,Professional,1,1,10+ Miles,North America,0,56-65,45.4545454545455
M,F,4,Si,Partial College,Professional,0,1,1-2 Miles,North America,0,56-65,63.6363636363636
M,F,4,Si,Partial College,Professional,0,1,1-2 Miles,North America,0,56-65,63.6363636363636
M,F,2,Si,Partial High School,Skilled Manual,1,3,10+ Miles,North America,1,56-65,27.2727272727273
M,M,2,Si,High School,Professional,1,2,10+ Miles,North America,0,56-65,63.6363636363636
M,M,2,Si,High School,Professional,1,2,2-5 Miles,North America,1,56-65,63.6363636363636
S,M,2,Si,High School,Professional,1,2,10+ Miles,North America,1,56-65,63.6363636363636
M,M,2,Si,High School,Professional,1,2,2-5 Miles,North America,0,56-65,63.6363636363636
M,M,2,Si,High School,Professional,1,2,10+ Miles,North America,1,56-65,63.6363636363636
M,M,2,Si,Partial College,Professional,1,1,10+ Miles,North America,1,51-55,45.4545454545455
M,M,2,Si,Partial College,Professional,1,1,10+ Miles,North America,1,41-45,45.4545454545455
M,M,2,Si,Partial College,Professional,0,2,2-5 Miles,North America,1,56-65,45.4545454545455
M,F,2,Si,Partial College,Professional,0,2,2-5 Miles,North America,1,51-55,45.4545454545455
S,F,3,Si,High School,Professional,1,2,10+ Miles,North America,1,51-55,45.4545454545455
M,M,3,Si,High School,Professional,0,2,2-5 Miles,North America,1,56-65,45.4545454545455
S,F,5,Si,Partial College,Professional,1,2,10+ Miles,North America,1,56-65,63.6363636363636
M,M,2,Si,Partial College,Professional,1,2,0-1 Miles,Europe,1,35-40,90.9090909090909
M,M,2,Si,Partial College,Professional,1,3,5-10 Miles,Europe,1,51-55,90.9090909090909
M,M,2,Si,Partial College,Professional,1,2,5-10 Miles,Europe,1,51-55,90.9090909090909
S,F,2,Si,High School,Professional,0,2,0-1 Miles,Europe,1,51-55,90.9090909090909
M,F,2,Si,Bachelors,Management,1,3,0-1 Miles,Europe,1,51-55,90.9090909090909
M,M,3,Si,Partial College,Professional,1,4,10+ Miles,Europe,0,46-50,90.9090909090909
M,F,3,Si,Partial College,Professional,1,4,10+ Miles,Europe,0,51-55,90.9090909090909
M,F,3,Si,Partial College,Professional,0,3,5-10 Miles,Europe,1,51-55,90.9090909090909
M,M,3,Si,Partial College,Professional,1,3,0-1 Miles,Europe,0,51-55,90.9090909090909
M,M,2,No,Graduate Degree,Management,1,2,5-10 Miles,North America,0,65+,45.4545454545455
M,M,3,No,Graduate Degree,Management,1,1,0-1 Miles,North America,1,65+,72.7272727272727
S,M,1,Si,Graduate Degree,Management,1,3,2-5 Miles,North America,1,65+,81.8181818181818
S,M,1,Si,Graduate Degree,Management,0,2,1-2 Miles,North America,0,65+,90.9090909090909
M,M,1,Si,Graduate Degree,Management,1,3,2-5 Miles,North America,1,65+,90.9090909090909
M,M,4,Si,Partial College,Professional,1,3,2-5 Miles,North America,1,41-45,81.8181818181818
M,F,5,Si,Partial College,Professional,1,3,0-1 Miles,North America,1,41-45,81.8181818181818
M,F,3,Si,Bachelors,Management,1,4,2-5 Miles,North America,1,41-45,90.9090909090909
M,F,2,Si,Graduate Degree,Management,1,2,1-2 Miles,North America,0,41-45,90.9090909090909
S,F,0,No,Graduate Degree,Management,0,4,0-1 Miles,North America,0,29-34,90.9090909090909
S,M,4,Si,Bachelors,Management,1,0,2-5 Miles,North America,0,46-50,72.7272727272727
M,F,5,Si,Partial College,Professional,1,3,2-5 Miles,North America,1,29-34,81.8181818181818
M,M,5,Si,Partial College,Professional,1,3,2-5 Miles,North America,1,41-45,81.8181818181818
S,F,3,Si,Bachelors,Management,1,4,2-5 Miles,North America,1,41-45,90.9090909090909
S,M,2,Si,Bachelors,Management,0,3,1-2 Miles,North America,1,35-40,90.9090909090909
M,M,3,Si,Bachelors,Management,1,3,0-1 Miles,North America,1,41-45,90.9090909090909
M,F,2,No,Bachelors,Management,1,3,1-2 Miles,North America,1,46-50,90.9090909090909
M,M,2,No,Bachelors,Management,1,4,0-1 Miles,North America,0,29-34,90.9090909090909
M,M,3,Si,Partial College,Professional,1,0,5-10 Miles,North America,1,51-55,63.6363636363636
S,M,3,No,Partial College,Professional,1,1,2-5 Miles,North America,0,35-40,72.7272727272727
S,F,2,Si,Partial College,Professional,1,1,5-10 Miles,North America,1,51-55,81.8181818181818
S,F,2,No,Graduate Degree,Management,1,2,5-10 Miles,North America,1,65+,45.4545454545455
M,F,4,No,Graduate Degree,Management,1,2,5-10 Miles,North America,1,65+,63.6363636363636
S,F,0,No,Partial College,Professional,1,1,5-10 Miles,North America,1,46-50,81.8181818181818
M,M,0,No,Partial College,Professional,1,1,10+ Miles,North America,0,41-45,81.8181818181818
S,F,0,No,Partial College,Professional,0,2,0-1 Miles,North America,1,46-50,81.8181818181818
M,M,4,Si,Bachelors,Management,1,4,5-10 Miles,North America,0,46-50,90.9090909090909
S,F,5,Si,Partial College,Professional,1,3,5-10 Miles,North America,1,41-45,72.7272727272727
M,M,5,Si,Partial College,Professional,1,4,5-10 Miles,North America,0,41-45,81.8181818181818
S,F,5,Si,Partial College,Professional,0,4,1-2 Miles,North America,1,46-50,81.8181818181818
M,F,1,Si,Partial College,Professional,1,3,1-2 Miles,North America,1,46-50,81.8181818181818
S,F,1,Si,Bachelors,Management,0,2,1-2 Miles,North America,0,46-50,90.9090909090909
M,M,1,Si,Partial College,Professional,0,4,2-5 Miles,North America,0,46-50,90.9090909090909
S,F,1,Si,Partial College,Professional,1,4,5-10 Miles,North America,1,46-50,90.9090909090909
M,F,1,Si,Bachelors,Management,1,4,2-5 Miles,North America,1,46-50,90.9090909090909
M,F,1,Si,Bachelors,Management,1,4,0-1 Miles,North America,0,46-50,90.9090909090909
S,M,5,Si,Partial College,Professional,1,3,5-10 Miles,North America,1,46-50,72.7272727272727
S,F,4,Si,High School,Professional,1,1,5-10 Miles,North America,1,41-45,81.8181818181818
M,F,1,Si,Partial College,Professional,0,4,2-5 Miles,North America,0,41-45,90.9090909090909
M,F,1,Si,Bachelors,Management,1,1,0-1 Miles,North America,1,46-50,90.9090909090909
M,F,1,Si,Bachelors,Management,1,3,0-1 Miles,North America,1,46-50,90.9090909090909
M,M,1,Si,Bachelors,Management,1,3,0-1 Miles,North America,1,46-50,90.9090909090909
M,F,3,Si,Bachelors,Management,1,3,2-5 Miles,North America,1,41-45,90.9090909090909
S,F,2,No,Partial High School,Skilled Manual,1,2,5-10 Miles,North America,1,51-55,72.7272727272727
M,M,2,No,High School,Professional,0,2,5-10 Miles,North America,0,51-55,45.4545454545455
M,F,2,No,High School,Professional,0,2,1-2 Miles,North America,0,51-55,45.4545454545455
M,M,2,No,High School,Professional,0,2,5-10 Miles,North America,0,51-55,45.4545454545455
S,F,2,No,Partial High School,Skilled Manual,0,2,1-2 Miles,North America,1,51-55,72.7272727272727
S,M,2,Si,Graduate Degree,Management,0,3,0-1 Miles,North America,1,65+,90.9090909090909
S,M,2,No,Graduate Degree,Management,1,2,5-10 Miles,North America,1,65+,45.4545454545455
M,F,2,No,Graduate Degree,Management,1,2,5-10 Miles,North America,0,65+,45.4545454545455
M,F,4,No,Graduate Degree,Management,1,2,1-2 Miles,North America,1,65+,63.6363636363636
M,F,2,Si,Graduate Degree,Management,1,4,1-2 Miles,North America,0,65+,81.8181818181818
M,M,5,Si,Partial College,Professional,1,3,1-2 Miles,North America,0,46-50,72.7272727272727
S,M,4,Si,High School,Professional,0,2,1-2 Miles,North America,0,46-50,81.8181818181818
S,F,3,Si,Partial College,Professional,1,4,5-10 Miles,North America,1,46-50,81.8181818181818
S,M,0,Si,Partial College,Professional,1,1,5-10 Miles,North America,0,46-50,81.8181818181818
S,F,0,Si,Partial College,Professional,1,2,5-10 Miles,North America,0,46-50,81.8181818181818
M,M,1,Si,High School,Professional,1,4,2-5 Miles,North America,0,46-50,90.9090909090909
M,M,2,No,Partial High School,Skilled Manual,1,2,5-10 Miles,North America,1,51-55,72.7272727272727
M,M,3,No,Partial High School,Skilled Manual,0,2,1-2 Miles,North America,1,56-65,72.7272727272727
M,F,2,No,Partial High School,Skilled Manual,0,2,1-2 Miles,North America,0,51-55,45.4545454545455
M,M,2,No,Partial High School,Skilled Manual,1,2,5-10 Miles,North America,0,51-55,45.4545454545455
M,M,2,No,Partial High School,Skilled Manual,0,2,1-2 Miles,North America,0,51-55,45.4545454545455
M,F,3,Si,High School,Professional,1,0,1-2 Miles,North America,1,51-55,63.6363636363636
S,F,3,Si,High School,Professional,1,0,5-10 Miles,North America,1,51-55,63.6363636363636
S,F,3,No,Graduate Degree,Management,1,2,5-10 Miles,North America,0,51-55,63.6363636363636
S,F,3,No,Graduate Degree,Management,1,2,1-2 Miles,North America,0,56-65,63.6363636363636
M,M,3,No,Graduate Degree,Management,1,2,5-10 Miles,North America,0,56-65,63.6363636363636
M,F,3,No,Partial College,Professional,0,2,5-10 Miles,North America,1,51-55,27.2727272727273
M,M,3,No,Partial College,Professional,0,2,1-2 Miles,North America,0,56-65,27.2727272727273
S,M,2,Si,Graduate Degree,Management,1,4,5-10 Miles,North America,1,65+,90.9090909090909
M,M,2,Si,Graduate Degree,Management,1,3,0-1 Miles,North America,0,65+,90.9090909090909
S,F,2,Si,Bachelors,Management,0,4,0-1 Miles,North America,0,65+,90.9090909090909
M,F,1,Si,Graduate Degree,Management,1,2,2-5 Miles,North America,1,65+,90.9090909090909
M,F,2,Si,Graduate Degree,Management,1,3,2-5 Miles,North America,0,65+,90.9090909090909
M,F,5,No,Bachelors,Management,1,2,5-10 Miles,North America,1,65+,81.8181818181818
M,M,2,Si,Graduate Degree,Management,1,3,5-10 Miles,North America,0,65+,90.9090909090909
M,F,2,Si,Graduate Degree,Management,1,3,2-5 Miles,North America,0,65+,90.9090909090909
M,M,2,Si,Bachelors,Management,1,4,0-1 Miles,North America,1,65+,90.9090909090909
M,F,1,No,Graduate Degree,Manual,1,0,0-1 Miles,Europe,0,41-45,9.09090909090909
S,M,1,No,Graduate Degree,Manual,1,0,0-1 Miles,Europe,0,46-50,9.09090909090909
M,M,1,No,Graduate Degree,Clerical,1,0,0-1 Miles,Europe,0,46-50,9.09090909090909
M,M,1,No,Graduate Degree,Clerical,1,0,0-1 Miles,Europe,0,46-50,9.09090909090909
M,F,1,No,Graduate Degree,Clerical,1,0,0-1 Miles,Europe,0,46-50,9.09090909090909
S,M,4,No,Graduate Degree,Clerical,1,0,0-1 Miles,Europe,0,46-50,18.1818181818182
S,F,4,No,Graduate Degree,Clerical,1,0,0-1 Miles,Europe,0,46-50,18.1818181818182
M,F,1,No,Bachelors,Manual,1,0,0-1 Miles,Europe,0,51-55,9.09090909090909
M,M,1,No,Bachelors,Manual,1,0,0-1 Miles,Europe,0,51-55,9.09090909090909
S,F,1,No,Bachelors,Manual,1,0,0-1 Miles,Europe,0,51-55,9.09090909090909
M,M,1,No,Partial College,Manual,1,0,0-1 Miles,Europe,0,46-50,9.09090909090909
M,F,2,No,Partial College,Manual,1,0,0-1 Miles,Europe,1,51-55,9.09090909090909
M,F,2,No,Partial College,Manual,1,0,0-1 Miles,Europe,0,51-55,9.09090909090909
S,M,2,No,Partial College,Manual,1,0,0-1 Miles,Europe,0,41-45,9.09090909090909
M,F,2,No,Partial College,Manual,1,0,1-2 Miles,Europe,0,51-55,9.09090909090909
M,F,1,No,Graduate Degree,Clerical,1,0,0-1 Miles,Europe,0,65+,9.09090909090909
M,M,1,No,Graduate Degree,Clerical,1,0,0-1 Miles,Europe,0,65+,18.1818181818182
M,M,2,No,Partial College,Manual,1,1,2-5 Miles,Europe,0,56-65,9.09090909090909
S,M,2,No,Partial College,Manual,1,1,1-2 Miles,Europe,1,65+,9.09090909090909
M,F,2,No,Partial College,Manual,1,1,2-5 Miles,Europe,0,65+,9.09090909090909
M,F,1,No,Bachelors,Clerical,1,0,0-1 Miles,Europe,1,65+,18.1818181818182
S,F,3,No,Partial College,Manual,1,1,1-2 Miles,Europe,1,65+,9.09090909090909
M,F,1,No,Partial College,Manual,1,0,0-1 Miles,Europe,1,65+,9.09090909090909
M,M,1,No,Bachelors,Clerical,1,0,0-1 Miles,Europe,0,65+,18.1818181818182
S,M,1,No,Bachelors,Clerical,1,0,0-1 Miles,Europe,1,65+,18.1818181818182
S,M,0,No,Partial College,Manual,0,1,0-1 Miles,Pacific,1,29-34,9.09090909090909
S,M,0,No,Partial College,Manual,1,1,2-5 Miles,Pacific,1,29-34,9.09090909090909
S,F,0,No,Partial College,Manual,1,1,2-5 Miles,Pacific,1,29-34,9.09090909090909
S,F,0,No,Partial College,Manual,1,1,2-5 Miles,Pacific,1,29-34,9.09090909090909
S,M,0,No,High School,Manual,1,2,0-1 Miles,Pacific,0,29-34,9.09090909090909
S,F,0,No,High School,Manual,1,2,0-1 Miles,Pacific,0,29-34,9.09090909090909
M,F,0,No,Bachelors,Clerical,0,0,0-1 Miles,Pacific,1,29-34,9.09090909090909
M,F,0,No,Bachelors,Clerical,1,0,0-1 Miles,Pacific,1,29-34,9.09090909090909
M,F,0,No,Bachelors,Clerical,1,0,0-1 Miles,Pacific,1,29-34,9.09090909090909
M,F,0,No,Partial College,Manual,1,0,0-1 Miles,Pacific,1,29-34,9.09090909090909
M,F,0,No,Partial College,Manual,1,0,0-1 Miles,Pacific,1,29-34,9.09090909090909
S,F,0,No,Partial College,Manual,0,0,0-1 Miles,Pacific,1,29-34,9.09090909090909
M,F,1,No,Graduate Degree,Clerical,1,0,0-1 Miles,Europe,0,65+,27.2727272727273
M,M,4,No,Graduate Degree,Clerical,1,0,0-1 Miles,Europe,0,46-50,18.1818181818182
M,F,4,No,Graduate Degree,Clerical,1,0,0-1 Miles,Europe,0,41-45,18.1818181818182
S,M,4,No,Graduate Degree,Clerical,1,0,0-1 Miles,Europe,0,41-45,18.1818181818182
M,F,3,No,Graduate Degree,Clerical,1,0,0-1 Miles,Europe,0,46-50,18.1818181818182
S,M,1,Si,Partial College,Manual,0,0,0-1 Miles,Europe,0,46-50,9.09090909090909
S,F,1,Si,High School,Manual,0,1,1-2 Miles,Europe,1,35-40,9.09090909090909
S,F,1,Si,High School,Manual,0,1,1-2 Miles,Europe,1,46-50,9.09090909090909
S,F,2,No,Partial College,Manual,1,1,1-2 Miles,Europe,1,35-40,9.09090909090909
S,M,3,No,Graduate Degree,Clerical,1,0,0-1 Miles,Europe,0,46-50,18.1818181818182
M,F,3,No,Graduate Degree,Clerical,1,0,0-1 Miles,Europe,1,35-40,27.2727272727273
M,F,3,No,Graduate Degree,Clerical,1,0,0-1 Miles,Europe,1,46-50,27.2727272727273
M,F,1,No,Bachelors,Clerical,1,0,0-1 Miles,Europe,1,46-50,18.1818181818182
S,M,1,No,Bachelors,Clerical,1,0,0-1 Miles,Europe,1,51-55,18.1818181818182
S,F,0,No,Partial College,Manual,1,1,2-5 Miles,Europe,0,29-34,9.09090909090909
M,M,0,No,Bachelors,Clerical,1,0,0-1 Miles,Europe,1,35-40,18.1818181818182
M,M,0,No,Bachelors,Clerical,1,0,0-1 Miles,Europe,1,35-40,18.1818181818182
S,F,2,Si,High School,Manual,1,0,0-1 Miles,Europe,0,35-40,9.09090909090909
M,F,0,No,Bachelors,Clerical,1,0,0-1 Miles,Europe,1,35-40,18.1818181818182
S,M,2,Si,High School,Manual,1,0,0-1 Miles,Europe,0,35-40,9.09090909090909
S,M,0,No,Partial College,Manual,0,1,2-5 Miles,Europe,0,35-40,9.09090909090909
M,M,0,No,Bachelors,Clerical,1,0,0-1 Miles,Europe,1,35-40,18.1818181818182
S,M,0,No,Bachelors,Clerical,1,0,0-1 Miles,Europe,1,41-45,18.1818181818182
M,F,1,No,Bachelors,Clerical,1,0,1-2 Miles,Europe,1,29-34,18.1818181818182
M,F,1,No,Bachelors,Clerical,1,0,0-1 Miles,Europe,1,35-40,18.1818181818182
M,F,0,No,Graduate Degree,Clerical,1,0,0-1 Miles,Europe,1,35-40,27.2727272727273
S,F,0,No,Graduate Degree,Clerical,1,0,0-1 Miles,Europe,1,35-40,27.2727272727273
M,F,0,No,Graduate Degree,Clerical,1,0,0-1 Miles,Europe,1,35-40,27.2727272727273
M,F,0,No,Graduate Degree,Clerical,1,0,0-1 Miles,Europe,1,35-40,27.2727272727273
S,F,0,No,Graduate Degree,Skilled Manual,1,0,0-1 Miles,Europe,1,35-40,45.4545454545455
M,M,0,No,Graduate Degree,Skilled Manual,1,0,0-1 Miles,Europe,1,35-40,45.4545454545455
M,M,0,No,Graduate Degree,Skilled Manual,1,0,0-1 Miles,Europe,1,35-40,45.4545454545455
S,M,0,No,Graduate Degree,Skilled Manual,1,0,0-1 Miles,Europe,1,35-40,45.4545454545455
M,M,0,No,Graduate Degree,Skilled Manual,0,0,0-1 Miles,Europe,1,35-40,45.4545454545455
M,F,3,No,Partial College,Manual,0,2,0-1 Miles,Europe,1,56-65,9.09090909090909
M,F,3,No,Partial College,Manual,0,2,0-1 Miles,Europe,1,41-45,9.09090909090909
S,F,3,No,High School,Manual,1,2,0-1 Miles,Europe,0,56-65,9.09090909090909
M,F,4,No,High School,Manual,0,2,0-1 Miles,Europe,1,56-65,9.09090909090909
M,M,4,No,High School,Manual,0,2,0-1 Miles,Europe,0,56-65,9.09090909090909
S,M,2,Si,High School,Manual,1,1,0-1 Miles,Europe,0,35-40,9.09090909090909
S,M,2,Si,High School,Manual,1,1,0-1 Miles,Europe,1,41-45,9.09090909090909
M,M,2,Si,High School,Manual,0,1,0-1 Miles,Europe,0,35-40,9.09090909090909
S,M,3,Si,High School,Manual,1,0,0-1 Miles,Europe,1,41-45,9.09090909090909
M,M,1,Si,Partial College,Manual,1,0,2-5 Miles,Europe,0,41-45,9.09090909090909
S,F,1,Si,Partial College,Manual,0,0,2-5 Miles,Europe,0,41-45,9.09090909090909
M,F,5,Si,High School,Professional,1,2,2-5 Miles,Europe,1,56-65,63.6363636363636
S,F,3,Si,Bachelors,Management,0,3,0-1 Miles,Europe,1,51-55,90.9090909090909
M,M,5,Si,High School,Professional,1,2,2-5 Miles,Europe,1,56-65,63.6363636363636
M,M,5,Si,High School,Professional,1,3,10+ Miles,Europe,0,56-65,63.6363636363636
M,M,3,Si,Bachelors,Management,1,4,5-10 Miles,Europe,1,56-65,90.9090909090909
M,F,3,Si,Bachelors,Management,0,4,5-10 Miles,Europe,1,56-65,90.9090909090909
M,M,4,Si,Partial College,Professional,1,4,5-10 Miles,Europe,1,56-65,90.9090909090909
M,F,4,Si,Partial College,Professional,1,4,0-1 Miles,Europe,0,56-65,90.9090909090909
S,M,3,Si,High School,Professional,1,2,10+ Miles,Europe,1,51-55,81.8181818181818
S,M,4,Si,High School,Professional,1,1,10+ Miles,Europe,1,51-55,63.6363636363636
M,F,4,Si,Partial College,Professional,0,1,2-5 Miles,Europe,1,51-55,72.7272727272727
M,M,4,Si,Partial College,Professional,1,2,10+ Miles,Europe,0,51-55,72.7272727272727
S,F,3,Si,High School,Professional,1,3,10+ Miles,Europe,0,51-55,81.8181818181818
M,F,3,Si,Partial College,Professional,1,4,0-1 Miles,Europe,0,56-65,90.9090909090909
S,M,4,Si,Partial College,Professional,1,2,10+ Miles,Europe,0,46-50,81.8181818181818
M,M,0,Si,Bachelors,Management,0,3,10+ Miles,Europe,1,56-65,90.9090909090909
M,F,0,Si,Bachelors,Management,1,3,0-1 Miles,Europe,1,51-55,90.9090909090909
M,F,5,Si,Partial High School,Skilled Manual,1,2,2-5 Miles,Europe,1,51-55,63.6363636363636
S,F,3,Si,Partial College,Professional,1,4,10+ Miles,Europe,0,56-65,81.8181818181818
M,F,3,Si,Partial College,Professional,1,4,10+ Miles,Europe,0,56-65,81.8181818181818
S,M,5,Si,Partial High School,Skilled Manual,1,2,10+ Miles,Europe,1,56-65,63.6363636363636
M,M,4,Si,High School,Professional,0,3,2-5 Miles,Europe,0,56-65,72.7272727272727
M,M,4,Si,High School,Professional,1,3,10+ Miles,Europe,0,56-65,81.8181818181818
M,M,4,Si,Partial College,Professional,1,3,10+ Miles,Europe,0,51-55,90.9090909090909
M,F,4,Si,Partial College,Professional,1,3,10+ Miles,Europe,0,51-55,90.9090909090909
M,F,4,Si,Partial College,Professional,0,4,10+ Miles,Europe,1,56-65,90.9090909090909
M,F,3,Si,Partial College,Management,1,4,5-10 Miles,Europe,0,56-65,81.8181818181818
M,F,4,Si,Partial College,Management,1,2,10+ Miles,Europe,1,56-65,90.9090909090909
M,F,4,Si,Partial College,Management,1,3,10+ Miles,Europe,0,56-65,90.9090909090909
M,M,4,Si,High School,Management,0,3,10+ Miles,Europe,0,51-55,90.9090909090909
M,M,5,Si,High School,Management,0,3,5-10 Miles,Europe,1,56-65,72.7272727272727
M,M,3,Si,Partial College,Management,1,4,10+ Miles,Europe,1,56-65,81.8181818181818
S,M,4,Si,High School,Management,1,3,10+ Miles,Europe,1,51-55,90.9090909090909
M,F,4,Si,High School,Management,1,3,10+ Miles,Europe,0,56-65,90.9090909090909
M,M,5,Si,High School,Management,1,4,10+ Miles,Europe,0,51-55,90.9090909090909
M,M,5,Si,High School,Management,1,4,10+ Miles,Europe,0,56-65,72.7272727272727
M,M,4,Si,High School,Management,1,3,10+ Miles,Europe,0,56-65,81.8181818181818
M,F,5,Si,Partial High School,Professional,0,4,10+ Miles,Europe,0,56-65,90.9090909090909
M,M,0,No,Bachelors,Professional,1,3,10+ Miles,Pacific,0,29-34,45.4545454545455
S,F,0,No,Bachelors,Professional,1,4,10+ Miles,Pacific,0,29-34,45.4545454545455
S,F,0,No,Bachelors,Professional,0,4,2-5 Miles,Pacific,0,35-40,45.4545454545455
M,M,0,No,Bachelors,Professional,1,2,10+ Miles,Pacific,1,29-34,63.6363636363636
M,M,0,No,Bachelors,Professional,1,3,10+ Miles,Pacific,0,29-34,63.6363636363636
S,M,0,No,Bachelors,Professional,0,3,10+ Miles,Pacific,1,29-34,63.6363636363636
M,M,0,No,Bachelors,Professional,1,3,10+ Miles,Pacific,1,29-34,63.6363636363636
S,M,0,No,Bachelors,Professional,0,3,10+ Miles,Pacific,1,29-34,63.6363636363636
M,F,0,No,Bachelors,Professional,1,4,10+ Miles,Pacific,0,35-40,45.4545454545455
M,M,0,No,Partial High School,Professional,1,4,10+ Miles,Pacific,1,35-40,63.6363636363636
M,M,0,No,Bachelors,Professional,1,3,10+ Miles,Pacific,0,35-40,72.7272727272727
S,F,0,No,Bachelors,Professional,1,3,10+ Miles,Pacific,0,35-40,72.7272727272727
M,M,0,No,Bachelors,Professional,1,3,10+ Miles,Pacific,1,29-34,81.8181818181818
M,M,0,No,Bachelors,Professional,0,3,10+ Miles,Pacific,1,29-34,81.8181818181818
M,F,0,No,Bachelors,Professional,1,3,10+ Miles,Pacific,0,35-40,72.7272727272727
M,F,0,Si,Partial College,Management,1,3,10+ Miles,Pacific,0,35-40,90.9090909090909
M,F,0,No,Bachelors,Professional,1,3,10+ Miles,Pacific,1,35-40,81.8181818181818
S,F,0,No,Bachelors,Professional,0,3,10+ Miles,Pacific,1,35-40,81.8181818181818
M,M,0,No,Bachelors,Professional,1,3,10+ Miles,Pacific,1,35-40,81.8181818181818
S,F,0,No,Bachelors,Professional,0,3,10+ Miles,Pacific,1,35-40,81.8181818181818
S,M,0,No,Bachelors,Professional,1,3,10+ Miles,Pacific,1,35-40,81.8181818181818
M,F,0,Si,High School,Management,1,3,10+ Miles,Pacific,0,35-40,81.8181818181818
M,M,0,No,Bachelors,Professional,1,4,10+ Miles,Pacific,0,35-40,72.7272727272727
M,M,0,No,Bachelors,Professional,0,3,10+ Miles,Pacific,1,35-40,81.8181818181818
M,F,0,Si,Partial College,Management,1,3,10+ Miles,Pacific,1,35-40,90.9090909090909
S,F,0,Si,High School,Management,1,4,10+ Miles,Pacific,1,35-40,90.9090909090909
M,M,0,Si,High School,Management,1,3,10+ Miles,Pacific,0,35-40,81.8181818181818
M,F,0,Si,High School,Management,0,4,10+ Miles,Pacific,0,35-40,81.8181818181818
S,M,0,No,Bachelors,Professional,0,4,10+ Miles,Pacific,0,35-40,81.8181818181818
M,F,0,Si,High School,Management,0,4,10+ Miles,Pacific,0,35-40,81.8181818181818
S,M,0,Si,Partial High School,Professional,1,4,10+ Miles,Pacific,1,35-40,81.8181818181818
M,F,0,Si,Partial High School,Professional,1,4,10+ Miles,Pacific,1,35-40,81.8181818181818
S,M,0,Si,Partial High School,Professional,1,4,10+ Miles,Pacific,1,35-40,81.8181818181818
M,M,0,Si,High School,Management,1,4,10+ Miles,Pacific,1,29-34,90.9090909090909
S,M,0,Si,Partial High School,Professional,1,4,10+ Miles,Pacific,1,35-40,90.9090909090909
S,M,0,Si,Partial High School,Professional,1,4,10+ Miles,Pacific,1,29-34,90.9090909090909
M,F,0,Si,Partial High School,Professional,1,4,10+ Miles,Pacific,1,35-40,90.9090909090909
M,M,0,Si,Partial High School,Management,1,4,10+ Miles,Pacific,1,35-40,90.9090909090909
M,M,0,Si,Partial High School,Management,1,4,10+ Miles,Pacific,1,35-40,90.9090909090909
M,F,5,No,Bachelors,Management,1,2,5-10 Miles,North America,0,65+,81.8181818181818
M,M,5,No,Bachelors,Management,1,2,1-2 Miles,North America,1,65+,81.8181818181818
M,M,2,Si,Graduate Degree,Management,1,3,1-2 Miles,North America,0,65+,81.8181818181818
M,M,2,Si,Graduate Degree,Management,1,3,5-10 Miles,North America,0,56-65,81.8181818181818
M,F,2,Si,Graduate Degree,Management,1,2,5-10 Miles,North America,0,56-65,90.9090909090909
S,F,2,Si,Graduate Degree,Management,1,2,5-10 Miles,North America,1,65+,90.9090909090909
M,M,2,Si,Bachelors,Management,1,4,0-1 Miles,North America,1,65+,90.9090909090909
M,M,2,Si,Bachelors,Management,1,4,5-10 Miles,North America,0,65+,90.9090909090909
M,M,5,No,Bachelors,Management,1,2,10+ Miles,North America,1,65+,63.6363636363636
M,M,1,Si,Bachelors,Skilled Manual,1,0,1-2 Miles,Europe,1,29-34,27.2727272727273
S,M,0,No,Partial High School,Manual,1,2,1-2 Miles,Europe,1,29-34,9.09090909090909
S,M,0,No,Partial High School,Manual,0,2,1-2 Miles,Europe,0,29-34,9.09090909090909
S,M,0,No,Partial High School,Manual,0,2,0-1 Miles,Europe,0,35-40,9.09090909090909
M,F,0,No,Partial High School,Manual,0,2,0-1 Miles,Europe,0,29-34,9.09090909090909
S,F,0,No,Partial High School,Manual,0,2,1-2 Miles,Europe,1,35-40,9.09090909090909
S,M,0,No,Partial High School,Manual,0,2,1-2 Miles,Europe,1,35-40,9.09090909090909
M,M,5,Si,Bachelors,Professional,1,2,5-10 Miles,Pacific,0,35-40,45.4545454545455
M,F,3,Si,Bachelors,Professional,1,2,0-1 Miles,Pacific,0,46-50,45.4545454545455
S,F,3,Si,Bachelors,Professional,0,2,0-1 Miles,Pacific,0,46-50,45.4545454545455
S,M,0,No,Partial College,Clerical,0,1,1-2 Miles,Europe,0,35-40,18.1818181818182
S,M,0,No,Partial High School,Manual,0,2,0-1 Miles,Europe,0,29-34,9.09090909090909
S,F,0,No,Partial High School,Manual,0,2,0-1 Miles,Europe,0,29-34,9.09090909090909
S,M,0,No,Partial High School,Manual,1,2,1-2 Miles,Europe,0,29-34,9.09090909090909
S,M,0,No,Partial High School,Manual,0,2,0-1 Miles,Europe,0,29-34,9.09090909090909
M,M,0,No,Partial High School,Manual,0,2,0-1 Miles,Europe,0,29-34,9.09090909090909
S,F,0,No,High School,Manual,0,1,1-2 Miles,Europe,0,29-34,18.1818181818182
M,M,1,Si,Bachelors,Skilled Manual,1,0,0-1 Miles,Europe,1,35-40,27.2727272727273
M,F,1,Si,Bachelors,Skilled Manual,1,0,0-1 Miles,Europe,1,35-40,27.2727272727273
M,F,1,Si,Bachelors,Skilled Manual,1,0,1-2 Miles,Europe,1,35-40,27.2727272727273
S,M,0,No,High School,Manual,1,1,2-5 Miles,Europe,0,35-40,18.1818181818182
S,M,0,No,High School,Manual,0,1,1-2 Miles,Europe,0,35-40,18.1818181818182
S,F,0,No,High School,Manual,0,1,2-5 Miles,Europe,0,35-40,18.1818181818182
S,M,0,No,Partial High School,Manual,0,2,1-2 Miles,Europe,0,29-34,9.09090909090909
M,F,1,Si,Bachelors,Skilled Manual,1,0,0-1 Miles,Europe,1,29-34,27.2727272727273
M,M,1,Si,Bachelors,Skilled Manual,1,1,0-1 Miles,Europe,1,35-40,27.2727272727273
M,M,1,Si,Bachelors,Skilled Manual,1,1,0-1 Miles,Europe,1,35-40,27.2727272727273
S,M,0,No,Graduate Degree,Skilled Manual,0,0,1-2 Miles,Europe,0,35-40,45.4545454545455
S,F,0,No,Graduate Degree,Skilled Manual,0,0,0-1 Miles,Europe,1,35-40,45.4545454545455
S,F,0,No,Partial High School,Manual,0,2,1-2 Miles,Europe,1,35-40,9.09090909090909
S,F,2,Si,Partial College,Clerical,1,0,1-2 Miles,Europe,1,29-34,27.2727272727273
M,M,2,Si,Partial College,Clerical,0,0,0-1 Miles,Europe,0,29-34,27.2727272727273
S,M,0,No,Partial High School,Manual,0,2,1-2 Miles,Europe,1,35-40,9.09090909090909
S,F,0,No,High School,Manual,1,1,2-5 Miles,Europe,0,29-34,18.1818181818182
S,M,0,No,High School,Manual,0,1,2-5 Miles,Europe,0,35-40,18.1818181818182
S,F,2,Si,Partial College,Clerical,1,1,1-2 Miles,Europe,0,35-40,27.2727272727273
S,M,2,Si,Partial College,Clerical,1,1,0-1 Miles,Europe,1,35-40,27.2727272727273
S,F,2,Si,Partial College,Clerical,1,2,1-2 Miles,Europe,0,35-40,27.2727272727273
S,F,3,Si,Partial College,Clerical,1,0,0-1 Miles,North America,0,35-40,27.2727272727273
S,M,3,Si,Partial College,Clerical,1,1,1-2 Miles,North America,1,35-40,27.2727272727273
S,F,3,Si,Partial College,Clerical,1,1,0-1 Miles,North America,0,35-40,27.2727272727273
S,F,3,Si,Partial College,Clerical,1,2,1-2 Miles,North America,1,35-40,27.2727272727273
S,F,0,No,Graduate Degree,Skilled Manual,1,0,0-1 Miles,North America,0,35-40,18.1818181818182
S,F,0,No,Graduate Degree,Skilled Manual,1,0,1-2 Miles,North America,1,35-40,18.1818181818182
S,M,0,No,Graduate Degree,Skilled Manual,1,0,1-2 Miles,North America,1,35-40,18.1818181818182
S,F,3,Si,Partial College,Clerical,1,2,1-2 Miles,North America,1,29-34,27.2727272727273
M,M,4,Si,Partial College,Clerical,0,1,0-1 Miles,North America,0,29-34,27.2727272727273
S,F,0,No,Graduate Degree,Skilled Manual,0,0,0-1 Miles,North America,0,41-45,45.4545454545455
S,M,0,No,Graduate Degree,Skilled Manual,0,0,1-2 Miles,North America,1,29-34,45.4545454545455
S,F,0,No,Graduate Degree,Skilled Manual,1,0,1-2 Miles,North America,1,41-45,45.4545454545455
S,M,0,No,Graduate Degree,Skilled Manual,0,0,1-2 Miles,North America,1,41-45,45.4545454545455
S,F,0,No,Graduate Degree,Skilled Manual,1,0,1-2 Miles,North America,1,41-45,45.4545454545455
S,M,0,No,Graduate Degree,Skilled Manual,0,0,1-2 Miles,North America,1,41-45,45.4545454545455
M,F,2,No,High School,Manual,0,2,1-2 Miles,North America,1,56-65,9.09090909090909
M,M,1,No,Bachelors,Skilled Manual,1,1,1-2 Miles,North America,1,51-55,18.1818181818182
M,M,1,No,Bachelors,Skilled Manual,1,1,1-2 Miles,North America,1,56-65,18.1818181818182
M,F,1,No,Bachelors,Skilled Manual,1,1,1-2 Miles,North America,0,56-65,18.1818181818182
M,M,1,No,Bachelors,Skilled Manual,1,1,1-2 Miles,North America,1,56-65,18.1818181818182
M,M,2,No,Partial High School,Manual,0,2,1-2 Miles,North America,1,51-55,9.09090909090909
M,M,3,No,Partial High School,Manual,0,2,1-2 Miles,North America,1,51-55,9.09090909090909
S,M,3,No,Partial High School,Clerical,1,2,1-2 Miles,North America,1,46-50,9.09090909090909
M,M,1,No,High School,Manual,1,1,1-2 Miles,North America,1,51-55,18.1818181818182
M,M,1,No,High School,Clerical,1,1,5-10 Miles,North America,0,46-50,18.1818181818182
M,M,1,No,Partial College,Clerical,1,1,0-1 Miles,North America,1,56-65,27.2727272727273
M,M,1,No,Partial College,Clerical,1,1,0-1 Miles,North America,1,46-50,27.2727272727273
M,M,1,No,Partial College,Clerical,1,1,0-1 Miles,North America,1,51-55,27.2727272727273
M,F,1,No,Partial College,Clerical,1,1,1-2 Miles,North America,0,41-45,27.2727272727273
M,F,1,No,Partial College,Clerical,1,1,0-1 Miles,North America,1,51-55,27.2727272727273
M,M,1,No,Partial College,Clerical,1,1,0-1 Miles,North America,1,51-55,27.2727272727273
M,M,1,No,Partial College,Clerical,1,1,0-1 Miles,North America,1,51-55,27.2727272727273
S,F,5,No,Graduate Degree,Skilled Manual,1,0,0-1 Miles,North America,0,51-55,72.7272727272727
S,F,5,No,Graduate Degree,Skilled Manual,1,0,1-2 Miles,North America,0,41-45,72.7272727272727
M,F,1,No,Partial College,Clerical,1,1,0-1 Miles,North America,1,51-55,27.2727272727273
M,F,1,No,Partial College,Clerical,1,1,0-1 Miles,North America,1,41-45,27.2727272727273
M,M,1,No,Partial College,Clerical,1,1,0-1 Miles,North America,1,51-55,27.2727272727273
M,M,1,No,Partial College,Clerical,1,1,1-2 Miles,North America,1,35-40,27.2727272727273
M,M,1,No,Partial College,Clerical,1,1,1-2 Miles,North America,0,51-55,27.2727272727273
M,M,1,No,Partial College,Clerical,1,1,1-2 Miles,North America,0,51-55,27.2727272727273
M,M,1,No,Partial College,Clerical,1,1,1-2 Miles,North America,0,51-55,27.2727272727273
M,F,1,No,Partial College,Clerical,1,1,1-2 Miles,North America,0,51-55,27.2727272727273
M,F,1,No,Partial College,Clerical,1,1,0-1 Miles,North America,1,51-55,27.2727272727273
M,M,1,No,Partial College,Clerical,1,1,1-2 Miles,North America,1,51-55,27.2727272727273
M,F,1,No,Partial College,Clerical,1,1,1-2 Miles,North America,1,51-55,27.2727272727273
M,M,1,No,Partial College,Clerical,1,1,1-2 Miles,North America,1,46-50,27.2727272727273
M,M,1,No,Partial College,Clerical,1,1,1-2 Miles,North America,1,51-55,27.2727272727273
M,F,1,No,Partial College,Clerical,1,1,1-2 Miles,North America,1,51-55,27.2727272727273
M,M,1,No,Partial College,Clerical,1,1,1-2 Miles,North America,1,41-45,27.2727272727273
M,M,4,No,Graduate Degree,Skilled Manual,1,0,1-2 Miles,North America,0,46-50,72.7272727272727
M,M,4,No,Graduate Degree,Skilled Manual,1,0,1-2 Miles,North America,0,46-50,72.7272727272727
M,M,4,No,Graduate Degree,Skilled Manual,0,0,0-1 Miles,North America,0,51-55,72.7272727272727
S,F,4,No,Graduate Degree,Skilled Manual,1,0,0-1 Miles,North America,0,51-55,72.7272727272727
S,F,4,No,Graduate Degree,Skilled Manual,1,0,0-1 Miles,North America,0,51-55,72.7272727272727
S,F,4,No,Graduate Degree,Skilled Manual,1,0,0-1 Miles,North America,0,51-55,72.7272727272727
S,F,4,No,Graduate Degree,Skilled Manual,1,0,1-2 Miles,North America,0,51-55,72.7272727272727
S,M,4,No,Graduate Degree,Skilled Manual,1,0,1-2 Miles,North America,0,41-45,45.4545454545455
S,F,4,No,Graduate Degree,Skilled Manual,1,0,1-2 Miles,North America,0,46-50,45.4545454545455
S,F,4,No,Graduate Degree,Skilled Manual,0,0,0-1 Miles,North America,0,46-50,45.4545454545455
S,F,4,No,Graduate Degree,Skilled Manual,1,0,1-2 Miles,North America,0,46-50,45.4545454545455
M,M,4,No,Graduate Degree,Skilled Manual,1,0,1-2 Miles,North America,0,46-50,45.4545454545455
M,M,4,No,Graduate Degree,Skilled Manual,0,0,0-1 Miles,North America,0,46-50,45.4545454545455
M,M,4,No,Graduate Degree,Skilled Manual,1,0,1-2 Miles,North America,0,46-50,45.4545454545455
M,M,4,No,Graduate Degree,Skilled Manual,1,0,1-2 Miles,North America,0,51-55,45.4545454545455
S,F,4,No,Graduate Degree,Skilled Manual,1,0,1-2 Miles,North America,0,46-50,45.4545454545455
M,F,1,Si,Partial College,Manual,1,1,2-5 Miles,Europe,0,41-45,9.09090909090909
M,M,1,No,Bachelors,Clerical,1,0,1-2 Miles,Europe,1,41-45,18.1818181818182
M,M,1,Si,Bachelors,Clerical,1,0,2-5 Miles,Europe,1,41-45,18.1818181818182
S,F,1,Si,Bachelors,Clerical,0,0,1-2 Miles,Europe,1,41-45,18.1818181818182
M,M,0,No,Graduate Degree,Clerical,1,0,0-1 Miles,Europe,1,35-40,27.2727272727273
M,M,0,No,Graduate Degree,Clerical,1,0,0-1 Miles,Europe,1,41-45,27.2727272727273
M,M,0,No,Graduate Degree,Clerical,1,0,0-1 Miles,Europe,1,41-45,27.2727272727273
S,M,0,No,Graduate Degree,Clerical,1,0,0-1 Miles,Europe,1,35-40,27.2727272727273
M,F,0,No,Bachelors,Clerical,1,0,0-1 Miles,Europe,1,41-45,27.2727272727273
M,F,3,Si,Partial High School,Manual,0,1,0-1 Miles,Europe,0,41-45,9.09090909090909
S,M,3,Si,Partial High School,Manual,1,1,0-1 Miles,Europe,1,41-45,9.09090909090909
S,F,4,Si,Partial High School,Manual,1,0,0-1 Miles,Europe,0,35-40,9.09090909090909
M,M,1,No,Bachelors,Clerical,1,1,2-5 Miles,Europe,0,65+,18.1818181818182
M,M,1,Si,Bachelors,Clerical,1,0,2-5 Miles,Europe,1,41-45,18.1818181818182
M,M,1,Si,Bachelors,Clerical,1,0,2-5 Miles,Europe,1,41-45,18.1818181818182
S,M,4,Si,Partial High School,Manual,1,1,0-1 Miles,Europe,1,41-45,9.09090909090909
M,F,1,Si,High School,Manual,1,1,2-5 Miles,Europe,0,41-45,9.09090909090909
M,F,0,No,Bachelors,Clerical,1,0,0-1 Miles,Europe,0,41-45,27.2727272727273
M,F,0,No,Bachelors,Clerical,1,0,0-1 Miles,Europe,1,35-40,27.2727272727273
M,M,0,No,Bachelors,Clerical,1,0,0-1 Miles,Europe,1,41-45,27.2727272727273
S,M,2,Si,High School,Manual,1,0,0-1 Miles,Europe,1,41-45,9.09090909090909
S,M,1,Si,Bachelors,Clerical,0,1,1-2 Miles,Europe,0,41-45,18.1818181818182
S,M,1,Si,Bachelors,Clerical,0,1,1-2 Miles,Europe,0,41-45,18.1818181818182
M,M,1,Si,Bachelors,Clerical,1,1,2-5 Miles,Europe,0,41-45,18.1818181818182
M,F,1,Si,Bachelors,Clerical,1,1,2-5 Miles,Europe,0,35-40,18.1818181818182
S,F,4,Si,Partial High School,Manual,1,2,0-1 Miles,Europe,1,41-45,9.09090909090909
S,F,2,Si,High School,Manual,1,0,0-1 Miles,Europe,1,41-45,9.09090909090909
S,F,2,Si,High School,Manual,1,1,0-1 Miles,Europe,0,41-45,9.09090909090909
S,M,2,Si,High School,Manual,1,2,0-1 Miles,Europe,1,41-45,9.09090909090909
M,M,1,Si,Bachelors,Skilled Manual,1,2,0-1 Miles,Europe,1,41-45,18.1818181818182
S,F,2,Si,High School,Manual,1,2,0-1 Miles,Europe,1,41-45,9.09090909090909
S,M,3,Si,High School,Manual,1,1,0-1 Miles,Europe,1,46-50,9.09090909090909
M,F,3,Si,Partial High School,Manual,0,2,0-1 Miles,Europe,0,46-50,9.09090909090909
M,M,3,Si,High School,Manual,0,1,0-1 Miles,Europe,0,41-45,9.09090909090909
S,F,3,Si,High School,Manual,1,2,0-1 Miles,Europe,0,46-50,9.09090909090909
S,M,2,Si,Partial College,Manual,1,0,0-1 Miles,Europe,1,35-40,18.1818181818182
M,M,2,Si,Partial College,Manual,0,0,0-1 Miles,Europe,1,46-50,18.1818181818182
S,F,2,Si,Partial College,Clerical,1,0,0-1 Miles,Europe,1,46-50,18.1818181818182
M,F,2,No,Partial College,Clerical,1,1,1-2 Miles,Europe,0,65+,9.09090909090909
M,F,1,No,Graduate Degree,Skilled Manual,1,0,0-1 Miles,Europe,0,65+,27.2727272727273
M,F,1,No,Bachelors,Skilled Manual,1,0,0-1 Miles,Europe,0,35-40,27.2727272727273
M,M,1,No,Bachelors,Skilled Manual,1,0,0-1 Miles,Europe,0,41-45,27.2727272727273
M,M,2,Si,Partial College,Clerical,0,2,0-1 Miles,Europe,1,41-45,18.1818181818182
S,M,2,Si,Partial College,Clerical,1,2,0-1 Miles,Europe,1,41-45,18.1818181818182
S,M,2,Si,Partial College,Clerical,1,2,0-1 Miles,Europe,1,35-40,18.1818181818182
M,F,1,No,Bachelors,Skilled Manual,1,0,0-1 Miles,Europe,0,46-50,27.2727272727273
M,F,1,No,Bachelors,Skilled Manual,1,0,0-1 Miles,Europe,0,41-45,27.2727272727273
S,F,2,Si,Partial College,Clerical,1,2,0-1 Miles,Europe,1,46-50,18.1818181818182
S,F,2,Si,Partial College,Clerical,1,2,0-1 Miles,Europe,1,46-50,18.1818181818182
M,F,3,Si,Partial College,Clerical,0,0,0-1 Miles,Europe,0,46-50,18.1818181818182
S,F,3,Si,Partial College,Clerical,1,2,0-1 Miles,Europe,0,29-34,18.1818181818182
S,F,3,Si,Partial College,Clerical,1,2,0-1 Miles,Europe,0,29-34,18.1818181818182
S,F,3,Si,Partial College,Clerical,1,2,0-1 Miles,Europe,0,29-34,18.1818181818182
S,F,5,Si,High School,Manual,1,4,0-1 Miles,Europe,0,29-34,9.09090909090909
S,F,0,No,High School,Manual,1,1,2-5 Miles,Europe,0,29-34,9.09090909090909
S,M,0,No,High School,Manual,0,1,2-5 Miles,Europe,0,29-34,9.09090909090909
M,M,1,No,Bachelors,Skilled Manual,1,0,0-1 Miles,Europe,1,46-50,27.2727272727273
M,M,1,No,Bachelors,Skilled Manual,1,0,0-1 Miles,Europe,1,46-50,27.2727272727273
M,M,1,No,Bachelors,Skilled Manual,1,1,0-1 Miles,Europe,1,46-50,27.2727272727273
M,F,1,No,Bachelors,Skilled Manual,1,1,0-1 Miles,Europe,1,41-45,27.2727272727273
S,F,4,Si,Partial College,Clerical,1,2,0-1 Miles,Europe,0,29-34,18.1818181818182
S,M,5,Si,Partial College,Clerical,1,2,0-1 Miles,Europe,0,29-34,18.1818181818182
S,F,0,No,Partial College,Clerical,0,1,0-1 Miles,Europe,0,29-34,18.1818181818182
M,M,0,No,Partial College,Clerical,0,1,0-1 Miles,Europe,0,29-34,18.1818181818182
S,F,0,No,Partial College,Clerical,1,1,2-5 Miles,Europe,0,29-34,18.1818181818182
S,M,0,No,Partial College,Clerical,0,1,0-1 Miles,Europe,1,29-34,18.1818181818182
S,F,0,No,Partial College,Clerical,0,1,2-5 Miles,Europe,0,29-34,18.1818181818182
S,M,0,No,High School,Manual,1,1,2-5 Miles,Europe,0,29-34,9.09090909090909
S,F,0,No,High School,Manual,0,1,5-10 Miles,Europe,0,29-34,9.09090909090909
S,M,0,No,High School,Manual,0,1,1-2 Miles,Europe,0,29-34,9.09090909090909
S,F,0,No,High School,Manual,0,1,5-10 Miles,Europe,0,29-34,9.09090909090909
S,F,0,No,High School,Manual,0,1,1-2 Miles,Europe,0,29-34,9.09090909090909
S,M,0,No,Partial College,Clerical,0,1,0-1 Miles,Europe,1,29-34,18.1818181818182
S,F,0,No,Partial College,Clerical,1,1,2-5 Miles,Europe,0,29-34,18.1818181818182
S,F,0,No,Partial College,Clerical,0,1,2-5 Miles,Europe,0,29-34,18.1818181818182
S,M,0,No,Partial High School,Manual,0,2,0-1 Miles,Europe,1,35-40,9.09090909090909
M,M,0,No,Partial High School,Manual,1,2,0-1 Miles,Europe,1,35-40,9.09090909090909
S,M,0,No,Partial High School,Manual,0,2,1-2 Miles,Europe,1,35-40,9.09090909090909
S,M,0,No,Partial High School,Manual,0,2,0-1 Miles,Europe,1,29-34,9.09090909090909
S,M,0,No,Partial College,Clerical,0,1,0-1 Miles,Europe,0,29-34,18.1818181818182
S,M,0,No,Partial College,Clerical,0,1,2-5 Miles,Europe,1,29-34,18.1818181818182
M,M,1,Si,Bachelors,Skilled Manual,1,0,1-2 Miles,Europe,1,29-34,27.2727272727273
M,F,1,Si,Bachelors,Skilled Manual,1,0,0-1 Miles,Europe,1,29-34,27.2727272727273
M,M,1,Si,Bachelors,Skilled Manual,1,0,1-2 Miles,Europe,1,29-34,27.2727272727273
S,F,4,Si,Partial College,Clerical,1,2,0-1 Miles,North America,0,29-34,27.2727272727273
S,M,4,Si,Partial College,Clerical,1,2,1-2 Miles,North America,1,35-40,27.2727272727273
S,M,0,No,Graduate Degree,Skilled Manual,0,0,1-2 Miles,North America,0,35-40,27.2727272727273
S,M,0,No,Graduate Degree,Skilled Manual,0,0,1-2 Miles,North America,1,35-40,27.2727272727273
S,M,0,No,Graduate Degree,Skilled Manual,1,0,1-2 Miles,North America,1,35-40,45.4545454545455
S,M,0,No,Graduate Degree,Skilled Manual,0,0,1-2 Miles,North America,1,35-40,45.4545454545455
M,M,1,No,Graduate Degree,Skilled Manual,1,0,0-1 Miles,North America,1,35-40,45.4545454545455
S,F,1,No,Graduate Degree,Skilled Manual,1,0,0-1 Miles,North America,1,29-34,45.4545454545455
S,M,4,Si,High School,Skilled Manual,1,3,10+ Miles,North America,1,35-40,27.2727272727273
M,F,1,Si,Graduate Degree,Skilled Manual,1,0,0-1 Miles,North America,0,35-40,45.4545454545455
M,F,1,Si,Graduate Degree,Skilled Manual,1,0,1-2 Miles,North America,0,29-34,45.4545454545455
M,F,1,Si,Graduate Degree,Skilled Manual,1,0,0-1 Miles,North America,0,35-40,45.4545454545455
M,F,1,Si,Graduate Degree,Skilled Manual,1,0,1-2 Miles,North America,0,35-40,27.2727272727273
M,F,1,No,Graduate Degree,Skilled Manual,1,0,0-1 Miles,North America,0,29-34,45.4545454545455
M,M,1,No,Graduate Degree,Skilled Manual,1,0,2-5 Miles,North America,1,35-40,45.4545454545455
M,M,1,No,Graduate Degree,Skilled Manual,1,0,2-5 Miles,North America,0,35-40,45.4545454545455
M,F,1,No,Graduate Degree,Skilled Manual,1,0,0-1 Miles,North America,0,29-34,45.4545454545455
M,F,2,No,Graduate Degree,Professional,1,0,2-5 Miles,North America,1,35-40,63.6363636363636
M,F,2,No,Graduate Degree,Professional,1,0,0-1 Miles,North America,1,35-40,63.6363636363636
M,M,1,Si,Bachelors,Skilled Manual,1,0,0-1 Miles,North America,0,35-40,45.4545454545455
S,F,1,No,Graduate Degree,Professional,1,0,2-5 Miles,North America,0,35-40,45.4545454545455
M,F,1,Si,Bachelors,Skilled Manual,1,1,2-5 Miles,North America,0,41-45,45.4545454545455
M,M,2,Si,Bachelors,Skilled Manual,1,0,0-1 Miles,North America,1,35-40,45.4545454545455
S,F,2,Si,Bachelors,Skilled Manual,1,0,2-5 Miles,North America,1,35-40,45.4545454545455
M,F,1,No,Graduate Degree,Professional,1,0,0-1 Miles,North America,0,35-40,45.4545454545455
M,M,3,No,Graduate Degree,Professional,1,0,0-1 Miles,North America,1,35-40,63.6363636363636
M,F,1,No,Graduate Degree,Professional,1,0,0-1 Miles,North America,0,29-34,45.4545454545455
M,F,1,No,Graduate Degree,Professional,1,0,2-5 Miles,North America,0,35-40,45.4545454545455
M,M,1,No,Graduate Degree,Professional,1,0,2-5 Miles,North America,0,35-40,45.4545454545455
M,M,2,Si,Bachelors,Skilled Manual,1,0,0-1 Miles,North America,1,41-45,45.4545454545455
M,M,2,Si,Bachelors,Skilled Manual,1,0,2-5 Miles,North America,1,41-45,45.4545454545455
S,M,2,Si,Bachelors,Skilled Manual,0,1,0-1 Miles,North America,0,41-45,45.4545454545455
S,M,2,Si,Bachelors,Skilled Manual,1,1,2-5 Miles,North America,0,41-45,45.4545454545455
S,F,2,Si,Bachelors,Skilled Manual,1,1,2-5 Miles,North America,0,35-40,45.4545454545455
S,F,0,No,Bachelors,Professional,1,1,2-5 Miles,North America,1,41-45,27.2727272727273
S,M,0,No,Bachelors,Professional,1,1,2-5 Miles,North America,1,41-45,27.2727272727273
S,F,0,No,Bachelors,Professional,0,1,2-5 Miles,North America,1,41-45,27.2727272727273
S,M,3,No,Graduate Degree,Professional,1,0,2-5 Miles,North America,1,29-34,63.6363636363636
M,F,4,No,Graduate Degree,Professional,1,0,2-5 Miles,North America,1,35-40,63.6363636363636
M,M,2,No,Graduate Degree,Professional,1,0,0-1 Miles,North America,1,29-34,72.7272727272727
S,M,2,Si,Bachelors,Skilled Manual,1,1,2-5 Miles,North America,0,29-34,63.6363636363636
S,M,0,No,Graduate Degree,Professional,1,0,2-5 Miles,North America,1,41-45,45.4545454545455
S,F,0,No,Graduate Degree,Professional,1,0,2-5 Miles,North America,1,35-40,45.4545454545455
M,M,0,No,Graduate Degree,Professional,1,0,0-1 Miles,North America,0,41-45,45.4545454545455
S,M,0,No,Graduate Degree,Professional,1,0,2-5 Miles,North America,1,35-40,45.4545454545455
M,M,4,No,Graduate Degree,Professional,1,0,2-5 Miles,North America,0,29-34,63.6363636363636
M,F,5,No,Graduate Degree,Professional,1,0,0-1 Miles,North America,1,41-45,63.6363636363636
S,F,5,No,Graduate Degree,Professional,1,0,2-5 Miles,North America,1,35-40,63.6363636363636
S,F,5,No,Graduate Degree,Professional,1,0,2-5 Miles,North America,1,29-34,63.6363636363636
M,M,5,No,Graduate Degree,Professional,1,0,2-5 Miles,North America,1,35-40,63.6363636363636
S,M,5,No,Graduate Degree,Professional,1,0,2-5 Miles,North America,1,29-34,63.6363636363636
M,M,5,Si,Graduate Degree,Professional,1,2,2-5 Miles,North America,0,29-34,63.6363636363636
M,M,5,Si,Graduate Degree,Professional,0,2,0-1 Miles,North America,0,29-34,63.6363636363636
M,M,5,Si,Graduate Degree,Professional,0,2,0-1 Miles,North America,0,35-40,63.6363636363636
M,M,5,Si,Graduate Degree,Professional,1,3,10+ Miles,North America,0,41-45,63.6363636363636
S,M,2,No,Graduate Degree,Professional,1,0,0-1 Miles,North America,1,35-40,72.7272727272727
M,F,2,No,Graduate Degree,Professional,1,0,0-1 Miles,North America,1,35-40,72.7272727272727
M,M,3,No,Graduate Degree,Professional,1,0,0-1 Miles,North America,1,35-40,72.7272727272727
S,F,0,No,Bachelors,Professional,0,1,0-1 Miles,North America,1,35-40,27.2727272727273
S,F,3,Si,Bachelors,Skilled Manual,1,1,0-1 Miles,North America,1,35-40,72.7272727272727
S,F,3,Si,Bachelors,Skilled Manual,0,1,0-1 Miles,North America,1,41-45,72.7272727272727
S,F,3,Si,Bachelors,Skilled Manual,1,1,0-1 Miles,North America,1,41-45,72.7272727272727
S,F,3,Si,Bachelors,Skilled Manual,1,2,2-5 Miles,North America,1,35-40,72.7272727272727
S,F,3,Si,Bachelors,Skilled Manual,1,2,2-5 Miles,North America,1,41-45,72.7272727272727
S,F,3,Si,Bachelors,Skilled Manual,1,3,10+ Miles,North America,1,35-40,72.7272727272727
S,F,4,Si,Bachelors,Skilled Manual,1,1,2-5 Miles,North America,0,41-45,72.7272727272727
M,F,0,No,Bachelors,Professional,0,1,0-1 Miles,North America,0,41-45,27.2727272727273
S,F,4,Si,Bachelors,Skilled Manual,1,2,2-5 Miles,North America,1,35-40,45.4545454545455
S,M,4,Si,Bachelors,Skilled Manual,0,2,0-1 Miles,North America,1,29-34,45.4545454545455
S,M,4,Si,Bachelors,Skilled Manual,0,2,0-1 Miles,North America,1,46-50,45.4545454545455
S,M,4,Si,Bachelors,Skilled Manual,1,3,10+ Miles,North America,1,41-45,45.4545454545455
M,F,1,No,Bachelors,Skilled Manual,1,1,0-1 Miles,North America,0,65+,63.6363636363636
S,F,4,Si,Bachelors,Skilled Manual,1,2,0-1 Miles,North America,0,46-50,45.4545454545455
M,M,4,Si,Bachelors,Professional,1,2,2-5 Miles,North America,0,41-45,45.4545454545455
M,M,4,Si,Bachelors,Professional,1,2,2-5 Miles,North America,0,41-45,45.4545454545455
S,M,0,No,Bachelors,Professional,0,1,0-1 Miles,North America,0,41-45,45.4545454545455
S,F,0,No,Bachelors,Professional,1,1,2-5 Miles,North America,0,35-40,45.4545454545455
S,M,0,No,Bachelors,Professional,1,1,2-5 Miles,North America,1,35-40,45.4545454545455
S,M,0,No,Bachelors,Professional,0,1,2-5 Miles,North America,0,46-50,45.4545454545455
S,M,0,No,Bachelors,Professional,0,1,0-1 Miles,North America,1,46-50,45.4545454545455
M,M,3,Si,Graduate Degree,Professional,1,0,0-1 Miles,North America,0,46-50,45.4545454545455
S,M,3,Si,High School,Skilled Manual,1,2,2-5 Miles,North America,0,46-50,27.2727272727273
M,F,1,No,Partial College,Skilled Manual,1,1,0-1 Miles,North America,0,41-45,63.6363636363636
M,M,1,No,Partial College,Skilled Manual,1,1,2-5 Miles,North America,0,41-45,63.6363636363636
M,M,4,Si,High School,Skilled Manual,1,3,10+ Miles,North America,0,41-45,27.2727272727273
M,F,1,No,Partial College,Skilled Manual,1,1,2-5 Miles,North America,0,46-50,45.4545454545455
M,M,4,Si,High School,Skilled Manual,1,2,2-5 Miles,North America,0,35-40,27.2727272727273
M,F,4,Si,High School,Skilled Manual,1,2,2-5 Miles,North America,0,41-45,27.2727272727273
M,M,0,No,Partial College,Skilled Manual,0,1,0-1 Miles,North America,0,41-45,63.6363636363636
S,F,0,No,Partial College,Skilled Manual,1,1,2-5 Miles,North America,0,29-34,63.6363636363636
M,M,0,No,Graduate Degree,Professional,0,1,0-1 Miles,North America,1,41-45,45.4545454545455
S,M,0,No,Graduate Degree,Professional,0,1,0-1 Miles,North America,1,41-45,45.4545454545455
S,F,0,No,Graduate Degree,Professional,0,1,2-5 Miles,North America,0,41-45,45.4545454545455
M,F,1,No,Partial College,Skilled Manual,1,1,0-1 Miles,North America,0,35-40,45.4545454545455
M,M,1,No,Partial College,Skilled Manual,1,1,0-1 Miles,North America,0,46-50,45.4545454545455
M,F,1,No,Partial College,Skilled Manual,1,1,2-5 Miles,North America,0,41-45,45.4545454545455
M,M,1,No,Partial College,Skilled Manual,1,1,0-1 Miles,North America,0,46-50,45.4545454545455
M,F,1,No,Partial College,Skilled Manual,1,1,0-1 Miles,North America,0,46-50,45.4545454545455
M,M,4,Si,Bachelors,Professional,1,0,0-1 Miles,North America,0,46-50,45.4545454545455
M,F,1,No,Graduate Degree,Professional,1,1,0-1 Miles,North America,1,46-50,63.6363636363636
S,F,2,No,Graduate Degree,Professional,1,0,0-1 Miles,North America,1,51-55,72.7272727272727
M,M,2,No,Graduate Degree,Professional,1,0,0-1 Miles,North America,1,46-50,72.7272727272727
M,F,5,Si,Graduate Degree,Professional,1,1,2-5 Miles,North America,0,51-55,63.6363636363636
S,M,1,No,Graduate Degree,Management,1,1,2-5 Miles,North America,0,65+,45.4545454545455
M,M,1,No,Graduate Degree,Management,1,0,0-1 Miles,Pacific,0,35-40,81.8181818181818
M,F,1,No,Graduate Degree,Management,1,0,0-1 Miles,Pacific,1,35-40,81.8181818181818
M,M,2,Si,Bachelors,Professional,1,1,2-5 Miles,Pacific,0,29-34,45.4545454545455
M,M,2,No,Bachelors,Professional,1,0,0-1 Miles,Pacific,1,35-40,81.8181818181818
S,F,5,Si,Bachelors,Professional,1,3,10+ Miles,Pacific,0,41-45,63.6363636363636
S,F,2,Si,Bachelors,Professional,1,1,2-5 Miles,Pacific,1,35-40,45.4545454545455
M,F,5,Si,Bachelors,Professional,1,3,10+ Miles,Pacific,1,41-45,63.6363636363636
M,F,1,No,Graduate Degree,Management,1,0,0-1 Miles,Pacific,1,35-40,90.9090909090909
S,F,5,Si,Bachelors,Professional,1,4,10+ Miles,Pacific,1,41-45,63.6363636363636
M,F,5,Si,Graduate Degree,Management,1,3,0-1 Miles,Pacific,0,41-45,72.7272727272727
M,F,5,Si,Graduate Degree,Management,1,3,0-1 Miles,Pacific,0,41-45,72.7272727272727
M,F,5,Si,Graduate Degree,Management,1,3,0-1 Miles,Pacific,0,41-45,72.7272727272727
S,F,0,No,Bachelors,Professional,0,0,2-5 Miles,Pacific,1,41-45,81.8181818181818
M,M,0,No,Bachelors,Professional,1,0,2-5 Miles,Pacific,1,35-40,81.8181818181818
M,M,0,No,Bachelors,Professional,1,0,0-1 Miles,Pacific,1,41-45,81.8181818181818
S,M,3,Si,Bachelors,Professional,1,1,5-10 Miles,Pacific,1,41-45,45.4545454545455
S,F,3,Si,Bachelors,Professional,0,1,0-1 Miles,Pacific,1,41-45,45.4545454545455
S,M,0,No,Bachelors,Professional,0,1,5-10 Miles,Pacific,0,35-40,63.6363636363636
S,M,0,No,Bachelors,Professional,0,1,0-1 Miles,Pacific,1,41-45,63.6363636363636
S,F,0,No,Bachelors,Professional,1,1,5-10 Miles,Pacific,1,41-45,63.6363636363636
S,M,0,No,Bachelors,Professional,0,1,5-10 Miles,Pacific,0,41-45,63.6363636363636
S,F,3,Si,Bachelors,Professional,1,2,5-10 Miles,Pacific,1,41-45,45.4545454545455
M,F,4,Si,Bachelors,Professional,1,2,5-10 Miles,Pacific,1,41-45,45.4545454545455
S,M,4,Si,Bachelors,Professional,1,2,5-10 Miles,Pacific,1,35-40,45.4545454545455
M,M,2,No,Bachelors,Management,1,2,1-2 Miles,North America,1,41-45,81.8181818181818
M,F,2,No,Bachelors,Management,1,3,0-1 Miles,North America,1,41-45,81.8181818181818
M,F,3,No,Bachelors,Management,1,3,0-1 Miles,North America,1,41-45,81.8181818181818
S,F,0,No,High School,Skilled Manual,0,2,1-2 Miles,North America,1,29-34,27.2727272727273
S,F,0,No,Partial College,Skilled Manual,1,1,5-10 Miles,North America,0,29-34,18.1818181818182
M,F,5,No,High School,Skilled Manual,0,3,1-2 Miles,Pacific,0,56-65,9.09090909090909
M,M,3,No,High School,Skilled Manual,1,2,5-10 Miles,Pacific,0,65+,9.09090909090909
M,M,4,No,High School,Skilled Manual,1,2,5-10 Miles,Pacific,0,56-65,9.09090909090909
S,M,0,No,Partial College,Skilled Manual,0,1,1-2 Miles,North America,1,29-34,45.4545454545455
M,F,0,No,Partial College,Skilled Manual,0,1,1-2 Miles,North America,0,29-34,45.4545454545455
M,F,0,No,Partial College,Skilled Manual,1,2,5-10 Miles,North America,1,29-34,45.4545454545455
S,M,0,No,High School,Skilled Manual,0,2,1-2 Miles,North America,1,29-34,27.2727272727273
S,M,0,No,Partial High School,Clerical,1,2,5-10 Miles,North America,0,29-34,27.2727272727273
S,F,0,No,Partial College,Skilled Manual,1,1,5-10 Miles,North America,0,29-34,27.2727272727273
S,F,0,No,Partial College,Skilled Manual,0,1,1-2 Miles,North America,1,29-34,27.2727272727273
M,M,0,No,Partial College,Skilled Manual,1,1,5-10 Miles,North America,0,29-34,27.2727272727273
S,M,0,No,Partial College,Skilled Manual,0,2,1-2 Miles,North America,1,29-34,45.4545454545455
M,M,0,No,Partial College,Skilled Manual,1,2,5-10 Miles,North America,1,29-34,45.4545454545455
M,M,2,No,Partial College,Clerical,0,2,5-10 Miles,Pacific,1,56-65,18.1818181818182
M,F,4,No,High School,Skilled Manual,0,2,1-2 Miles,Pacific,0,56-65,9.09090909090909
M,F,4,No,High School,Skilled Manual,1,2,5-10 Miles,Pacific,0,56-65,9.09090909090909
M,F,2,No,Partial College,Clerical,0,2,1-2 Miles,Pacific,1,56-65,18.1818181818182
M,M,2,Si,Partial High School,Clerical,1,2,5-10 Miles,Pacific,0,56-65,9.09090909090909
M,M,0,No,Partial College,Skilled Manual,1,2,5-10 Miles,North America,1,29-34,63.6363636363636
S,M,0,No,Partial High School,Clerical,0,2,5-10 Miles,North America,0,29-34,27.2727272727273
S,M,0,No,Partial High School,Clerical,0,2,1-2 Miles,North America,0,29-34,27.2727272727273
S,F,0,No,Partial College,Skilled Manual,1,1,5-10 Miles,North America,0,29-34,18.1818181818182
S,M,0,No,Partial College,Skilled Manual,0,1,1-2 Miles,North America,1,29-34,18.1818181818182
M,F,0,No,Partial College,Skilled Manual,1,2,5-10 Miles,North America,0,29-34,45.4545454545455
M,M,0,No,Partial College,Skilled Manual,0,2,0-1 Miles,North America,1,29-34,63.6363636363636
M,F,0,No,Partial College,Skilled Manual,1,2,5-10 Miles,North America,1,29-34,63.6363636363636
M,F,2,Si,Partial High School,Clerical,1,2,1-2 Miles,Pacific,1,51-55,9.09090909090909
M,F,2,Si,Partial High School,Clerical,1,2,5-10 Miles,Pacific,0,56-65,9.09090909090909
M,F,2,Si,Partial High School,Clerical,1,2,1-2 Miles,Pacific,0,51-55,9.09090909090909
M,M,3,No,Partial College,Clerical,0,2,1-2 Miles,Pacific,1,56-65,18.1818181818182
S,M,3,No,Partial College,Clerical,1,2,5-10 Miles,Pacific,1,56-65,18.1818181818182
M,M,2,No,Bachelors,Management,1,2,5-10 Miles,Pacific,1,41-45,27.2727272727273
M,M,3,No,High School,Skilled Manual,1,2,5-10 Miles,Pacific,0,51-55,18.1818181818182
M,F,3,No,High School,Skilled Manual,0,2,1-2 Miles,Pacific,0,51-55,18.1818181818182
M,M,3,No,High School,Skilled Manual,1,2,5-10 Miles,Pacific,0,56-65,18.1818181818182
M,M,3,No,High School,Skilled Manual,0,2,1-2 Miles,Pacific,0,56-65,18.1818181818182
S,F,0,No,Partial College,Skilled Manual,0,2,1-2 Miles,North America,1,29-34,45.4545454545455
M,F,3,No,High School,Skilled Manual,1,2,5-10 Miles,Pacific,0,56-65,18.1818181818182
M,F,3,No,High School,Skilled Manual,1,2,5-10 Miles,Pacific,0,56-65,18.1818181818182
S,F,2,No,Partial College,Skilled Manual,0,2,1-2 Miles,Pacific,1,51-55,72.7272727272727
S,F,0,No,Partial College,Skilled Manual,1,2,5-10 Miles,North America,0,29-34,18.1818181818182
S,F,0,No,High School,Skilled Manual,1,2,5-10 Miles,North America,1,29-34,18.1818181818182
S,F,0,No,High School,Skilled Manual,1,2,5-10 Miles,North America,1,29-34,18.1818181818182
S,F,0,No,Partial College,Skilled Manual,0,2,1-2 Miles,North America,1,29-34,45.4545454545455
M,M,0,No,High School,Skilled Manual,1,2,5-10 Miles,North America,1,29-34,18.1818181818182
S,F,0,No,High School,Skilled Manual,1,2,5-10 Miles,North America,1,35-40,18.1818181818182
M,M,0,No,Partial College,Professional,0,2,0-1 Miles,North America,0,35-40,63.6363636363636
S,F,0,No,Partial College,Professional,0,2,0-1 Miles,North America,0,35-40,63.6363636363636
M,F,0,No,Partial College,Professional,1,2,5-10 Miles,North America,0,29-34,45.4545454545455
S,M,2,No,High School,Skilled Manual,0,2,1-2 Miles,Pacific,1,51-55,72.7272727272727
M,M,2,No,High School,Skilled Manual,1,2,5-10 Miles,Pacific,1,46-50,72.7272727272727
M,M,2,No,High School,Skilled Manual,0,2,1-2 Miles,Pacific,1,51-55,63.6363636363636
S,F,2,No,High School,Professional,0,2,5-10 Miles,Pacific,1,46-50,72.7272727272727
S,M,0,Si,Graduate Degree,Management,0,2,0-1 Miles,Pacific,0,46-50,90.9090909090909
S,M,0,No,Bachelors,Management,1,1,2-5 Miles,North America,0,35-40,72.7272727272727
M,F,0,No,Partial College,Professional,1,2,5-10 Miles,North America,1,35-40,45.4545454545455
M,F,0,No,Partial College,Professional,1,2,5-10 Miles,North America,1,35-40,45.4545454545455
M,F,0,Si,Graduate Degree,Management,1,3,0-1 Miles,Pacific,1,46-50,90.9090909090909
S,M,0,No,Graduate Degree,Management,0,3,0-1 Miles,Pacific,1,41-45,90.9090909090909
S,F,2,No,Partial High School,Skilled Manual,0,2,1-2 Miles,North America,0,46-50,72.7272727272727
S,F,2,No,Partial High School,Skilled Manual,1,2,5-10 Miles,North America,1,46-50,72.7272727272727
M,F,2,No,High School,Professional,0,2,1-2 Miles,North America,0,51-55,45.4545454545455
S,F,2,No,High School,Professional,1,2,5-10 Miles,North America,0,51-55,45.4545454545455
M,M,2,Si,Partial College,Professional,1,0,0-1 Miles,North America,1,51-55,63.6363636363636
M,F,5,Si,Bachelors,Professional,1,4,0-1 Miles,Pacific,1,41-45,72.7272727272727
M,F,4,Si,Bachelors,Professional,1,0,1-2 Miles,Pacific,1,41-45,81.8181818181818
S,F,1,No,Partial College,Skilled Manual,0,1,0-1 Miles,Pacific,1,46-50,63.6363636363636
M,M,1,No,Bachelors,Professional,1,1,0-1 Miles,Pacific,1,46-50,45.4545454545455
M,F,1,No,Bachelors,Professional,1,1,5-10 Miles,Pacific,1,46-50,45.4545454545455
S,M,0,No,Graduate Degree,Management,0,1,0-1 Miles,Pacific,1,41-45,81.8181818181818
S,M,0,No,Bachelors,Professional,1,1,2-5 Miles,Pacific,1,29-34,81.8181818181818
S,M,0,No,Graduate Degree,Management,1,2,1-2 Miles,Pacific,0,35-40,90.9090909090909
S,F,0,No,Graduate Degree,Management,0,2,0-1 Miles,Pacific,0,35-40,90.9090909090909
M,M,1,No,Partial College,Skilled Manual,1,1,5-10 Miles,Pacific,0,46-50,45.4545454545455
M,M,1,No,Partial College,Skilled Manual,1,1,0-1 Miles,Pacific,1,46-50,45.4545454545455
M,M,1,No,Partial College,Skilled Manual,1,1,5-10 Miles,Pacific,0,46-50,45.4545454545455
M,M,1,No,Bachelors,Professional,1,1,5-10 Miles,Pacific,0,46-50,81.8181818181818
S,M,0,No,Bachelors,Professional,0,1,5-10 Miles,Pacific,1,35-40,63.6363636363636
M,M,5,Si,Bachelors,Professional,1,4,1-2 Miles,Pacific,0,35-40,72.7272727272727
M,M,5,Si,Bachelors,Professional,1,4,1-2 Miles,Pacific,0,41-45,72.7272727272727
M,F,5,Si,Bachelors,Professional,1,4,1-2 Miles,Pacific,0,41-45,72.7272727272727
S,F,0,No,Bachelors,Professional,1,1,5-10 Miles,Pacific,1,41-45,63.6363636363636
S,F,0,No,Bachelors,Professional,0,1,0-1 Miles,Pacific,1,35-40,63.6363636363636
S,F,0,No,Bachelors,Professional,0,1,0-1 Miles,Pacific,1,41-45,63.6363636363636
S,M,0,No,Bachelors,Professional,1,1,5-10 Miles,Pacific,1,46-50,63.6363636363636
S,F,1,No,Partial College,Skilled Manual,1,1,5-10 Miles,Pacific,1,46-50,45.4545454545455
S,M,5,Si,Bachelors,Professional,1,2,5-10 Miles,Pacific,0,46-50,63.6363636363636
M,M,5,Si,Bachelors,Professional,1,2,0-1 Miles,Pacific,0,46-50,63.6363636363636
M,F,5,Si,Bachelors,Professional,1,2,0-1 Miles,Pacific,0,41-45,63.6363636363636
S,M,2,No,Bachelors,Professional,1,1,2-5 Miles,Pacific,1,51-55,81.8181818181818
S,M,2,No,Bachelors,Management,0,1,5-10 Miles,Pacific,1,51-55,81.8181818181818
M,M,1,No,Partial College,Skilled Manual,1,1,5-10 Miles,Pacific,0,51-55,72.7272727272727
M,M,2,No,Partial College,Clerical,0,2,0-1 Miles,Pacific,0,65+,18.1818181818182
M,F,2,Si,High School,Skilled Manual,1,2,0-1 Miles,Pacific,0,56-65,9.09090909090909
S,M,0,No,High School,Skilled Manual,1,2,5-10 Miles,North America,0,29-34,18.1818181818182
M,M,0,No,High School,Skilled Manual,1,2,5-10 Miles,North America,0,29-34,18.1818181818182
S,M,0,No,High School,Skilled Manual,1,2,5-10 Miles,North America,0,29-34,18.1818181818182
M,M,0,No,High School,Skilled Manual,1,2,5-10 Miles,North America,1,29-34,27.2727272727273
S,F,0,No,High School,Skilled Manual,0,2,0-1 Miles,North America,0,29-34,27.2727272727273
S,F,0,No,High School,Skilled Manual,1,2,5-10 Miles,North America,1,29-34,27.2727272727273
M,F,0,No,High School,Skilled Manual,1,2,5-10 Miles,North America,1,29-34,18.1818181818182
S,M,0,No,High School,Skilled Manual,0,2,0-1 Miles,North America,0,29-34,18.1818181818182
M,M,0,No,High School,Skilled Manual,1,2,5-10 Miles,North America,1,29-34,18.1818181818182
S,M,0,No,High School,Skilled Manual,0,2,0-1 Miles,North America,0,29-34,18.1818181818182
M,M,0,No,High School,Skilled Manual,0,2,0-1 Miles,North America,0,29-34,18.1818181818182
M,M,5,No,High School,Skilled Manual,0,2,0-1 Miles,Pacific,0,56-65,9.09090909090909
S,M,2,No,Bachelors,Management,1,2,5-10 Miles,Pacific,0,65+,27.2727272727273
S,F,0,No,Partial High School,Clerical,1,2,5-10 Miles,North America,1,29-34,18.1818181818182
S,F,0,No,High School,Skilled Manual,0,2,0-1 Miles,North America,1,29-34,27.2727272727273
M,F,0,No,Partial High School,Clerical,0,2,0-1 Miles,North America,0,29-34,18.1818181818182
S,M,0,No,Partial High School,Clerical,0,2,0-1 Miles,North America,0,29-34,18.1818181818182
S,M,0,No,Partial High School,Clerical,1,2,5-10 Miles,North America,0,29-34,18.1818181818182
S,F,0,No,Partial High School,Clerical,1,2,5-10 Miles,North America,0,29-34,18.1818181818182
S,F,0,No,High School,Skilled Manual,0,2,0-1 Miles,North America,0,29-34,27.2727272727273
M,F,0,No,High School,Skilled Manual,1,2,5-10 Miles,North America,1,29-34,27.2727272727273
S,M,0,No,Partial High School,Clerical,0,2,0-1 Miles,North America,0,29-34,18.1818181818182
M,M,0,No,High School,Skilled Manual,1,2,5-10 Miles,North America,0,29-34,27.2727272727273
M,F,0,No,High School,Skilled Manual,1,2,5-10 Miles,North America,1,29-34,27.2727272727273
M,M,2,No,Bachelors,Management,1,2,0-1 Miles,Pacific,0,65+,27.2727272727273
M,F,2,No,Bachelors,Management,1,2,5-10 Miles,Pacific,0,56-65,27.2727272727273
M,M,2,No,Bachelors,Management,1,2,0-1 Miles,Pacific,1,65+,27.2727272727273
S,F,2,No,Graduate Degree,Management,1,1,5-10 Miles,Pacific,1,65+,45.4545454545455
S,F,2,No,Bachelors,Management,1,2,5-10 Miles,Pacific,1,65+,27.2727272727273
S,F,0,No,Partial College,Skilled Manual,0,1,1-2 Miles,North America,1,29-34,27.2727272727273
S,M,0,No,Partial College,Skilled Manual,0,1,1-2 Miles,North America,1,29-34,27.2727272727273
S,F,0,No,Partial College,Skilled Manual,0,1,1-2 Miles,North America,1,29-34,27.2727272727273
S,F,0,No,High School,Skilled Manual,1,2,5-10 Miles,North America,1,29-34,27.2727272727273
S,M,0,No,High School,Skilled Manual,1,2,5-10 Miles,North America,1,29-34,27.2727272727273
M,M,0,No,Partial College,Skilled Manual,0,1,1-2 Miles,North America,1,35-40,18.1818181818182
S,M,0,No,Partial College,Skilled Manual,0,1,1-2 Miles,North America,1,35-40,45.4545454545455
S,M,0,No,Partial College,Skilled Manual,0,2,0-1 Miles,North America,0,35-40,63.6363636363636
S,M,0,No,Partial College,Skilled Manual,0,2,5-10 Miles,North America,1,35-40,63.6363636363636
S,F,0,No,Partial College,Skilled Manual,0,2,0-1 Miles,North America,0,35-40,63.6363636363636
M,F,0,No,Partial College,Skilled Manual,0,2,0-1 Miles,North America,0,35-40,63.6363636363636
S,F,0,No,Bachelors,Management,0,1,1-2 Miles,North America,1,29-34,72.7272727272727
S,F,0,No,Bachelors,Management,0,1,0-1 Miles,North America,1,41-45,72.7272727272727
S,F,0,No,Bachelors,Management,0,1,1-2 Miles,North America,1,41-45,72.7272727272727
S,F,1,No,Bachelors,Management,1,2,1-2 Miles,North America,1,35-40,81.8181818181818
S,F,0,Si,Graduate Degree,Management,1,1,10+ Miles,North America,0,41-45,90.9090909090909
M,F,0,Si,Bachelors,Management,1,2,1-2 Miles,North America,1,41-45,90.9090909090909
S,M,0,No,Graduate Degree,Management,0,2,0-1 Miles,North America,1,41-45,90.9090909090909
M,F,5,No,Bachelors,Management,1,2,5-10 Miles,North America,0,56-65,72.7272727272727
M,M,0,No,Partial College,Manual,1,1,2-5 Miles,Pacific,0,29-34,9.09090909090909
M,M,0,No,Partial College,Manual,0,1,0-1 Miles,Pacific,0,29-34,9.09090909090909
S,M,0,No,Partial College,Manual,1,1,2-5 Miles,Pacific,1,29-34,9.09090909090909
M,M,0,No,Partial College,Manual,0,1,1-2 Miles,Pacific,0,29-34,9.09090909090909
M,F,0,No,High School,Manual,1,2,0-1 Miles,Pacific,1,29-34,9.09090909090909
S,M,1,Si,High School,Manual,0,0,1-2 Miles,Pacific,1,29-34,9.09090909090909
M,F,0,No,Bachelors,Clerical,1,0,0-1 Miles,Pacific,1,29-34,9.09090909090909
M,F,0,No,Bachelors,Clerical,0,0,0-1 Miles,Pacific,1,29-34,9.09090909090909
M,M,0,No,Bachelors,Clerical,1,0,0-1 Miles,Pacific,1,29-34,9.09090909090909
S,M,1,Si,High School,Manual,0,0,1-2 Miles,Pacific,1,29-34,9.09090909090909
S,M,0,No,Bachelors,Clerical,1,0,0-1 Miles,Pacific,1,29-34,9.09090909090909
S,F,0,No,Partial College,Manual,0,0,0-1 Miles,Pacific,1,29-34,9.09090909090909
M,M,1,No,Partial College,Manual,1,0,1-2 Miles,Europe,0,65+,9.09090909090909
M,M,2,No,Partial College,Manual,1,0,0-1 Miles,Europe,0,65+,9.09090909090909
M,F,2,No,Partial College,Manual,1,1,0-1 Miles,Europe,1,65+,9.09090909090909
S,M,2,No,Partial College,Manual,1,1,1-2 Miles,Europe,1,65+,9.09090909090909
M,F,4,No,Graduate Degree,Clerical,1,0,0-1 Miles,Europe,1,46-50,18.1818181818182
M,F,4,No,Graduate Degree,Clerical,1,0,0-1 Miles,Europe,1,46-50,18.1818181818182
S,F,1,Si,High School,Manual,0,1,1-2 Miles,Europe,1,46-50,9.09090909090909
M,M,1,Si,High School,Manual,1,1,2-5 Miles,Europe,0,46-50,9.09090909090909
S,F,1,Si,Partial College,Manual,0,0,0-1 Miles,Europe,0,41-45,9.09090909090909
M,M,1,Si,High School,Manual,1,1,2-5 Miles,Europe,0,46-50,9.09090909090909
S,M,1,Si,High School,Manual,0,1,1-2 Miles,Europe,0,51-55,9.09090909090909
M,F,2,No,Partial College,Manual,1,1,2-5 Miles,Europe,1,46-50,9.09090909090909
M,M,1,No,Graduate Degree,Clerical,1,0,0-1 Miles,Europe,1,51-55,18.1818181818182
M,M,1,No,Graduate Degree,Clerical,1,0,0-1 Miles,Europe,1,51-55,18.1818181818182
M,M,3,No,Bachelors,Clerical,1,0,0-1 Miles,Europe,1,35-40,18.1818181818182
M,M,3,No,Bachelors,Clerical,1,0,0-1 Miles,Europe,1,51-55,18.1818181818182
S,F,2,Si,High School,Manual,1,0,0-1 Miles,Europe,0,29-34,9.09090909090909
S,M,0,No,Partial College,Manual,0,1,2-5 Miles,Europe,0,35-40,9.09090909090909
S,M,0,No,Partial College,Manual,0,1,2-5 Miles,Europe,0,35-40,9.09090909090909
M,M,0,No,Bachelors,Clerical,1,0,0-1 Miles,Europe,1,29-34,18.1818181818182
M,F,0,No,Graduate Degree,Clerical,1,0,0-1 Miles,Europe,1,29-34,27.2727272727273
S,M,0,No,Partial College,Manual,0,1,0-1 Miles,Europe,0,35-40,9.09090909090909
S,M,0,No,Bachelors,Clerical,1,0,0-1 Miles,Europe,1,35-40,18.1818181818182
S,M,0,No,Graduate Degree,Clerical,1,0,0-1 Miles,Europe,1,41-45,27.2727272727273
S,M,0,No,Graduate Degree,Clerical,1,0,0-1 Miles,Europe,1,29-34,27.2727272727273
M,F,0,No,Graduate Degree,Clerical,1,0,0-1 Miles,Europe,1,35-40,27.2727272727273
S,F,0,No,Graduate Degree,Clerical,1,0,0-1 Miles,Europe,1,41-45,27.2727272727273
M,M,0,No,Graduate Degree,Clerical,1,0,0-1 Miles,Europe,1,35-40,27.2727272727273
M,F,0,No,Graduate Degree,Clerical,1,0,0-1 Miles,Europe,1,35-40,27.2727272727273
S,F,0,No,Graduate Degree,Skilled Manual,1,0,0-1 Miles,Europe,1,29-34,45.4545454545455
S,F,0,No,Graduate Degree,Skilled Manual,1,0,0-1 Miles,Europe,1,35-40,45.4545454545455
M,F,3,No,Bachelors,Clerical,0,2,0-1 Miles,Europe,0,65+,9.09090909090909
S,F,3,No,Partial College,Manual,1,2,0-1 Miles,Europe,1,56-65,9.09090909090909
M,M,2,No,Partial College,Manual,1,1,0-1 Miles,Europe,0,56-65,9.09090909090909
S,F,3,Si,High School,Manual,1,0,0-1 Miles,Europe,1,35-40,9.09090909090909
S,F,3,Si,High School,Manual,1,0,0-1 Miles,Europe,1,41-45,9.09090909090909
S,F,5,No,Partial College,Professional,0,2,2-5 Miles,Europe,1,56-65,81.8181818181818
S,F,3,Si,Bachelors,Management,0,4,0-1 Miles,Europe,0,56-65,90.9090909090909
M,F,5,Si,High School,Professional,1,3,10+ Miles,Europe,0,56-65,63.6363636363636
M,M,5,Si,High School,Professional,1,3,10+ Miles,Europe,0,56-65,63.6363636363636
M,F,3,Si,Bachelors,Management,1,4,5-10 Miles,Europe,0,56-65,90.9090909090909
M,F,5,No,Partial College,Professional,0,2,2-5 Miles,Europe,0,56-65,72.7272727272727
M,M,5,No,Partial College,Professional,0,2,2-5 Miles,Europe,0,56-65,72.7272727272727
S,F,5,No,Partial College,Professional,0,2,10+ Miles,Europe,0,56-65,81.8181818181818
S,F,2,Si,Bachelors,Management,1,4,10+ Miles,Europe,0,56-65,81.8181818181818
M,M,2,Si,Bachelors,Management,1,4,10+ Miles,Europe,0,56-65,81.8181818181818
M,F,3,Si,Bachelors,Management,1,0,10+ Miles,Europe,1,56-65,81.8181818181818
M,M,3,Si,Partial College,Professional,1,4,10+ Miles,Europe,0,46-50,90.9090909090909
S,F,0,Si,Partial College,Professional,0,3,0-1 Miles,Europe,1,46-50,90.9090909090909
M,M,0,Si,Bachelors,Management,1,2,0-1 Miles,Europe,0,41-45,90.9090909090909
S,M,4,Si,Partial College,Professional,1,2,10+ Miles,Europe,1,56-65,72.7272727272727
M,F,4,Si,Partial College,Professional,1,2,10+ Miles,Europe,1,56-65,72.7272727272727
M,M,3,Si,Partial College,Professional,1,4,2-5 Miles,Europe,0,56-65,81.8181818181818
M,F,4,Si,High School,Professional,1,3,10+ Miles,Europe,0,56-65,72.7272727272727
M,F,4,Si,High School,Professional,0,2,2-5 Miles,Europe,1,56-65,81.8181818181818
M,F,4,Si,High School,Professional,1,3,2-5 Miles,Europe,0,56-65,81.8181818181818
M,M,4,Si,Partial College,Professional,0,2,10+ Miles,Europe,1,51-55,90.9090909090909
M,M,4,Si,High School,Management,1,3,5-10 Miles,Europe,1,56-65,81.8181818181818
S,F,3,Si,Partial College,Management,1,4,10+ Miles,Europe,0,56-65,81.8181818181818
M,F,4,Si,Partial College,Management,0,3,10+ Miles,Europe,0,56-65,90.9090909090909
S,M,4,Si,High School,Management,0,3,0-1 Miles,Europe,1,56-65,90.9090909090909
M,F,3,Si,Partial College,Management,0,3,10+ Miles,Europe,0,56-65,90.9090909090909
M,M,3,Si,Partial College,Management,1,4,5-10 Miles,Europe,0,51-55,81.8181818181818
M,F,4,Si,High School,Management,1,3,10+ Miles,Europe,1,56-65,90.9090909090909
M,M,4,Si,High School,Management,1,4,0-1 Miles,Europe,0,56-65,90.9090909090909
M,F,5,Si,Partial High School,Skilled Manual,1,4,5-10 Miles,Europe,1,56-65,63.6363636363636
M,F,5,Si,High School,Management,1,4,10+ Miles,Europe,0,56-65,72.7272727272727
S,M,4,Si,Partial High School,Skilled Manual,1,4,10+ Miles,Europe,0,56-65,81.8181818181818
S,M,5,No,High School,Management,1,2,10+ Miles,Europe,1,56-65,72.7272727272727
M,F,5,No,Partial High School,Skilled Manual,0,2,5-10 Miles,Europe,0,46-50,72.7272727272727
S,M,5,No,Partial High School,Skilled Manual,1,2,10+ Miles,Europe,0,56-65,81.8181818181818
M,M,4,Si,Partial High School,Professional,0,1,5-10 Miles,Europe,0,56-65,81.8181818181818
M,M,4,Si,Partial High School,Professional,1,3,10+ Miles,Europe,1,56-65,90.9090909090909
S,M,5,Si,High School,Management,1,4,10+ Miles,Europe,0,56-65,90.9090909090909
M,M,0,No,Bachelors,Professional,1,4,10+ Miles,Pacific,0,29-34,45.4545454545455
M,F,0,No,Bachelors,Professional,1,2,10+ Miles,Pacific,1,29-34,72.7272727272727
S,F,0,No,Bachelors,Professional,0,3,10+ Miles,Pacific,1,29-34,63.6363636363636
S,M,0,No,Bachelors,Professional,0,3,10+ Miles,Pacific,0,29-34,72.7272727272727
M,F,0,No,Bachelors,Professional,1,3,10+ Miles,Pacific,0,29-34,72.7272727272727
S,F,0,No,Bachelors,Professional,1,2,10+ Miles,Pacific,1,29-34,81.8181818181818
S,F,0,No,Bachelors,Professional,0,2,10+ Miles,Pacific,1,29-34,81.8181818181818
S,M,0,No,Bachelors,Professional,0,4,10+ Miles,Pacific,1,29-34,63.6363636363636
S,M,0,No,Bachelors,Professional,0,3,10+ Miles,Pacific,0,29-34,72.7272727272727
S,M,0,No,Bachelors,Professional,0,3,10+ Miles,Pacific,1,29-34,81.8181818181818
S,F,0,No,Bachelors,Professional,0,3,10+ Miles,Pacific,1,35-40,81.8181818181818
M,F,0,Si,High School,Management,1,2,10+ Miles,Pacific,1,29-34,81.8181818181818
S,M,0,No,Bachelors,Professional,0,3,10+ Miles,Pacific,0,35-40,72.7272727272727
S,F,0,No,Bachelors,Professional,1,3,10+ Miles,Pacific,0,29-34,72.7272727272727
M,M,0,No,Bachelors,Professional,0,3,10+ Miles,Pacific,0,29-34,72.7272727272727
S,F,0,Si,Partial College,Management,1,3,10+ Miles,Pacific,1,29-34,90.9090909090909
M,F,0,No,Bachelors,Professional,0,3,10+ Miles,Pacific,1,35-40,81.8181818181818
S,F,0,No,Bachelors,Professional,0,3,10+ Miles,Pacific,1,35-40,81.8181818181818
M,F,0,Si,High School,Management,1,3,10+ Miles,Pacific,0,29-34,81.8181818181818
S,M,0,No,Bachelors,Professional,1,4,10+ Miles,Pacific,0,35-40,72.7272727272727
S,M,0,No,Bachelors,Professional,1,4,10+ Miles,Pacific,0,35-40,72.7272727272727
S,M,0,No,Bachelors,Professional,0,3,10+ Miles,Pacific,1,35-40,81.8181818181818
M,F,0,Si,Partial High School,Professional,1,4,10+ Miles,Pacific,0,35-40,90.9090909090909
M,M,0,Si,High School,Management,1,3,10+ Miles,Pacific,0,29-34,81.8181818181818
S,M,0,Si,High School,Management,1,3,10+ Miles,Pacific,0,35-40,81.8181818181818
S,F,0,Si,High School,Management,1,4,10+ Miles,Pacific,1,35-40,81.8181818181818
M,M,0,Si,Partial High School,Professional,0,4,10+ Miles,Pacific,1,29-34,81.8181818181818
M,F,0,Si,High School,Management,1,4,10+ Miles,Pacific,1,29-34,90.9090909090909
M,F,0,Si,Partial High School,Professional,1,4,10+ Miles,Pacific,0,29-34,90.9090909090909
M,M,0,Si,Partial High School,Professional,1,4,10+ Miles,Pacific,1,35-40,90.9090909090909
M,F,5,No,Bachelors,Management,1,2,10+ Miles,North America,1,65+,63.6363636363636
M,F,4,No,Bachelors,Management,0,2,1-2 Miles,North America,1,65+,72.7272727272727
M,F,2,Si,Graduate Degree,Management,1,1,2-5 Miles,North America,0,65+,90.9090909090909
M,M,5,No,Bachelors,Management,1,2,1-2 Miles,North America,1,65+,63.6363636363636
S,F,5,No,Bachelors,Management,1,2,5-10 Miles,North America,0,56-65,81.8181818181818
M,F,5,No,Bachelors,Management,1,2,5-10 Miles,North America,0,56-65,81.8181818181818
M,F,5,No,Bachelors,Management,1,2,5-10 Miles,North America,0,65+,81.8181818181818
S,M,5,No,Bachelors,Management,1,2,5-10 Miles,North America,0,56-65,81.8181818181818
M,M,5,No,Bachelors,Management,1,2,5-10 Miles,North America,0,65+,81.8181818181818
M,F,2,Si,Graduate Degree,Management,1,3,5-10 Miles,North America,0,65+,81.8181818181818
M,M,2,Si,Graduate Degree,Management,1,2,5-10 Miles,North America,0,65+,90.9090909090909
S,M,2,Si,Bachelors,Management,0,4,0-1 Miles,North America,0,65+,90.9090909090909
M,M,2,Si,Graduate Degree,Management,1,2,5-10 Miles,North America,0,65+,90.9090909090909
M,F,2,Si,Graduate Degree,Management,1,3,1-2 Miles,North America,0,65+,81.8181818181818
S,M,2,Si,Bachelors,Management,1,2,5-10 Miles,North America,1,65+,90.9090909090909
M,F,2,Si,Bachelors,Management,0,2,5-10 Miles,North America,0,65+,90.9090909090909
S,M,2,Si,Bachelors,Management,1,3,5-10 Miles,North America,1,65+,90.9090909090909
S,F,2,Si,Graduate Degree,Management,0,2,0-1 Miles,North America,1,65+,90.9090909090909
M,M,2,Si,Graduate Degree,Management,1,2,0-1 Miles,North America,0,65+,90.9090909090909
S,F,4,No,Bachelors,Management,1,2,10+ Miles,North America,0,56-65,63.6363636363636
S,M,3,No,Partial College,Skilled Manual,1,2,5-10 Miles,Pacific,1,56-65,27.2727272727273
S,M,3,No,Partial College,Skilled Manual,1,2,5-10 Miles,Pacific,1,56-65,27.2727272727273
S,F,2,No,Graduate Degree,Management,1,2,5-10 Miles,Pacific,1,56-65,63.6363636363636
M,M,2,No,Graduate Degree,Management,1,2,1-2 Miles,Pacific,1,46-50,63.6363636363636
S,F,2,No,Partial College,Skilled Manual,1,2,5-10 Miles,Pacific,1,56-65,72.7272727272727
S,M,2,No,Partial College,Skilled Manual,0,2,1-2 Miles,Pacific,1,56-65,72.7272727272727
S,M,0,No,Partial College,Skilled Manual,1,2,5-10 Miles,North America,0,35-40,18.1818181818182
M,M,0,No,Partial College,Skilled Manual,1,2,5-10 Miles,North America,0,29-34,18.1818181818182
S,F,0,No,Partial College,Skilled Manual,0,2,1-2 Miles,North America,1,29-34,18.1818181818182
S,F,0,No,High School,Skilled Manual,1,2,5-10 Miles,North America,1,29-34,18.1818181818182
M,M,0,No,High School,Skilled Manual,1,2,5-10 Miles,North America,0,29-34,18.1818181818182
S,M,0,No,Partial College,Skilled Manual,0,2,1-2 Miles,North America,1,35-40,45.4545454545455
M,M,0,No,High School,Skilled Manual,1,2,5-10 Miles,North America,0,35-40,18.1818181818182
S,F,0,No,High School,Skilled Manual,0,2,1-2 Miles,North America,1,35-40,18.1818181818182
S,M,0,No,Partial College,Skilled Manual,0,2,1-2 Miles,North America,0,29-34,45.4545454545455
M,M,0,No,Partial College,Professional,1,2,5-10 Miles,North America,0,29-34,45.4545454545455
S,M,2,No,High School,Skilled Manual,1,2,5-10 Miles,Pacific,1,51-55,72.7272727272727
S,F,2,No,High School,Skilled Manual,1,2,5-10 Miles,Pacific,1,51-55,72.7272727272727
S,M,2,No,High School,Skilled Manual,0,2,1-2 Miles,Pacific,1,46-50,63.6363636363636
M,F,0,Si,Graduate Degree,Management,1,1,10+ Miles,Pacific,0,46-50,90.9090909090909
M,F,0,Si,Graduate Degree,Management,1,2,0-1 Miles,Pacific,1,46-50,90.9090909090909
S,M,0,No,Bachelors,Management,0,1,2-5 Miles,North America,0,35-40,72.7272727272727
S,M,0,No,Bachelors,Management,0,1,0-1 Miles,North America,1,35-40,72.7272727272727
S,F,0,No,High School,Professional,1,2,5-10 Miles,North America,0,35-40,18.1818181818182
S,M,0,No,Partial College,Professional,0,2,1-2 Miles,North America,1,29-34,45.4545454545455
S,M,0,No,Partial College,Professional,0,2,1-2 Miles,North America,1,35-40,45.4545454545455
S,F,0,No,Partial College,Professional,0,2,1-2 Miles,North America,1,29-34,45.4545454545455
M,F,1,Si,Bachelors,Management,1,3,2-5 Miles,Pacific,1,46-50,90.9090909090909
S,M,0,No,Graduate Degree,Management,1,1,0-1 Miles,Pacific,1,35-40,90.9090909090909
S,F,0,Si,Graduate Degree,Management,0,3,0-1 Miles,North America,1,41-45,90.9090909090909
S,F,0,No,Bachelors,Management,0,2,0-1 Miles,North America,1,41-45,90.9090909090909
S,M,2,No,Partial High School,Skilled Manual,1,2,5-10 Miles,North America,1,51-55,63.6363636363636
S,M,2,No,Partial High School,Skilled Manual,0,2,1-2 Miles,North America,0,51-55,63.6363636363636
S,F,2,No,Partial High School,Skilled Manual,1,2,5-10 Miles,North America,1,46-50,63.6363636363636
M,M,2,No,High School,Professional,0,2,5-10 Miles,North America,0,51-55,45.4545454545455
M,M,2,No,High School,Professional,0,2,1-2 Miles,North America,0,51-55,45.4545454545455
S,F,2,No,High School,Professional,1,2,5-10 Miles,North America,0,51-55,45.4545454545455
M,M,2,No,High School,Professional,0,2,1-2 Miles,North America,0,51-55,45.4545454545455
M,F,3,Si,Partial College,Professional,1,0,5-10 Miles,North America,1,51-55,63.6363636363636
M,F,3,Si,Partial College,Professional,1,0,5-10 Miles,North America,1,51-55,63.6363636363636
M,M,2,Si,Bachelors,Professional,0,1,0-1 Miles,Pacific,1,41-45,81.8181818181818
S,M,4,Si,Bachelors,Professional,1,0,1-2 Miles,Pacific,1,41-45,81.8181818181818
M,M,1,No,Partial College,Skilled Manual,1,1,5-10 Miles,Pacific,1,46-50,63.6363636363636
S,F,1,No,Partial College,Skilled Manual,1,1,5-10 Miles,Pacific,1,46-50,63.6363636363636
M,F,1,No,Bachelors,Professional,1,1,0-1 Miles,Pacific,1,46-50,45.4545454545455
M,F,1,No,Bachelors,Professional,1,1,0-1 Miles,Pacific,1,41-45,45.4545454545455
M,M,1,No,Bachelors,Professional,1,1,0-1 Miles,Pacific,1,46-50,45.4545454545455
M,M,1,No,Partial College,Skilled Manual,1,1,0-1 Miles,Pacific,1,46-50,45.4545454545455
M,M,1,No,Partial College,Skilled Manual,1,1,5-10 Miles,Pacific,0,46-50,45.4545454545455
S,F,0,No,Bachelors,Professional,0,1,2-5 Miles,Pacific,1,29-34,81.8181818181818
S,M,0,No,Graduate Degree,Management,0,2,1-2 Miles,Pacific,0,41-45,90.9090909090909
S,M,0,No,Graduate Degree,Management,0,2,0-1 Miles,Pacific,1,35-40,90.9090909090909
S,M,0,No,Graduate Degree,Management,0,3,1-2 Miles,Pacific,0,29-34,90.9090909090909
M,F,1,No,Partial College,Skilled Manual,1,1,5-10 Miles,Pacific,0,46-50,45.4545454545455
M,M,1,No,Partial College,Skilled Manual,1,1,5-10 Miles,Pacific,0,46-50,45.4545454545455
M,F,5,Si,Bachelors,Professional,1,4,0-1 Miles,Pacific,0,41-45,72.7272727272727
S,M,0,No,Bachelors,Professional,0,1,5-10 Miles,Pacific,0,41-45,63.6363636363636
M,M,1,No,Partial College,Skilled Manual,1,1,0-1 Miles,Pacific,1,46-50,45.4545454545455
S,M,5,Si,Bachelors,Professional,1,2,5-10 Miles,Pacific,0,46-50,63.6363636363636
M,M,5,Si,Partial College,Skilled Manual,1,2,5-10 Miles,Pacific,0,46-50,63.6363636363636
M,F,5,Si,Partial College,Skilled Manual,1,2,5-10 Miles,Pacific,0,46-50,63.6363636363636
M,F,5,Si,Partial College,Skilled Manual,1,3,5-10 Miles,Pacific,0,41-45,63.6363636363636
M,M,5,Si,Bachelors,Professional,1,2,1-2 Miles,Pacific,0,41-45,72.7272727272727
S,F,2,No,Bachelors,Management,1,1,2-5 Miles,Pacific,1,51-55,81.8181818181818
S,M,1,No,Partial College,Skilled Manual,0,1,0-1 Miles,Pacific,1,51-55,63.6363636363636
S,F,1,No,Partial College,Skilled Manual,1,1,5-10 Miles,Pacific,1,51-55,63.6363636363636
S,F,1,No,Partial College,Skilled Manual,1,1,5-10 Miles,Pacific,1,51-55,63.6363636363636
S,M,1,No,Partial College,Skilled Manual,1,1,5-10 Miles,Pacific,1,51-55,63.6363636363636
S,M,0,No,High School,Skilled Manual,0,2,0-1 Miles,North America,0,29-34,18.1818181818182
S,F,0,No,High School,Skilled Manual,0,2,0-1 Miles,North America,0,29-34,18.1818181818182
S,F,0,No,High School,Skilled Manual,0,2,0-1 Miles,North America,0,29-34,18.1818181818182
M,M,0,No,High School,Skilled Manual,1,2,5-10 Miles,North America,1,29-34,27.2727272727273
S,M,0,No,High School,Skilled Manual,1,2,5-10 Miles,North America,0,29-34,18.1818181818182
S,F,0,No,High School,Skilled Manual,0,2,5-10 Miles,North America,0,29-34,18.1818181818182
S,M,0,No,Partial High School,Clerical,0,2,5-10 Miles,North America,0,29-34,18.1818181818182
M,M,0,No,High School,Skilled Manual,0,2,0-1 Miles,North America,1,29-34,27.2727272727273
M,F,0,No,High School,Skilled Manual,1,2,5-10 Miles,North America,1,29-34,27.2727272727273
M,M,0,No,High School,Skilled Manual,1,2,5-10 Miles,North America,1,29-34,27.2727272727273
S,F,0,No,High School,Skilled Manual,0,2,0-1 Miles,North America,1,29-34,27.2727272727273
M,F,0,No,High School,Skilled Manual,0,2,0-1 Miles,North America,1,29-34,27.2727272727273
S,F,0,No,Partial High School,Clerical,0,2,0-1 Miles,North America,0,29-34,18.1818181818182
S,F,0,No,High School,Skilled Manual,1,2,5-10 Miles,North America,0,29-34,27.2727272727273
M,M,0,No,Partial High School,Clerical,0,2,0-1 Miles,North America,0,29-34,18.1818181818182
S,F,0,No,High School,Skilled Manual,0,2,0-1 Miles,North America,1,29-34,27.2727272727273
M,M,0,No,High School,Skilled Manual,1,2,5-10 Miles,North America,1,29-34,27.2727272727273
S,M,2,No,Partial College,Clerical,1,2,5-10 Miles,Pacific,0,65+,18.1818181818182
M,F,2,No,Bachelors,Management,0,2,0-1 Miles,Pacific,1,65+,27.2727272727273
S,F,2,No,Bachelors,Management,1,2,5-10 Miles,Pacific,1,65+,27.2727272727273
S,F,2,No,Bachelors,Management,1,2,5-10 Miles,Pacific,1,65+,27.2727272727273
M,M,2,No,Graduate Degree,Management,1,1,5-10 Miles,Pacific,1,65+,45.4545454545455
M,F,0,No,High School,Skilled Manual,1,2,5-10 Miles,North America,0,29-34,27.2727272727273
S,F,0,No,High School,Skilled Manual,0,2,1-2 Miles,North America,0,29-34,27.2727272727273
S,F,0,No,Partial College,Skilled Manual,1,1,5-10 Miles,North America,0,29-34,27.2727272727273
S,F,0,No,High School,Skilled Manual,0,2,1-2 Miles,North America,0,29-34,27.2727272727273
S,F,0,No,High School,Skilled Manual,0,2,1-2 Miles,North America,0,29-34,27.2727272727273
S,M,0,No,Partial College,Skilled Manual,0,1,1-2 Miles,North America,1,35-40,18.1818181818182
M,M,0,No,Partial College,Skilled Manual,1,1,5-10 Miles,North America,1,35-40,45.4545454545455
S,F,0,No,Bachelors,Management,1,2,1-2 Miles,North America,1,35-40,81.8181818181818
M,M,1,No,Bachelors,Management,1,2,1-2 Miles,North America,1,41-45,81.8181818181818
M,F,1,No,Bachelors,Management,1,2,0-1 Miles,North America,0,41-45,81.8181818181818
M,M,4,Si,Bachelors,Management,1,1,0-1 Miles,North America,0,41-45,81.8181818181818
S,F,4,No,Graduate Degree,Skilled Manual,1,0,1-2 Miles,North America,0,46-50,45.4545454545455
M,M,4,No,Graduate Degree,Skilled Manual,1,0,1-2 Miles,North America,0,51-55,45.4545454545455
S,M,4,Si,Partial College,Clerical,1,2,1-2 Miles,North America,1,35-40,27.2727272727273
S,F,0,No,Graduate Degree,Skilled Manual,1,0,0-1 Miles,North America,0,35-40,45.4545454545455
M,M,1,No,Graduate Degree,Skilled Manual,1,0,0-1 Miles,North America,1,35-40,45.4545454545455
M,M,1,No,Graduate Degree,Skilled Manual,0,0,0-1 Miles,North America,1,35-40,45.4545454545455
S,F,1,No,Graduate Degree,Skilled Manual,1,0,0-1 Miles,North America,1,35-40,45.4545454545455
S,F,1,No,Graduate Degree,Skilled Manual,1,0,0-1 Miles,North America,1,29-34,45.4545454545455
M,M,1,Si,Graduate Degree,Skilled Manual,1,0,1-2 Miles,North America,0,35-40,45.4545454545455
M,M,1,No,Graduate Degree,Skilled Manual,1,0,1-2 Miles,North America,0,35-40,45.4545454545455
M,F,1,Si,Graduate Degree,Skilled Manual,1,0,1-2 Miles,North America,0,29-34,27.2727272727273
M,M,1,Si,Graduate Degree,Skilled Manual,1,0,1-2 Miles,North America,0,35-40,27.2727272727273
M,F,1,No,Graduate Degree,Skilled Manual,1,0,2-5 Miles,North America,0,35-40,45.4545454545455
M,M,1,No,Graduate Degree,Skilled Manual,1,0,2-5 Miles,North America,0,29-34,45.4545454545455
M,M,1,No,Graduate Degree,Professional,1,0,0-1 Miles,North America,1,29-34,63.6363636363636
M,F,1,Si,Bachelors,Skilled Manual,1,0,0-1 Miles,North America,0,29-34,45.4545454545455
S,F,4,No,Bachelors,Management,1,2,10+ Miles,North America,0,56-65,63.6363636363636
S,F,4,No,Bachelors,Management,1,2,1-2 Miles,North America,1,56-65,63.6363636363636
S,M,4,No,Graduate Degree,Management,1,2,10+ Miles,North America,1,56-65,45.4545454545455
M,M,4,No,Graduate Degree,Management,1,2,10+ Miles,North America,1,65+,45.4545454545455
M,F,5,No,Bachelors,Management,1,2,1-2 Miles,North America,1,56-65,63.6363636363636
S,F,5,No,Bachelors,Management,1,2,10+ Miles,North America,1,51-55,63.6363636363636
S,M,5,No,Bachelors,Management,1,2,10+ Miles,North America,1,56-65,63.6363636363636
M,M,5,No,Bachelors,Management,1,2,2-5 Miles,North America,0,56-65,63.6363636363636
M,F,4,No,Bachelors,Management,1,2,2-5 Miles,North America,0,56-65,45.4545454545455
M,F,4,No,Bachelors,Management,1,2,10+ Miles,North America,1,56-65,45.4545454545455
S,F,5,No,Bachelors,Management,1,3,10+ Miles,North America,1,56-65,45.4545454545455
M,F,5,No,Bachelors,Management,1,3,10+ Miles,North America,1,56-65,45.4545454545455
M,F,5,No,Bachelors,Management,1,2,1-2 Miles,North America,0,56-65,63.6363636363636
M,M,2,Si,Bachelors,Management,1,0,2-5 Miles,North America,0,56-65,45.4545454545455
M,M,2,Si,Bachelors,Management,0,0,2-5 Miles,North America,0,56-65,45.4545454545455
M,M,4,Si,Bachelors,Management,1,1,1-2 Miles,North America,0,56-65,63.6363636363636
M,M,4,Si,Bachelors,Management,1,1,10+ Miles,North America,1,56-65,63.6363636363636
S,M,4,Si,Bachelors,Management,1,1,10+ Miles,North America,0,56-65,63.6363636363636
M,M,4,Si,Bachelors,Management,1,1,10+ Miles,North America,1,56-65,63.6363636363636
S,M,4,Si,Bachelors,Management,1,1,10+ Miles,North America,0,51-55,63.6363636363636
S,F,2,Si,Partial College,Professional,1,1,10+ Miles,North America,0,56-65,45.4545454545455
S,F,2,Si,Partial College,Professional,1,1,10+ Miles,North America,0,56-65,45.4545454545455
M,M,2,Si,Partial College,Professional,1,1,10+ Miles,North America,1,56-65,45.4545454545455
S,M,2,Si,Bachelors,Management,1,0,10+ Miles,North America,0,56-65,45.4545454545455
S,M,4,Si,Bachelors,Management,1,2,10+ Miles,North America,1,56-65,63.6363636363636
M,M,2,Si,Partial College,Professional,0,2,2-5 Miles,North America,0,56-65,45.4545454545455
S,F,2,Si,Partial College,Professional,1,2,10+ Miles,North America,0,56-65,45.4545454545455
S,F,2,Si,Partial College,Professional,1,2,10+ Miles,North America,0,56-65,45.4545454545455
S,F,2,Si,Partial College,Professional,1,2,2-5 Miles,North America,0,56-65,45.4545454545455
M,M,2,Si,Partial College,Professional,1,2,2-5 Miles,North America,0,56-65,45.4545454545455
M,F,2,Si,Partial College,Professional,1,1,2-5 Miles,North America,1,51-55,45.4545454545455
M,M,2,Si,Partial College,Professional,1,1,2-5 Miles,North America,0,56-65,45.4545454545455
S,F,4,Si,Partial College,Professional,1,1,10+ Miles,North America,0,56-65,63.6363636363636
M,M,4,Si,Partial College,Professional,1,1,1-2 Miles,North America,0,51-55,63.6363636363636
M,F,4,Si,Partial College,Professional,1,1,1-2 Miles,North America,0,56-65,63.6363636363636
S,F,2,Si,High School,Professional,1,2,10+ Miles,North America,1,56-65,63.6363636363636
S,F,2,Si,High School,Professional,1,2,10+ Miles,North America,1,56-65,63.6363636363636
M,F,2,Si,Partial College,Professional,1,2,2-5 Miles,North America,1,56-65,45.4545454545455
M,F,2,Si,Partial College,Professional,0,2,2-5 Miles,North America,1,56-65,45.4545454545455
M,M,2,Si,Partial College,Professional,1,2,2-5 Miles,North America,1,51-55,45.4545454545455
M,F,3,Si,High School,Professional,1,2,10+ Miles,North America,1,56-65,45.4545454545455
S,M,3,Si,High School,Professional,1,2,10+ Miles,North America,1,56-65,45.4545454545455
M,F,3,Si,High School,Professional,1,2,10+ Miles,North America,1,51-55,45.4545454545455
M,F,4,Si,Partial College,Professional,1,2,10+ Miles,North America,1,56-65,63.6363636363636
S,F,4,Si,Partial College,Professional,1,2,10+ Miles,North America,1,41-45,63.6363636363636
M,F,5,Si,Partial College,Professional,1,2,2-5 Miles,North America,1,56-65,63.6363636363636
S,F,2,Si,Bachelors,Management,0,4,0-1 Miles,Europe,0,41-45,90.9090909090909
M,F,2,Si,Bachelors,Management,1,4,0-1 Miles,Europe,0,51-55,90.9090909090909
S,F,2,Si,Partial College,Professional,1,3,5-10 Miles,Europe,1,41-45,90.9090909090909
M,M,2,Si,High School,Professional,1,4,5-10 Miles,Europe,1,41-45,90.9090909090909
M,F,2,Si,Partial College,Professional,1,2,0-1 Miles,Europe,1,46-50,90.9090909090909
M,M,3,Si,Partial College,Professional,1,3,5-10 Miles,Europe,1,51-55,90.9090909090909
S,F,3,Si,Partial College,Professional,0,3,0-1 Miles,Europe,1,51-55,90.9090909090909
S,F,3,Si,Partial College,Professional,0,3,0-1 Miles,Europe,1,51-55,90.9090909090909
M,F,2,Si,Partial College,Professional,1,0,5-10 Miles,North America,0,51-55,81.8181818181818
M,F,3,No,Partial College,Professional,0,2,0-1 Miles,North America,0,51-55,63.6363636363636
S,M,4,No,Graduate Degree,Management,1,1,5-10 Miles,North America,0,65+,81.8181818181818
M,F,1,Si,Graduate Degree,Management,1,2,2-5 Miles,North America,1,65+,90.9090909090909
S,F,1,Si,Graduate Degree,Management,1,2,2-5 Miles,North America,1,65+,90.9090909090909
M,F,1,Si,Graduate Degree,Management,1,3,1-2 Miles,North America,0,65+,90.9090909090909
M,M,4,Si,Partial College,Professional,1,3,2-5 Miles,North America,1,41-45,81.8181818181818
M,M,5,Si,Partial College,Professional,1,3,2-5 Miles,North America,0,41-45,81.8181818181818
S,F,3,Si,Bachelors,Management,1,4,2-5 Miles,North America,1,35-40,81.8181818181818
M,M,4,Si,Partial College,Professional,1,4,2-5 Miles,North America,1,41-45,81.8181818181818
M,M,4,Si,Partial College,Professional,1,4,2-5 Miles,North America,1,41-45,81.8181818181818
M,M,2,Si,Bachelors,Management,1,3,1-2 Miles,North America,0,35-40,90.9090909090909
S,F,3,Si,Partial College,Professional,1,4,2-5 Miles,North America,1,41-45,90.9090909090909
M,M,1,Si,Graduate Degree,Management,1,4,0-1 Miles,North America,0,41-45,90.9090909090909
M,M,1,Si,Graduate Degree,Management,1,4,0-1 Miles,North America,0,41-45,90.9090909090909
M,M,1,Si,Graduate Degree,Management,1,4,0-1 Miles,North America,0,41-45,90.9090909090909
M,M,4,Si,Bachelors,Management,1,0,2-5 Miles,North America,0,35-40,72.7272727272727
S,F,4,Si,Partial College,Professional,1,2,2-5 Miles,North America,1,46-50,72.7272727272727
M,F,5,Si,Partial College,Professional,1,3,2-5 Miles,North America,1,35-40,81.8181818181818
S,M,0,No,Partial College,Professional,0,1,10+ Miles,North America,1,41-45,81.8181818181818
M,M,2,Si,Graduate Degree,Management,1,2,0-1 Miles,North America,0,35-40,90.9090909090909
S,M,2,Si,Graduate Degree,Management,0,3,0-1 Miles,North America,1,41-45,90.9090909090909
M,M,3,Si,Partial College,Professional,1,0,5-10 Miles,North America,1,46-50,63.6363636363636
S,M,2,Si,Partial College,Professional,1,0,5-10 Miles,North America,1,51-55,81.8181818181818
M,F,1,Si,Graduate Degree,Management,1,1,0-1 Miles,North America,0,65+,81.8181818181818
M,F,4,Si,Partial College,Professional,1,2,2-5 Miles,North America,0,46-50,72.7272727272727
S,M,0,No,Partial College,Professional,0,2,2-5 Miles,North America,1,35-40,81.8181818181818
M,M,4,Si,Partial College,Professional,1,3,5-10 Miles,North America,1,46-50,90.9090909090909
M,M,5,Si,Partial College,Professional,1,2,0-1 Miles,North America,0,46-50,72.7272727272727
S,M,5,Si,Partial College,Professional,1,3,5-10 Miles,North America,1,46-50,72.7272727272727
M,M,1,Si,Partial College,Professional,1,3,1-2 Miles,North America,0,46-50,81.8181818181818
M,F,1,Si,Partial College,Professional,1,4,5-10 Miles,North America,1,46-50,81.8181818181818
M,F,1,Si,Bachelors,Management,1,2,1-2 Miles,North America,0,46-50,90.9090909090909
M,F,1,Si,Partial College,Professional,1,4,1-2 Miles,North America,0,41-45,90.9090909090909
M,F,1,Si,Bachelors,Management,1,4,2-5 Miles,North America,1,46-50,90.9090909090909
M,M,4,Si,High School,Professional,1,1,5-10 Miles,North America,0,46-50,81.8181818181818
M,M,4,Si,High School,Professional,1,1,5-10 Miles,North America,0,46-50,81.8181818181818
M,M,4,Si,High School,Professional,1,2,5-10 Miles,North America,0,46-50,81.8181818181818
S,F,4,Si,High School,Professional,1,2,5-10 Miles,North America,0,46-50,81.8181818181818
M,F,3,Si,Partial College,Professional,1,4,1-2 Miles,North America,0,46-50,81.8181818181818
M,M,1,Si,Bachelors,Management,1,3,0-1 Miles,North America,1,41-45,90.9090909090909
S,M,1,Si,Bachelors,Management,0,3,0-1 Miles,North America,1,46-50,90.9090909090909
M,F,3,Si,Bachelors,Management,1,3,0-1 Miles,North America,1,46-50,90.9090909090909
M,M,1,Si,Bachelors,Management,1,4,2-5 Miles,North America,1,41-45,90.9090909090909
M,F,2,No,High School,Professional,0,2,1-2 Miles,North America,0,46-50,45.4545454545455
M,F,2,No,High School,Professional,0,2,5-10 Miles,North America,0,46-50,45.4545454545455
M,M,2,No,High School,Professional,0,2,1-2 Miles,North America,0,51-55,45.4545454545455
S,F,4,Si,High School,Professional,1,0,5-10 Miles,North America,1,51-55,63.6363636363636
S,F,2,No,Partial High School,Skilled Manual,1,2,5-10 Miles,North America,1,46-50,72.7272727272727
S,F,1,No,Graduate Degree,Management,0,4,0-1 Miles,North America,0,65+,90.9090909090909
M,M,5,Si,Partial College,Professional,1,3,5-10 Miles,North America,0,41-45,72.7272727272727
S,F,4,Si,High School,Professional,1,3,5-10 Miles,North America,1,46-50,81.8181818181818
M,M,4,Si,High School,Professional,1,3,5-10 Miles,North America,0,46-50,81.8181818181818
M,F,4,Si,High School,Professional,1,3,5-10 Miles,North America,0,46-50,81.8181818181818
M,F,4,Si,Bachelors,Management,0,3,2-5 Miles,North America,1,41-45,90.9090909090909
M,F,1,Si,Partial College,Professional,1,2,2-5 Miles,North America,1,46-50,90.9090909090909
M,M,1,Si,Graduate Degree,Management,1,2,0-1 Miles,North America,1,46-50,90.9090909090909
M,M,2,No,Partial High School,Skilled Manual,1,2,5-10 Miles,North America,0,51-55,45.4545454545455
M,M,3,Si,High School,Professional,1,1,1-2 Miles,North America,0,56-65,63.6363636363636
M,M,3,No,Graduate Degree,Management,1,2,5-10 Miles,North America,0,51-55,63.6363636363636
M,M,3,No,Graduate Degree,Management,1,2,5-10 Miles,North America,0,46-50,63.6363636363636
S,M,3,No,Graduate Degree,Management,1,2,5-10 Miles,North America,0,56-65,63.6363636363636
M,M,3,No,Graduate Degree,Management,1,2,1-2 Miles,North America,0,56-65,63.6363636363636
S,F,3,No,Graduate Degree,Management,0,2,1-2 Miles,North America,0,56-65,63.6363636363636
M,M,3,No,Graduate Degree,Management,1,2,5-10 Miles,North America,1,51-55,45.4545454545455
M,M,3,No,Partial College,Professional,0,2,5-10 Miles,North America,1,56-65,27.2727272727273
M,F,3,No,Partial College,Professional,0,2,1-2 Miles,North America,1,56-65,27.2727272727273
M,F,3,No,Partial College,Professional,0,2,5-10 Miles,North America,1,51-55,27.2727272727273
M,F,4,No,Graduate Degree,Management,1,2,10+ Miles,North America,1,65+,63.6363636363636
M,M,2,Si,Graduate Degree,Management,1,3,5-10 Miles,North America,0,65+,81.8181818181818
S,F,2,Si,Bachelors,Management,0,4,0-1 Miles,North America,0,65+,90.9090909090909
M,M,4,No,Graduate Degree,Management,1,2,1-2 Miles,North America,1,65+,72.7272727272727
M,F,5,No,Bachelors,Management,1,2,5-10 Miles,North America,0,65+,81.8181818181818
M,F,5,No,Bachelors,Management,1,2,5-10 Miles,North America,0,65+,81.8181818181818
M,F,2,Si,Graduate Degree,Management,1,0,5-10 Miles,North America,0,65+,90.9090909090909
M,M,2,Si,Bachelors,Management,1,4,0-1 Miles,North America,0,65+,90.9090909090909
M,F,5,No,Bachelors,Management,0,2,1-2 Miles,North America,0,65+,81.8181818181818
M,M,2,Si,Graduate Degree,Management,1,3,1-2 Miles,North America,0,65+,81.8181818181818
M,F,2,Si,Graduate Degree,Management,1,3,5-10 Miles,North America,0,65+,81.8181818181818
S,F,4,Si,Partial College,Skilled Manual,0,3,1-2 Miles,North America,0,41-45,81.8181818181818
S,M,2,No,Bachelors,Management,1,2,1-2 Miles,North America,1,41-45,81.8181818181818
M,F,2,No,Bachelors,Management,1,2,0-1 Miles,North America,0,41-45,81.8181818181818
M,M,3,No,Bachelors,Management,1,3,1-2 Miles,North America,0,35-40,81.8181818181818
M,F,1,No,Graduate Degree,Management,1,3,0-1 Miles,North America,0,41-45,90.9090909090909
S,F,0,No,Partial College,Skilled Manual,1,1,5-10 Miles,North America,0,29-34,18.1818181818182
S,F,0,No,Partial College,Skilled Manual,1,1,5-10 Miles,North America,0,29-34,18.1818181818182
S,M,5,No,High School,Skilled Manual,1,3,5-10 Miles,Pacific,0,56-65,9.09090909090909
M,F,3,No,High School,Skilled Manual,0,2,1-2 Miles,Pacific,0,51-55,9.09090909090909
M,F,2,Si,High School,Skilled Manual,1,2,5-10 Miles,Pacific,0,56-65,9.09090909090909
S,F,0,No,Partial College,Skilled Manual,1,1,5-10 Miles,North America,0,29-34,27.2727272727273
S,F,0,No,Partial College,Skilled Manual,0,1,1-2 Miles,North America,1,29-34,27.2727272727273
M,M,4,No,High School,Skilled Manual,0,2,1-2 Miles,Pacific,0,56-65,9.09090909090909
M,M,4,No,High School,Skilled Manual,1,2,5-10 Miles,Pacific,0,56-65,9.09090909090909
M,F,2,No,Partial College,Clerical,0,2,5-10 Miles,Pacific,1,56-65,18.1818181818182
M,F,0,No,Graduate Degree,Manual,1,0,0-1 Miles,Europe,1,29-34,9.09090909090909
M,F,0,No,Graduate Degree,Manual,1,0,0-1 Miles,Europe,1,29-34,9.09090909090909
M,F,1,No,Graduate Degree,Manual,1,0,0-1 Miles,Europe,0,46-50,9.09090909090909
M,M,1,No,Graduate Degree,Manual,1,0,0-1 Miles,Europe,0,46-50,9.09090909090909
M,M,1,No,Graduate Degree,Manual,1,0,0-1 Miles,Europe,0,41-45,9.09090909090909
S,F,1,No,Graduate Degree,Clerical,1,0,0-1 Miles,Europe,0,46-50,9.09090909090909
M,M,1,No,Graduate Degree,Clerical,1,0,0-1 Miles,Europe,0,46-50,9.09090909090909
M,F,1,No,Graduate Degree,Clerical,1,0,0-1 Miles,Europe,0,46-50,9.09090909090909
M,F,1,No,Graduate Degree,Clerical,1,0,0-1 Miles,Europe,0,35-40,9.09090909090909
S,M,1,No,Bachelors,Manual,1,0,0-1 Miles,Europe,0,29-34,9.09090909090909
S,F,1,No,Bachelors,Manual,1,0,0-1 Miles,Europe,0,46-50,9.09090909090909
S,M,1,No,Graduate Degree,Clerical,1,0,0-1 Miles,Europe,0,41-45,9.09090909090909
S,F,1,No,Graduate Degree,Clerical,1,0,0-1 Miles,Europe,0,46-50,9.09090909090909
M,M,1,No,Graduate Degree,Clerical,1,0,0-1 Miles,Europe,0,65+,9.09090909090909
S,F,4,No,Graduate Degree,Clerical,1,0,0-1 Miles,Europe,1,46-50,18.1818181818182
S,F,4,No,Graduate Degree,Clerical,1,0,0-1 Miles,Europe,1,46-50,18.1818181818182
M,M,1,No,Bachelors,Manual,1,0,0-1 Miles,Europe,0,51-55,9.09090909090909
S,M,1,No,Graduate Degree,Clerical,1,0,0-1 Miles,Europe,1,51-55,9.09090909090909
M,M,1,No,Bachelors,Clerical,1,0,0-1 Miles,Europe,0,35-40,9.09090909090909
M,F,1,No,Partial College,Manual,1,0,0-1 Miles,Europe,0,51-55,9.09090909090909
S,M,1,No,Partial College,Manual,1,0,0-1 Miles,Europe,0,51-55,9.09090909090909
M,F,2,No,Partial College,Manual,1,0,1-2 Miles,Europe,0,41-45,9.09090909090909
M,F,2,No,Partial College,Manual,1,0,0-1 Miles,Europe,0,51-55,9.09090909090909
M,M,2,No,Partial College,Manual,1,0,1-2 Miles,Europe,0,51-55,9.09090909090909
M,F,2,No,Partial College,Manual,1,0,0-1 Miles,Europe,0,51-55,9.09090909090909
M,M,2,No,Partial College,Manual,1,1,2-5 Miles,Europe,0,51-55,9.09090909090909
M,F,2,No,Bachelors,Clerical,1,1,2-5 Miles,Europe,0,56-65,9.09090909090909
M,F,1,No,Bachelors,Clerical,1,0,0-1 Miles,Europe,0,65+,9.09090909090909
M,F,1,No,Bachelors,Clerical,1,0,0-1 Miles,Europe,0,65+,9.09090909090909
M,F,1,No,Bachelors,Clerical,1,0,0-1 Miles,Europe,0,65+,9.09090909090909
M,M,1,No,Bachelors,Clerical,1,0,0-1 Miles,Europe,0,56-65,9.09090909090909
S,F,2,No,Partial College,Manual,1,1,1-2 Miles,Europe,1,65+,9.09090909090909
M,M,3,No,Partial College,Manual,1,1,2-5 Miles,Europe,0,65+,9.09090909090909
M,M,0,No,Partial College,Manual,1,1,2-5 Miles,Pacific,0,29-34,9.09090909090909
M,F,1,Si,Bachelors,Skilled Manual,1,0,2-5 Miles,North America,1,29-34,45.4545454545455
M,F,1,Si,Bachelors,Skilled Manual,1,0,2-5 Miles,North America,1,35-40,45.4545454545455
M,M,1,Si,Bachelors,Skilled Manual,1,1,2-5 Miles,North America,1,35-40,45.4545454545455
M,M,1,Si,Bachelors,Skilled Manual,1,1,0-1 Miles,North America,0,29-34,45.4545454545455
M,M,1,Si,Bachelors,Skilled Manual,1,1,0-1 Miles,North America,0,35-40,45.4545454545455
M,M,1,Si,Bachelors,Skilled Manual,1,1,2-5 Miles,North America,0,35-40,45.4545454545455
M,F,1,Si,Bachelors,Skilled Manual,1,1,2-5 Miles,North America,0,35-40,45.4545454545455
S,F,2,Si,Bachelors,Skilled Manual,1,0,2-5 Miles,North America,1,35-40,45.4545454545455
M,F,1,No,Graduate Degree,Professional,1,0,0-1 Miles,North America,0,35-40,45.4545454545455
M,M,1,No,Graduate Degree,Professional,1,0,2-5 Miles,North America,0,29-34,45.4545454545455
S,F,1,No,Graduate Degree,Professional,1,0,2-5 Miles,North America,0,29-34,45.4545454545455
M,M,1,No,Graduate Degree,Professional,1,0,0-1 Miles,North America,0,29-34,45.4545454545455
M,F,1,No,Graduate Degree,Professional,1,0,0-1 Miles,North America,0,35-40,45.4545454545455
M,F,1,No,Graduate Degree,Professional,1,0,2-5 Miles,North America,0,29-34,45.4545454545455
M,F,3,No,Graduate Degree,Professional,1,0,2-5 Miles,North America,1,35-40,63.6363636363636
M,F,1,No,Graduate Degree,Professional,1,0,2-5 Miles,North America,0,35-40,45.4545454545455
S,F,1,No,Graduate Degree,Professional,1,0,2-5 Miles,North America,0,41-45,45.4545454545455
M,F,1,No,Graduate Degree,Professional,1,0,2-5 Miles,North America,0,35-40,45.4545454545455
S,F,2,Si,Bachelors,Skilled Manual,0,0,0-1 Miles,North America,1,35-40,45.4545454545455
S,F,2,Si,Bachelors,Skilled Manual,1,0,2-5 Miles,North America,1,41-45,45.4545454545455
M,M,2,Si,Bachelors,Skilled Manual,1,0,2-5 Miles,North America,1,35-40,45.4545454545455
S,M,2,Si,Bachelors,Skilled Manual,1,1,2-5 Miles,North America,0,41-45,45.4545454545455
S,M,0,No,Bachelors,Professional,0,1,2-5 Miles,North America,1,35-40,27.2727272727273
S,M,0,No,Bachelors,Professional,0,1,0-1 Miles,North America,1,35-40,27.2727272727273
M,M,1,No,Graduate Degree,Professional,1,0,2-5 Miles,North America,0,29-34,45.4545454545455
M,F,2,No,Graduate Degree,Professional,1,0,2-5 Miles,North America,0,35-40,45.4545454545455
S,F,2,No,Graduate Degree,Professional,1,0,0-1 Miles,North America,1,35-40,72.7272727272727
M,F,2,No,Graduate Degree,Professional,1,0,0-1 Miles,North America,1,29-34,72.7272727272727
S,F,2,Si,Bachelors,Skilled Manual,1,1,2-5 Miles,North America,0,41-45,63.6363636363636
S,F,2,Si,Bachelors,Skilled Manual,1,1,0-1 Miles,North America,0,41-45,45.4545454545455
S,M,2,Si,Bachelors,Skilled Manual,1,1,2-5 Miles,North America,0,41-45,45.4545454545455
S,F,3,Si,Bachelors,Skilled Manual,0,0,0-1 Miles,North America,1,35-40,45.4545454545455
S,F,3,Si,Bachelors,Skilled Manual,1,1,2-5 Miles,North America,1,35-40,45.4545454545455
S,M,0,No,Graduate Degree,Professional,1,0,2-5 Miles,North America,1,41-45,45.4545454545455
M,F,0,No,Graduate Degree,Professional,1,0,0-1 Miles,North America,0,41-45,45.4545454545455
M,M,0,No,Graduate Degree,Professional,1,0,2-5 Miles,North America,0,41-45,45.4545454545455
M,F,0,No,Graduate Degree,Professional,1,0,2-5 Miles,North America,0,41-45,45.4545454545455
M,F,0,No,Graduate Degree,Professional,1,0,0-1 Miles,North America,0,35-40,45.4545454545455
M,F,4,No,Graduate Degree,Professional,1,0,0-1 Miles,North America,1,41-45,63.6363636363636
M,M,4,No,Graduate Degree,Professional,1,0,0-1 Miles,North America,1,41-45,63.6363636363636
M,F,5,No,Graduate Degree,Professional,1,0,2-5 Miles,North America,1,35-40,63.6363636363636
M,M,5,No,Graduate Degree,Professional,1,0,0-1 Miles,North America,1,41-45,63.6363636363636
M,F,5,Si,Graduate Degree,Professional,1,2,2-5 Miles,North America,0,29-34,63.6363636363636
M,M,2,No,Graduate Degree,Professional,1,0,0-1 Miles,North America,1,29-34,72.7272727272727
M,F,3,No,Graduate Degree,Professional,1,0,0-1 Miles,North America,1,35-40,72.7272727272727
S,F,3,Si,Bachelors,Skilled Manual,1,2,2-5 Miles,North America,1,41-45,72.7272727272727
M,M,3,Si,Bachelors,Skilled Manual,1,3,10+ Miles,North America,0,41-45,72.7272727272727
S,F,4,Si,Bachelors,Skilled Manual,0,1,0-1 Miles,North America,1,41-45,72.7272727272727
S,F,4,Si,Bachelors,Skilled Manual,0,2,0-1 Miles,North America,1,41-45,72.7272727272727
M,M,4,Si,Bachelors,Skilled Manual,1,2,2-5 Miles,North America,0,35-40,45.4545454545455
M,M,4,Si,Bachelors,Skilled Manual,1,3,10+ Miles,North America,0,46-50,45.4545454545455
S,F,5,Si,Bachelors,Skilled Manual,1,2,2-5 Miles,North America,0,41-45,45.4545454545455
S,F,5,Si,Bachelors,Skilled Manual,1,3,5-10 Miles,North America,1,46-50,45.4545454545455
S,F,4,Si,Bachelors,Skilled Manual,1,2,0-1 Miles,North America,0,46-50,45.4545454545455
M,M,4,Si,Bachelors,Professional,1,2,2-5 Miles,North America,0,41-45,45.4545454545455
M,M,4,Si,Bachelors,Professional,1,2,0-1 Miles,North America,1,35-40,45.4545454545455
S,M,0,No,Bachelors,Professional,0,1,2-5 Miles,North America,1,35-40,45.4545454545455
S,F,0,No,Bachelors,Professional,0,1,0-1 Miles,North America,0,29-34,45.4545454545455
S,F,0,No,Bachelors,Professional,1,1,2-5 Miles,North America,1,41-45,45.4545454545455
S,M,0,No,Bachelors,Professional,0,1,0-1 Miles,North America,1,46-50,45.4545454545455
M,F,3,Si,Graduate Degree,Professional,1,0,2-5 Miles,North America,0,41-45,45.4545454545455
M,M,3,Si,Graduate Degree,Professional,1,0,0-1 Miles,North America,0,41-45,45.4545454545455
M,F,3,Si,Graduate Degree,Professional,1,0,2-5 Miles,North America,0,46-50,45.4545454545455
S,F,1,No,Bachelors,Professional,1,1,2-5 Miles,North America,0,46-50,63.6363636363636
M,M,1,No,Partial College,Skilled Manual,1,1,2-5 Miles,North America,0,46-50,63.6363636363636
M,M,1,No,Partial College,Skilled Manual,1,1,0-1 Miles,North America,0,41-45,63.6363636363636
M,F,1,No,Partial College,Skilled Manual,1,1,0-1 Miles,North America,0,46-50,63.6363636363636
M,M,1,No,Partial College,Skilled Manual,1,1,2-5 Miles,North America,0,46-50,63.6363636363636
M,M,4,Si,High School,Skilled Manual,1,3,10+ Miles,North America,0,46-50,27.2727272727273
M,M,1,No,Partial College,Skilled Manual,1,1,0-1 Miles,North America,0,41-45,45.4545454545455
M,M,1,No,Partial College,Skilled Manual,0,1,0-1 Miles,North America,0,46-50,45.4545454545455
M,M,1,No,Partial College,Skilled Manual,1,1,2-5 Miles,North America,0,46-50,45.4545454545455
M,M,1,No,Partial College,Skilled Manual,1,1,2-5 Miles,North America,0,46-50,45.4545454545455
M,M,1,No,Partial College,Skilled Manual,1,1,0-1 Miles,North America,1,46-50,45.4545454545455
M,M,1,No,Partial College,Skilled Manual,1,1,2-5 Miles,North America,0,41-45,45.4545454545455
M,M,1,No,Partial College,Skilled Manual,1,1,2-5 Miles,North America,0,46-50,45.4545454545455
M,F,1,No,Partial College,Skilled Manual,1,1,2-5 Miles,North America,1,46-50,45.4545454545455
M,M,4,Si,High School,Skilled Manual,1,2,0-1 Miles,North America,0,46-50,27.2727272727273
M,F,4,Si,High School,Skilled Manual,1,2,2-5 Miles,North America,1,46-50,27.2727272727273
M,M,4,Si,High School,Skilled Manual,0,3,0-1 Miles,North America,0,35-40,27.2727272727273
S,M,0,No,Bachelors,Professional,0,1,2-5 Miles,North America,0,41-45,27.2727272727273
M,M,1,No,Partial College,Skilled Manual,1,1,2-5 Miles,North America,1,46-50,45.4545454545455
S,F,0,No,Partial College,Skilled Manual,1,1,2-5 Miles,North America,1,41-45,45.4545454545455
M,M,0,No,Partial College,Skilled Manual,0,1,0-1 Miles,North America,0,35-40,45.4545454545455
S,M,0,No,Partial College,Skilled Manual,0,1,0-1 Miles,North America,0,41-45,45.4545454545455
S,M,0,No,Partial College,Skilled Manual,1,1,2-5 Miles,North America,1,41-45,45.4545454545455
S,F,0,No,Partial College,Skilled Manual,0,1,0-1 Miles,North America,0,41-45,45.4545454545455
S,M,0,No,Graduate Degree,Professional,0,1,2-5 Miles,North America,1,41-45,45.4545454545455
S,M,0,No,Graduate Degree,Professional,0,1,0-1 Miles,North America,1,35-40,45.4545454545455
M,M,0,No,Graduate Degree,Professional,0,1,0-1 Miles,North America,1,41-45,45.4545454545455
S,M,5,No,Graduate Degree,Professional,1,0,0-1 Miles,North America,1,65+,81.8181818181818
M,F,1,No,Partial College,Skilled Manual,1,1,2-5 Miles,North America,1,35-40,45.4545454545455
M,M,1,No,Partial College,Skilled Manual,1,1,2-5 Miles,North America,1,46-50,45.4545454545455
M,F,1,No,Partial College,Skilled Manual,1,1,2-5 Miles,North America,1,46-50,45.4545454545455
M,M,1,No,Partial College,Skilled Manual,1,1,2-5 Miles,North America,1,46-50,45.4545454545455
M,M,1,No,Partial College,Skilled Manual,1,1,2-5 Miles,North America,1,51-55,45.4545454545455
M,M,4,Si,Bachelors,Professional,1,0,2-5 Miles,North America,0,46-50,45.4545454545455
M,F,5,Si,Graduate Degree,Professional,1,3,10+ Miles,North America,0,41-45,63.6363636363636
M,M,1,No,Graduate Degree,Professional,1,0,0-1 Miles,North America,1,51-55,72.7272727272727
M,M,1,No,Partial College,Skilled Manual,0,1,0-1 Miles,North America,1,51-55,72.7272727272727
M,F,1,No,Bachelors,Professional,1,1,2-5 Miles,North America,0,46-50,45.4545454545455
M,M,1,No,Bachelors,Professional,1,1,2-5 Miles,North America,0,51-55,45.4545454545455
M,F,1,No,Bachelors,Professional,1,1,0-1 Miles,North America,1,46-50,45.4545454545455
M,F,1,No,Bachelors,Professional,1,1,2-5 Miles,North America,0,51-55,45.4545454545455
M,M,1,No,Bachelors,Professional,1,1,0-1 Miles,North America,1,51-55,45.4545454545455
M,M,5,Si,Bachelors,Professional,1,2,2-5 Miles,North America,0,51-55,63.6363636363636
S,F,5,Si,Graduate Degree,Management,1,0,0-1 Miles,North America,1,51-55,72.7272727272727
M,M,4,Si,Graduate Degree,Management,1,1,0-1 Miles,Pacific,0,35-40,72.7272727272727
M,M,1,No,Graduate Degree,Management,0,0,0-1 Miles,Pacific,1,35-40,81.8181818181818
M,F,4,Si,Graduate Degree,Management,1,1,0-1 Miles,Pacific,1,35-40,72.7272727272727
M,M,4,Si,Graduate Degree,Management,1,1,0-1 Miles,Pacific,1,35-40,72.7272727272727
M,F,4,Si,Graduate Degree,Management,1,1,0-1 Miles,Pacific,0,35-40,72.7272727272727
S,F,2,Si,Bachelors,Professional,1,1,2-5 Miles,Pacific,1,41-45,45.4545454545455
M,F,2,Si,Bachelors,Professional,1,1,0-1 Miles,Pacific,1,35-40,45.4545454545455
S,M,1,No,Graduate Degree,Management,1,0,0-1 Miles,Pacific,1,35-40,90.9090909090909
M,M,1,No,Graduate Degree,Management,1,1,0-1 Miles,Pacific,1,35-40,90.9090909090909
M,F,5,Si,Bachelors,Professional,1,4,10+ Miles,Pacific,0,41-45,63.6363636363636
M,F,5,Si,Bachelors,Professional,0,4,10+ Miles,Pacific,0,41-45,63.6363636363636
S,M,5,Si,Bachelors,Professional,1,4,10+ Miles,Pacific,1,41-45,63.6363636363636
S,M,5,Si,Graduate Degree,Management,1,3,0-1 Miles,Pacific,0,35-40,72.7272727272727
M,F,5,Si,Graduate Degree,Management,1,3,0-1 Miles,Pacific,0,41-45,72.7272727272727
S,F,5,Si,Bachelors,Professional,1,3,0-1 Miles,Pacific,0,41-45,72.7272727272727
S,M,5,Si,Bachelors,Professional,1,3,1-2 Miles,Pacific,0,41-45,72.7272727272727
S,F,0,No,Bachelors,Professional,0,1,0-1 Miles,Pacific,1,35-40,63.6363636363636
S,F,0,No,Bachelors,Professional,0,1,5-10 Miles,Pacific,0,35-40,63.6363636363636
M,F,3,Si,Bachelors,Professional,1,2,5-10 Miles,Pacific,0,41-45,45.4545454545455
M,M,3,Si,Bachelors,Professional,1,2,0-1 Miles,Pacific,0,41-45,45.4545454545455
S,M,3,Si,Bachelors,Professional,0,2,0-1 Miles,Pacific,0,46-50,45.4545454545455
M,F,3,Si,Bachelors,Professional,1,2,5-10 Miles,Pacific,0,46-50,45.4545454545455
S,F,0,No,Partial College,Clerical,1,1,2-5 Miles,Europe,0,35-40,18.1818181818182
S,F,0,No,Partial High School,Manual,0,2,1-2 Miles,Europe,0,29-34,9.09090909090909
S,F,0,No,Partial High School,Manual,0,2,0-1 Miles,Europe,0,29-34,9.09090909090909
S,M,0,No,Partial High School,Manual,0,2,1-2 Miles,Europe,0,29-34,9.09090909090909
M,M,0,No,Partial College,Clerical,0,1,1-2 Miles,Europe,0,29-34,18.1818181818182
S,F,0,No,Partial College,Clerical,0,1,2-5 Miles,Europe,0,29-34,18.1818181818182
S,M,0,No,High School,Manual,0,1,2-5 Miles,Europe,0,29-34,18.1818181818182
S,F,0,No,High School,Manual,1,1,2-5 Miles,Europe,0,35-40,18.1818181818182
S,M,0,No,Partial High School,Manual,0,2,0-1 Miles,Europe,0,35-40,9.09090909090909
S,M,0,No,Partial High School,Manual,0,2,0-1 Miles,Europe,0,35-40,9.09090909090909
S,M,0,No,Partial High School,Manual,0,2,1-2 Miles,Europe,1,35-40,9.09090909090909
M,F,1,Si,Bachelors,Skilled Manual,1,1,1-2 Miles,Europe,0,29-34,27.2727272727273
M,M,1,Si,Bachelors,Skilled Manual,1,1,1-2 Miles,Europe,0,35-40,27.2727272727273
M,M,1,Si,Bachelors,Skilled Manual,1,1,0-1 Miles,Europe,1,35-40,27.2727272727273
S,M,0,No,Partial High School,Manual,0,2,1-2 Miles,Europe,1,35-40,9.09090909090909
M,M,0,No,High School,Manual,0,1,1-2 Miles,Europe,1,35-40,18.1818181818182
S,M,0,No,High School,Manual,0,1,2-5 Miles,Europe,0,35-40,18.1818181818182
S,F,0,No,Partial High School,Manual,0,2,0-1 Miles,Europe,0,35-40,9.09090909090909
S,F,2,Si,Partial College,Clerical,1,0,1-2 Miles,Europe,1,35-40,27.2727272727273
S,F,2,Si,Partial College,Clerical,1,0,0-1 Miles,Europe,0,35-40,27.2727272727273
S,F,0,No,Partial High School,Manual,0,2,0-1 Miles,Europe,0,35-40,9.09090909090909
S,F,0,No,Partial High School,Manual,0,2,1-2 Miles,Europe,1,35-40,9.09090909090909
S,M,0,No,High School,Manual,0,1,2-5 Miles,Europe,1,29-34,18.1818181818182
S,F,0,No,High School,Manual,0,1,2-5 Miles,Europe,0,35-40,18.1818181818182
S,F,0,No,High School,Manual,1,1,2-5 Miles,Europe,0,35-40,18.1818181818182
S,M,0,No,High School,Manual,0,1,2-5 Miles,Europe,1,35-40,18.1818181818182
S,M,2,Si,Partial College,Clerical,1,0,1-2 Miles,Europe,1,35-40,27.2727272727273
S,F,2,Si,Partial College,Clerical,1,0,1-2 Miles,Europe,1,35-40,27.2727272727273
M,M,2,Si,Partial College,Clerical,0,0,0-1 Miles,Europe,0,29-34,27.2727272727273
S,F,2,Si,Partial College,Clerical,1,1,0-1 Miles,Europe,1,29-34,27.2727272727273
S,F,2,Si,Partial College,Clerical,1,1,1-2 Miles,Europe,0,35-40,27.2727272727273
S,M,2,Si,Partial College,Clerical,1,1,1-2 Miles,Europe,0,35-40,27.2727272727273
M,M,2,Si,Partial College,Clerical,0,2,0-1 Miles,Europe,1,35-40,27.2727272727273
S,F,3,Si,Partial College,Clerical,1,0,1-2 Miles,Europe,1,35-40,27.2727272727273
S,M,3,Si,Partial College,Clerical,1,1,0-1 Miles,North America,0,29-34,27.2727272727273
S,F,3,Si,Partial College,Clerical,1,2,1-2 Miles,North America,1,35-40,27.2727272727273
S,M,4,Si,Partial College,Clerical,1,0,0-1 Miles,North America,0,29-34,27.2727272727273
M,M,0,No,Graduate Degree,Skilled Manual,1,0,0-1 Miles,North America,0,41-45,45.4545454545455
M,M,0,No,Graduate Degree,Skilled Manual,1,0,0-1 Miles,North America,0,41-45,45.4545454545455
S,M,0,No,Graduate Degree,Skilled Manual,0,0,1-2 Miles,North America,1,41-45,45.4545454545455
S,F,0,No,Graduate Degree,Skilled Manual,1,0,1-2 Miles,North America,1,35-40,45.4545454545455
S,F,0,No,Graduate Degree,Skilled Manual,1,0,1-2 Miles,North America,1,29-34,45.4545454545455
S,F,0,No,Graduate Degree,Skilled Manual,1,0,0-1 Miles,North America,0,35-40,45.4545454545455
M,M,2,No,High School,Manual,0,2,0-1 Miles,North America,1,51-55,9.09090909090909
M,M,1,No,Bachelors,Skilled Manual,1,1,5-10 Miles,North America,1,51-55,18.1818181818182
M,F,1,No,Bachelors,Skilled Manual,1,1,2-5 Miles,North America,1,41-45,18.1818181818182
M,M,1,No,Bachelors,Skilled Manual,1,1,2-5 Miles,North America,1,56-65,18.1818181818182
M,M,1,No,Bachelors,Skilled Manual,1,1,2-5 Miles,North America,1,46-50,18.1818181818182
M,F,1,No,Partial College,Clerical,1,1,2-5 Miles,North America,1,56-65,18.1818181818182
M,M,3,No,Partial High School,Manual,0,2,0-1 Miles,North America,0,51-55,9.09090909090909
S,M,3,No,Partial High School,Clerical,1,2,1-2 Miles,North America,1,51-55,9.09090909090909
M,M,1,No,Partial College,Clerical,1,1,0-1 Miles,North America,1,56-65,27.2727272727273
M,M,1,No,Partial College,Clerical,1,1,0-1 Miles,North America,1,51-55,27.2727272727273
M,F,1,No,Partial College,Clerical,1,1,1-2 Miles,North America,1,46-50,27.2727272727273
M,F,1,No,Partial College,Clerical,1,1,0-1 Miles,North America,1,51-55,27.2727272727273
M,F,1,No,Partial College,Clerical,1,1,1-2 Miles,North America,0,51-55,27.2727272727273
M,M,1,No,Partial College,Clerical,1,1,1-2 Miles,North America,0,46-50,27.2727272727273
M,M,1,No,Partial College,Clerical,1,1,1-2 Miles,North America,1,51-55,27.2727272727273
M,M,1,No,Partial College,Clerical,1,1,0-1 Miles,North America,1,51-55,27.2727272727273
M,F,1,No,Partial College,Clerical,1,1,1-2 Miles,North America,1,51-55,27.2727272727273
M,M,1,No,Partial College,Clerical,1,1,1-2 Miles,North America,1,46-50,27.2727272727273
M,M,1,No,Partial College,Clerical,1,1,1-2 Miles,North America,0,46-50,27.2727272727273
M,M,1,No,Partial College,Clerical,1,1,0-1 Miles,North America,0,46-50,27.2727272727273
M,F,1,No,Partial College,Clerical,1,1,1-2 Miles,North America,1,51-55,27.2727272727273
M,F,1,No,Partial College,Clerical,1,1,0-1 Miles,North America,0,51-55,27.2727272727273
M,M,1,No,Partial College,Clerical,1,1,0-1 Miles,North America,1,51-55,27.2727272727273
M,M,1,No,Partial College,Clerical,1,1,1-2 Miles,North America,1,35-40,27.2727272727273
M,M,1,No,Partial College,Clerical,1,1,1-2 Miles,North America,1,51-55,27.2727272727273
M,M,1,No,Partial College,Clerical,1,1,0-1 Miles,North America,1,51-55,27.2727272727273
M,M,1,No,Partial College,Clerical,1,1,0-1 Miles,North America,1,51-55,27.2727272727273
M,F,1,No,Partial College,Clerical,1,1,1-2 Miles,North America,1,46-50,27.2727272727273
S,F,4,No,Graduate Degree,Skilled Manual,1,0,1-2 Miles,North America,0,46-50,72.7272727272727
S,F,4,No,Graduate Degree,Skilled Manual,1,0,0-1 Miles,North America,0,51-55,72.7272727272727
M,M,4,No,Graduate Degree,Skilled Manual,1,0,1-2 Miles,North America,0,51-55,72.7272727272727
S,F,4,No,Graduate Degree,Skilled Manual,1,0,1-2 Miles,North America,0,46-50,72.7272727272727
S,F,4,No,Graduate Degree,Skilled Manual,1,0,1-2 Miles,North America,0,51-55,72.7272727272727
S,M,4,No,Graduate Degree,Skilled Manual,1,0,1-2 Miles,North America,0,51-55,72.7272727272727
S,M,4,No,Graduate Degree,Skilled Manual,1,0,1-2 Miles,North America,0,46-50,45.4545454545455
M,M,4,No,Graduate Degree,Skilled Manual,1,0,0-1 Miles,North America,0,51-55,45.4545454545455
S,M,1,Si,Partial College,Manual,0,0,2-5 Miles,Europe,0,41-45,9.09090909090909
S,F,1,Si,Partial College,Manual,0,0,2-5 Miles,Europe,0,41-45,9.09090909090909
M,M,4,No,Partial College,Manual,0,2,0-1 Miles,Europe,0,65+,9.09090909090909
M,F,1,No,Bachelors,Clerical,1,0,0-1 Miles,Europe,1,41-45,18.1818181818182
M,M,1,No,Bachelors,Clerical,1,0,0-1 Miles,Europe,1,35-40,18.1818181818182
M,F,1,No,Bachelors,Clerical,1,0,1-2 Miles,Europe,1,41-45,18.1818181818182
M,F,1,No,Bachelors,Clerical,1,0,1-2 Miles,Europe,1,41-45,18.1818181818182
M,M,0,No,Graduate Degree,Clerical,1,0,0-1 Miles,Europe,1,41-45,27.2727272727273
S,M,0,No,Graduate Degree,Clerical,1,0,0-1 Miles,Europe,1,41-45,27.2727272727273
M,F,0,No,Graduate Degree,Clerical,1,0,0-1 Miles,Europe,1,29-34,27.2727272727273
M,M,0,No,Graduate Degree,Clerical,1,0,0-1 Miles,Europe,1,35-40,27.2727272727273
M,F,0,No,Bachelors,Clerical,1,0,0-1 Miles,Europe,1,41-45,27.2727272727273
S,F,3,Si,Partial High School,Manual,1,1,0-1 Miles,Europe,1,41-45,9.09090909090909
S,M,3,Si,Partial High School,Manual,1,1,0-1 Miles,Europe,1,35-40,9.09090909090909
S,F,4,Si,Partial High School,Manual,1,0,0-1 Miles,Europe,0,41-45,9.09090909090909
S,M,1,Si,Partial College,Manual,0,1,0-1 Miles,Europe,0,41-45,9.09090909090909
S,M,1,Si,Partial College,Manual,0,1,1-2 Miles,Europe,0,41-45,9.09090909090909
S,F,1,Si,Partial College,Manual,0,1,1-2 Miles,Europe,0,35-40,9.09090909090909
S,M,1,Si,Bachelors,Clerical,0,0,0-1 Miles,Europe,0,41-45,18.1818181818182
S,M,1,Si,Bachelors,Clerical,0,1,1-2 Miles,Europe,0,41-45,18.1818181818182
M,M,1,Si,Bachelors,Clerical,1,1,2-5 Miles,Europe,0,35-40,18.1818181818182
S,F,1,Si,High School,Manual,0,1,1-2 Miles,Europe,0,41-45,9.09090909090909
S,M,1,Si,High School,Manual,0,1,1-2 Miles,Europe,0,41-45,9.09090909090909
S,F,2,Si,High School,Manual,1,0,0-1 Miles,Europe,1,41-45,9.09090909090909
M,M,0,No,Bachelors,Clerical,1,0,0-1 Miles,Europe,1,41-45,27.2727272727273
M,F,0,No,Bachelors,Clerical,1,0,0-1 Miles,Europe,1,41-45,27.2727272727273
M,M,0,No,Bachelors,Clerical,1,0,0-1 Miles,Europe,1,35-40,27.2727272727273
S,M,0,No,Bachelors,Clerical,1,0,0-1 Miles,Europe,1,41-45,27.2727272727273
M,M,0,No,Bachelors,Clerical,1,0,0-1 Miles,Europe,1,35-40,27.2727272727273
M,F,1,Si,Bachelors,Skilled Manual,1,2,0-1 Miles,Europe,1,41-45,18.1818181818182
S,M,4,Si,Partial High School,Manual,1,2,0-1 Miles,Europe,1,35-40,9.09090909090909
S,M,4,Si,Partial High School,Manual,1,2,0-1 Miles,Europe,1,35-40,9.09090909090909
S,F,4,Si,Partial High School,Manual,1,2,0-1 Miles,Europe,1,41-45,9.09090909090909
S,F,2,Si,High School,Manual,1,0,0-1 Miles,Europe,0,35-40,9.09090909090909
M,F,1,Si,Bachelors,Skilled Manual,1,2,0-1 Miles,Europe,1,41-45,18.1818181818182
M,F,3,Si,Partial High School,Manual,0,2,0-1 Miles,Europe,1,46-50,9.09090909090909
S,F,2,Si,High School,Manual,1,2,0-1 Miles,Europe,1,41-45,9.09090909090909
S,F,3,Si,High School,Manual,1,1,0-1 Miles,Europe,1,41-45,9.09090909090909
S,F,3,Si,Partial High School,Manual,1,2,0-1 Miles,Europe,0,35-40,9.09090909090909
S,F,3,Si,Partial High School,Manual,1,2,0-1 Miles,Europe,0,41-45,9.09090909090909
S,M,3,Si,Partial High School,Manual,1,2,0-1 Miles,Europe,0,41-45,9.09090909090909
S,F,4,Si,Partial High School,Manual,1,2,0-1 Miles,Europe,0,46-50,9.09090909090909
S,F,4,Si,Partial High School,Manual,1,2,0-1 Miles,Europe,0,35-40,9.09090909090909
S,M,3,Si,High School,Manual,1,2,0-1 Miles,Europe,0,35-40,9.09090909090909
M,M,0,No,Bachelors,Professional,1,0,0-1 Miles,Europe,0,41-45,27.2727272727273
M,F,0,No,Bachelors,Professional,1,0,0-1 Miles,Europe,0,41-45,27.2727272727273
M,M,0,No,Bachelors,Professional,1,0,0-1 Miles,Europe,0,41-45,27.2727272727273
S,F,4,Si,High School,Manual,1,1,0-1 Miles,Europe,1,46-50,9.09090909090909
S,F,2,Si,Partial College,Clerical,1,0,0-1 Miles,Europe,0,46-50,18.1818181818182
M,F,1,No,Bachelors,Skilled Manual,1,0,0-1 Miles,Europe,0,35-40,27.2727272727273
M,F,1,No,Bachelors,Skilled Manual,1,0,0-1 Miles,Europe,0,35-40,27.2727272727273
M,F,1,No,Bachelors,Skilled Manual,1,0,0-1 Miles,Europe,0,29-34,27.2727272727273
S,F,2,Si,Partial College,Clerical,1,2,0-1 Miles,Europe,1,41-45,18.1818181818182
M,F,2,Si,Partial College,Clerical,0,2,0-1 Miles,Europe,1,41-45,18.1818181818182
M,M,1,No,Bachelors,Skilled Manual,1,0,0-1 Miles,Europe,0,35-40,27.2727272727273
M,M,1,No,Bachelors,Skilled Manual,1,0,0-1 Miles,Europe,0,41-45,27.2727272727273
S,F,3,Si,Partial College,Clerical,1,0,0-1 Miles,Europe,1,46-50,18.1818181818182
S,M,3,Si,Partial College,Clerical,1,0,0-1 Miles,Europe,1,46-50,18.1818181818182
S,M,3,Si,Partial College,Clerical,1,1,0-1 Miles,Europe,1,35-40,18.1818181818182
S,F,0,No,High School,Manual,0,1,1-2 Miles,Europe,0,29-34,9.09090909090909
M,F,4,Si,High School,Manual,0,2,0-1 Miles,Europe,0,29-34,9.09090909090909
S,M,3,Si,Partial College,Clerical,1,1,0-1 Miles,Europe,1,29-34,18.1818181818182
S,M,3,Si,Partial College,Clerical,1,1,0-1 Miles,Europe,0,29-34,18.1818181818182
S,F,3,Si,Partial College,Clerical,1,2,0-1 Miles,Europe,0,29-34,18.1818181818182
M,F,1,No,Bachelors,Skilled Manual,1,0,0-1 Miles,Europe,1,41-45,27.2727272727273
M,M,1,No,Bachelors,Skilled Manual,1,0,0-1 Miles,Europe,1,46-50,27.2727272727273
M,M,1,No,Bachelors,Skilled Manual,1,0,0-1 Miles,Europe,1,35-40,27.2727272727273
S,F,1,No,Partial College,Clerical,1,1,2-5 Miles,Europe,1,46-50,18.1818181818182
S,F,4,Si,Partial College,Clerical,1,1,0-1 Miles,Europe,1,29-34,18.1818181818182
S,F,4,Si,Partial College,Clerical,1,1,0-1 Miles,Europe,0,29-34,18.1818181818182
M,M,4,Si,Partial College,Clerical,0,2,0-1 Miles,Europe,0,29-34,18.1818181818182
S,M,0,No,Partial College,Clerical,1,1,2-5 Miles,Europe,0,29-34,18.1818181818182
S,M,0,No,Partial College,Clerical,0,1,0-1 Miles,Europe,1,29-34,18.1818181818182
S,F,0,No,Partial College,Clerical,0,1,2-5 Miles,Europe,0,29-34,18.1818181818182
S,F,0,No,Partial College,Clerical,0,1,2-5 Miles,Europe,0,29-34,18.1818181818182
M,M,2,No,Partial High School,Manual,1,1,1-2 Miles,Europe,0,65+,9.09090909090909
S,F,0,No,High School,Manual,0,1,5-10 Miles,Europe,0,29-34,9.09090909090909
S,M,0,No,High School,Manual,0,1,1-2 Miles,Europe,1,29-34,9.09090909090909
S,M,0,No,Partial High School,Manual,0,1,2-5 Miles,Europe,0,29-34,9.09090909090909
S,F,0,No,Partial High School,Manual,0,2,0-1 Miles,Europe,0,29-34,9.09090909090909
S,F,0,No,Partial High School,Manual,1,2,1-2 Miles,Europe,1,29-34,9.09090909090909
S,F,0,No,Partial High School,Manual,0,2,1-2 Miles,Europe,1,35-40,9.09090909090909
S,M,0,No,Partial College,Clerical,0,1,2-5 Miles,Europe,1,29-34,18.1818181818182
S,M,0,No,Partial College,Clerical,0,1,0-1 Miles,Europe,0,29-34,18.1818181818182
S,F,0,No,Partial High School,Manual,0,2,0-1 Miles,Europe,0,35-40,9.09090909090909
S,F,0,No,Partial High School,Manual,1,2,1-2 Miles,Europe,1,35-40,9.09090909090909
S,M,0,No,Partial College,Skilled Manual,0,2,1-2 Miles,North America,1,29-34,45.4545454545455
M,M,2,Si,High School,Skilled Manual,1,2,5-10 Miles,Pacific,0,56-65,9.09090909090909
S,F,2,Si,Partial High School,Clerical,1,2,5-10 Miles,Pacific,0,51-55,9.09090909090909
S,F,3,No,Partial College,Clerical,1,2,5-10 Miles,Pacific,1,56-65,18.1818181818182
S,F,0,No,Partial High School,Clerical,1,2,5-10 Miles,North America,0,29-34,27.2727272727273
M,F,2,Si,Partial High School,Clerical,1,2,1-2 Miles,Pacific,0,56-65,9.09090909090909
M,M,3,No,High School,Skilled Manual,0,2,1-2 Miles,Pacific,0,56-65,18.1818181818182
M,M,3,No,High School,Skilled Manual,0,2,1-2 Miles,Pacific,0,56-65,18.1818181818182
M,M,2,No,Partial College,Skilled Manual,0,2,1-2 Miles,Pacific,0,51-55,27.2727272727273
S,F,2,Si,Partial College,Clerical,1,1,0-1 Miles,Europe,1,29-34,27.2727272727273
S,M,2,Si,Partial College,Clerical,1,2,1-2 Miles,Europe,0,35-40,27.2727272727273
S,F,2,Si,Partial College,Clerical,1,2,1-2 Miles,Europe,0,29-34,27.2727272727273
S,F,2,Si,Partial College,Clerical,1,2,1-2 Miles,Europe,0,35-40,27.2727272727273
S,M,2,Si,Partial College,Clerical,1,2,1-2 Miles,Europe,0,35-40,27.2727272727273
S,F,2,Si,Partial College,Clerical,1,2,1-2 Miles,Europe,0,29-34,27.2727272727273
S,F,3,Si,Partial College,Clerical,1,0,1-2 Miles,North America,1,29-34,27.2727272727273
S,F,3,Si,Partial College,Clerical,1,0,1-2 Miles,North America,1,29-34,27.2727272727273
S,F,3,Si,Partial College,Clerical,1,1,0-1 Miles,North America,0,29-34,27.2727272727273
S,F,3,Si,Partial College,Clerical,1,2,0-1 Miles,North America,0,35-40,27.2727272727273
S,M,3,Si,Partial College,Clerical,1,2,1-2 Miles,North America,1,29-34,27.2727272727273
M,M,0,No,Graduate Degree,Skilled Manual,1,0,0-1 Miles,North America,0,29-34,18.1818181818182
M,M,0,No,Graduate Degree,Skilled Manual,1,0,0-1 Miles,North America,0,35-40,18.1818181818182
S,F,3,Si,Partial College,Clerical,1,2,1-2 Miles,North America,1,29-34,27.2727272727273
S,F,3,Si,Partial College,Clerical,1,2,1-2 Miles,North America,1,29-34,27.2727272727273
M,M,1,No,Graduate Degree,Skilled Manual,1,1,1-2 Miles,North America,0,65+,27.2727272727273
S,M,0,No,Graduate Degree,Skilled Manual,0,0,1-2 Miles,North America,1,41-45,45.4545454545455
M,M,0,No,Graduate Degree,Skilled Manual,0,0,0-1 Miles,North America,0,41-45,45.4545454545455
S,F,0,No,Graduate Degree,Skilled Manual,1,0,1-2 Miles,North America,1,41-45,45.4545454545455
M,F,1,No,Bachelors,Skilled Manual,1,1,1-2 Miles,North America,1,56-65,18.1818181818182
M,M,1,No,Bachelors,Skilled Manual,1,1,5-10 Miles,North America,1,41-45,18.1818181818182
M,F,1,No,Bachelors,Skilled Manual,1,1,2-5 Miles,North America,1,46-50,18.1818181818182
M,F,1,No,Bachelors,Skilled Manual,1,1,5-10 Miles,North America,1,51-55,18.1818181818182
M,F,1,No,Bachelors,Skilled Manual,1,1,5-10 Miles,North America,1,56-65,18.1818181818182
M,F,3,No,Partial High School,Manual,0,2,0-1 Miles,North America,1,56-65,9.09090909090909
S,F,3,No,Partial High School,Manual,1,2,1-2 Miles,North America,1,46-50,9.09090909090909
M,F,1,No,High School,Clerical,1,1,5-10 Miles,North America,0,56-65,18.1818181818182
M,F,1,No,High School,Clerical,1,1,1-2 Miles,North America,1,46-50,18.1818181818182
M,M,1,No,High School,Clerical,1,1,5-10 Miles,North America,0,41-45,18.1818181818182
M,M,1,No,High School,Clerical,1,1,10+ Miles,North America,0,51-55,18.1818181818182
M,M,1,No,Partial College,Clerical,1,1,0-1 Miles,North America,1,46-50,27.2727272727273
M,F,1,No,Partial College,Clerical,1,1,1-2 Miles,North America,1,51-55,27.2727272727273
M,F,1,No,Partial College,Clerical,1,1,1-2 Miles,North America,1,51-55,27.2727272727273
M,M,1,No,Partial College,Clerical,1,1,1-2 Miles,North America,1,51-55,27.2727272727273
M,M,1,No,Partial College,Clerical,1,1,1-2 Miles,North America,1,46-50,27.2727272727273
M,F,1,No,Partial College,Clerical,1,1,0-1 Miles,North America,1,51-55,27.2727272727273
M,M,1,No,Partial College,Clerical,1,1,0-1 Miles,North America,0,51-55,27.2727272727273
M,F,1,No,Partial College,Clerical,1,1,0-1 Miles,North America,0,51-55,27.2727272727273
M,M,1,No,Partial College,Clerical,1,1,1-2 Miles,North America,0,51-55,27.2727272727273
M,F,1,No,Partial College,Clerical,1,1,1-2 Miles,North America,1,51-55,27.2727272727273
M,F,1,No,Partial College,Clerical,1,1,0-1 Miles,North America,0,46-50,27.2727272727273
M,F,1,No,Partial College,Clerical,1,1,1-2 Miles,North America,1,51-55,27.2727272727273
M,F,1,No,Partial College,Clerical,1,1,1-2 Miles,North America,0,51-55,27.2727272727273
M,M,1,No,Partial College,Clerical,1,1,1-2 Miles,North America,0,51-55,27.2727272727273
M,M,1,No,Partial College,Clerical,1,1,1-2 Miles,North America,0,51-55,27.2727272727273
M,M,1,No,Partial College,Clerical,1,1,0-1 Miles,North America,0,51-55,27.2727272727273
M,F,1,No,Partial College,Clerical,1,1,1-2 Miles,North America,0,51-55,27.2727272727273
M,F,1,No,Partial College,Clerical,1,1,0-1 Miles,North America,0,41-45,27.2727272727273
M,M,1,No,Partial College,Clerical,1,1,0-1 Miles,North America,0,51-55,27.2727272727273
M,F,1,No,Partial College,Clerical,1,1,0-1 Miles,North America,1,51-55,27.2727272727273
M,F,1,No,Partial College,Clerical,1,1,1-2 Miles,North America,1,46-50,27.2727272727273
M,F,1,No,Partial College,Clerical,1,1,1-2 Miles,North America,1,51-55,27.2727272727273
M,F,1,No,Partial College,Clerical,1,1,1-2 Miles,North America,1,46-50,27.2727272727273
M,F,1,No,Partial College,Clerical,1,1,1-2 Miles,North America,1,41-45,27.2727272727273
M,F,1,No,Partial College,Clerical,1,1,1-2 Miles,North America,1,41-45,27.2727272727273
S,F,4,No,Graduate Degree,Skilled Manual,1,0,0-1 Miles,North America,0,46-50,72.7272727272727
M,M,4,No,Graduate Degree,Skilled Manual,1,0,0-1 Miles,North America,0,46-50,72.7272727272727
S,F,4,No,Graduate Degree,Skilled Manual,1,0,1-2 Miles,North America,0,41-45,72.7272727272727
M,M,4,No,Graduate Degree,Skilled Manual,1,0,0-1 Miles,North America,0,41-45,72.7272727272727
M,M,4,No,Graduate Degree,Skilled Manual,1,0,0-1 Miles,North America,0,41-45,45.4545454545455
S,F,4,No,Graduate Degree,Skilled Manual,0,0,0-1 Miles,North America,0,35-40,45.4545454545455
S,F,4,No,Graduate Degree,Skilled Manual,0,0,0-1 Miles,North America,0,41-45,45.4545454545455
S,M,1,Si,Partial College,Manual,0,0,0-1 Miles,Europe,0,41-45,9.09090909090909
M,F,1,Si,Partial College,Manual,1,1,2-5 Miles,Europe,0,35-40,9.09090909090909
M,F,1,No,Bachelors,Clerical,1,0,0-1 Miles,Europe,1,41-45,18.1818181818182
M,M,1,No,Bachelors,Clerical,1,0,0-1 Miles,Europe,1,41-45,18.1818181818182
M,F,1,No,Bachelors,Clerical,1,0,0-1 Miles,Europe,1,41-45,18.1818181818182
M,M,1,No,Bachelors,Clerical,1,0,0-1 Miles,Europe,1,41-45,18.1818181818182
M,M,1,Si,Bachelors,Clerical,1,0,2-5 Miles,Europe,1,35-40,18.1818181818182
S,F,1,Si,Bachelors,Clerical,0,0,0-1 Miles,Europe,1,41-45,18.1818181818182
M,M,0,No,Graduate Degree,Clerical,1,0,0-1 Miles,Europe,1,41-45,27.2727272727273
M,M,1,Si,Partial College,Manual,1,1,2-5 Miles,Europe,0,35-40,9.09090909090909
M,M,1,Si,Partial College,Manual,1,1,2-5 Miles,Europe,0,41-45,9.09090909090909
S,M,1,Si,Bachelors,Clerical,0,0,1-2 Miles,Europe,0,29-34,18.1818181818182
S,M,1,Si,Bachelors,Clerical,0,0,0-1 Miles,Europe,0,41-45,18.1818181818182
S,M,1,Si,Bachelors,Clerical,0,1,0-1 Miles,Europe,0,41-45,18.1818181818182
S,M,4,Si,Partial High School,Manual,1,1,0-1 Miles,Europe,1,29-34,9.09090909090909
S,F,1,Si,High School,Manual,0,1,2-5 Miles,Europe,0,41-45,9.09090909090909
M,M,0,No,Bachelors,Clerical,1,0,0-1 Miles,Europe,1,41-45,27.2727272727273
M,F,0,No,Bachelors,Clerical,0,0,0-1 Miles,Europe,1,35-40,27.2727272727273
S,F,2,Si,High School,Manual,1,0,0-1 Miles,Europe,1,41-45,9.09090909090909
S,F,1,Si,Bachelors,Clerical,0,1,1-2 Miles,Europe,0,41-45,18.1818181818182
M,F,1,Si,Bachelors,Clerical,1,1,2-5 Miles,Europe,0,35-40,18.1818181818182
S,M,5,Si,Partial High School,Manual,1,2,0-1 Miles,Europe,1,35-40,9.09090909090909
S,F,5,Si,Partial High School,Manual,1,2,0-1 Miles,Europe,1,35-40,9.09090909090909
S,M,2,Si,High School,Manual,1,1,0-1 Miles,Europe,1,41-45,9.09090909090909
S,M,2,Si,High School,Manual,1,1,0-1 Miles,Europe,1,35-40,9.09090909090909
M,M,1,Si,Bachelors,Skilled Manual,1,2,0-1 Miles,Europe,1,41-45,18.1818181818182
M,M,1,Si,Bachelors,Skilled Manual,1,2,0-1 Miles,Europe,1,41-45,18.1818181818182
S,F,3,Si,Partial High School,Manual,1,2,0-1 Miles,Europe,1,35-40,9.09090909090909
M,F,1,Si,Bachelors,Skilled Manual,1,2,0-1 Miles,Europe,1,41-45,18.1818181818182
M,F,1,Si,Bachelors,Skilled Manual,1,2,0-1 Miles,Europe,1,41-45,18.1818181818182
S,F,3,Si,Partial High School,Manual,1,2,0-1 Miles,Europe,0,46-50,9.09090909090909
S,F,3,Si,Partial High School,Manual,1,2,0-1 Miles,Europe,0,46-50,9.09090909090909
M,M,3,Si,High School,Manual,0,1,0-1 Miles,Europe,0,46-50,9.09090909090909
S,F,4,Si,High School,Manual,1,0,0-1 Miles,Europe,1,46-50,9.09090909090909
S,F,4,Si,High School,Manual,1,1,0-1 Miles,Europe,1,41-45,9.09090909090909
M,M,0,No,Bachelors,Professional,1,0,0-1 Miles,Europe,0,41-45,27.2727272727273
S,M,2,Si,Partial College,Clerical,1,0,0-1 Miles,Europe,0,41-45,18.1818181818182
S,M,2,Si,Partial College,Clerical,1,1,0-1 Miles,Europe,1,35-40,18.1818181818182
M,F,1,No,Bachelors,Skilled Manual,1,0,0-1 Miles,Europe,0,35-40,27.2727272727273
M,M,1,No,Bachelors,Skilled Manual,1,0,0-1 Miles,Europe,0,41-45,27.2727272727273
M,F,1,No,Bachelors,Skilled Manual,1,0,0-1 Miles,Europe,0,35-40,27.2727272727273
M,M,1,No,Bachelors,Skilled Manual,1,0,0-1 Miles,Europe,0,41-45,27.2727272727273
M,M,2,Si,Partial College,Clerical,0,2,0-1 Miles,Europe,1,35-40,18.1818181818182
S,M,2,Si,Partial College,Clerical,1,2,0-1 Miles,Europe,1,41-45,18.1818181818182
S,F,2,Si,Partial College,Clerical,1,2,0-1 Miles,Europe,1,41-45,18.1818181818182
M,M,1,No,Bachelors,Skilled Manual,1,0,0-1 Miles,Europe,0,41-45,27.2727272727273
S,M,3,Si,Partial College,Clerical,1,0,0-1 Miles,Europe,1,35-40,18.1818181818182
M,M,0,No,High School,Manual,0,1,2-5 Miles,Europe,0,29-34,9.09090909090909
M,F,4,Si,High School,Manual,0,2,0-1 Miles,Europe,0,29-34,9.09090909090909
S,F,3,Si,Partial College,Clerical,1,1,0-1 Miles,Europe,0,29-34,18.1818181818182
S,F,3,Si,Partial College,Clerical,1,1,0-1 Miles,Europe,0,29-34,18.1818181818182
S,M,3,Si,Partial College,Clerical,1,2,0-1 Miles,Europe,0,29-34,18.1818181818182
M,M,1,No,Bachelors,Skilled Manual,1,0,0-1 Miles,Europe,1,46-50,27.2727272727273
M,M,1,No,Bachelors,Skilled Manual,1,1,0-1 Miles,Europe,1,46-50,27.2727272727273
S,F,3,Si,Partial College,Clerical,1,2,0-1 Miles,Europe,0,29-34,18.1818181818182
S,M,4,Si,Partial College,Clerical,1,1,0-1 Miles,Europe,1,29-34,18.1818181818182
S,M,4,Si,Partial College,Clerical,1,1,0-1 Miles,Europe,1,29-34,18.1818181818182
S,F,4,Si,Partial College,Clerical,1,2,0-1 Miles,Europe,0,29-34,18.1818181818182
S,F,4,Si,Partial College,Clerical,1,3,0-1 Miles,Europe,0,29-34,18.1818181818182
M,F,4,Si,Partial College,Clerical,0,3,0-1 Miles,Europe,0,29-34,18.1818181818182
S,M,4,Si,Partial College,Clerical,1,3,0-1 Miles,Europe,0,29-34,18.1818181818182
S,F,5,Si,Partial College,Clerical,1,1,0-1 Miles,Europe,1,29-34,18.1818181818182
S,F,0,No,High School,Manual,0,1,2-5 Miles,Europe,0,29-34,9.09090909090909
M,M,0,No,High School,Manual,0,1,2-5 Miles,Europe,0,29-34,9.09090909090909
S,F,0,No,High School,Manual,0,1,5-10 Miles,Europe,0,29-34,9.09090909090909
M,F,0,No,Partial High School,Manual,1,2,0-1 Miles,Europe,0,35-40,9.09090909090909
S,F,0,No,High School,Manual,0,1,5-10 Miles,Europe,0,29-34,9.09090909090909
S,M,0,No,Partial College,Clerical,0,1,0-1 Miles,Europe,1,29-34,18.1818181818182
S,M,0,No,Partial College,Clerical,0,1,0-1 Miles,Europe,1,29-34,18.1818181818182
M,M,2,No,Partial High School,Manual,1,1,5-10 Miles,Europe,0,65+,9.09090909090909
S,M,0,No,Partial High School,Manual,1,1,2-5 Miles,Europe,0,29-34,9.09090909090909
S,M,0,No,Partial High School,Manual,0,1,2-5 Miles,Europe,0,29-34,9.09090909090909
S,F,0,No,Partial High School,Manual,0,2,1-2 Miles,Europe,1,29-34,9.09090909090909
S,M,0,No,Partial College,Clerical,0,1,0-1 Miles,Europe,0,29-34,18.1818181818182
M,M,0,No,Partial College,Clerical,0,1,0-1 Miles,Europe,1,29-34,18.1818181818182
S,M,0,No,Partial High School,Manual,0,2,1-2 Miles,Europe,1,35-40,9.09090909090909
S,F,0,No,Partial High School,Manual,1,2,1-2 Miles,Europe,0,35-40,9.09090909090909
S,F,0,No,Partial High School,Manual,0,2,0-1 Miles,Europe,0,35-40,9.09090909090909
S,F,0,No,Partial High School,Manual,0,2,1-2 Miles,Europe,0,35-40,9.09090909090909
S,F,0,No,Partial High School,Manual,0,2,0-1 Miles,Europe,1,35-40,9.09090909090909
S,M,0,No,Partial High School,Manual,0,2,1-2 Miles,Europe,1,29-34,9.09090909090909
S,F,0,No,Partial High School,Manual,1,2,1-2 Miles,Europe,1,35-40,9.09090909090909
S,M,0,No,Partial College,Skilled Manual,0,2,1-2 Miles,North America,1,29-34,45.4545454545455
M,F,0,No,Partial College,Skilled Manual,1,2,5-10 Miles,North America,1,29-34,63.6363636363636
S,F,0,No,Partial High School,Clerical,0,2,5-10 Miles,North America,0,29-34,27.2727272727273
M,M,0,No,Partial High School,Clerical,0,2,1-2 Miles,North America,0,29-34,27.2727272727273
S,F,0,No,Partial College,Skilled Manual,1,2,5-10 Miles,North America,0,29-34,18.1818181818182
M,M,0,No,Partial College,Skilled Manual,1,2,5-10 Miles,North America,0,29-34,18.1818181818182
S,F,0,No,Partial College,Skilled Manual,1,2,5-10 Miles,North America,0,29-34,45.4545454545455
M,F,0,No,Partial College,Skilled Manual,1,2,5-10 Miles,North America,0,29-34,45.4545454545455
S,F,0,No,Partial College,Skilled Manual,0,2,1-2 Miles,North America,0,29-34,45.4545454545455
M,M,3,No,Partial College,Clerical,0,2,1-2 Miles,Pacific,1,51-55,18.1818181818182
M,M,3,No,Partial College,Clerical,0,2,1-2 Miles,Pacific,1,56-65,18.1818181818182
S,M,0,No,Partial High School,Clerical,0,2,1-2 Miles,North America,1,29-34,27.2727272727273
S,F,0,No,Partial College,Skilled Manual,0,2,1-2 Miles,North America,1,29-34,9.09090909090909
M,F,3,No,High School,Skilled Manual,0,2,1-2 Miles,Pacific,0,56-65,18.1818181818182
S,F,3,No,High School,Skilled Manual,1,2,5-10 Miles,Pacific,0,56-65,18.1818181818182
M,F,3,No,High School,Skilled Manual,0,2,1-2 Miles,Pacific,0,56-65,18.1818181818182
M,M,3,No,High School,Skilled Manual,0,2,1-2 Miles,Pacific,0,56-65,18.1818181818182
M,F,2,No,Partial College,Clerical,0,2,1-2 Miles,Pacific,1,51-55,27.2727272727273
M,M,0,No,Partial College,Skilled Manual,1,2,5-10 Miles,North America,1,29-34,63.6363636363636
M,M,3,No,High School,Skilled Manual,1,2,5-10 Miles,Pacific,0,46-50,18.1818181818182
S,F,2,No,Partial College,Clerical,1,2,5-10 Miles,Pacific,0,56-65,27.2727272727273
S,F,2,No,Partial College,Clerical,1,2,5-10 Miles,Pacific,0,56-65,27.2727272727273
M,M,3,No,Partial College,Skilled Manual,1,2,5-10 Miles,Pacific,1,56-65,27.2727272727273
S,F,0,No,Partial College,Manual,0,1,0-1 Miles,Pacific,1,29-34,9.09090909090909
S,M,0,No,Partial College,Manual,1,1,2-5 Miles,Pacific,1,29-34,9.09090909090909
M,M,0,No,Bachelors,Clerical,1,0,0-1 Miles,Pacific,1,29-34,9.09090909090909
M,M,0,No,High School,Manual,1,1,2-5 Miles,Pacific,0,29-34,9.09090909090909
S,F,1,Si,High School,Manual,0,0,2-5 Miles,Pacific,1,29-34,9.09090909090909
S,F,1,Si,High School,Manual,0,0,2-5 Miles,Pacific,1,29-34,9.09090909090909
S,M,1,Si,High School,Manual,0,0,2-5 Miles,Pacific,0,29-34,9.09090909090909
S,M,1,Si,High School,Manual,0,0,2-5 Miles,Pacific,1,29-34,9.09090909090909
S,M,0,No,Bachelors,Clerical,1,0,0-1 Miles,Pacific,1,29-34,9.09090909090909
S,M,0,No,Bachelors,Clerical,1,0,0-1 Miles,Pacific,1,29-34,9.09090909090909
M,M,0,No,Bachelors,Clerical,1,0,0-1 Miles,Pacific,1,29-34,9.09090909090909
S,F,1,Si,High School,Manual,0,0,1-2 Miles,Pacific,0,29-34,9.09090909090909
M,M,1,Si,High School,Manual,1,0,2-5 Miles,Pacific,1,29-34,9.09090909090909
M,F,1,Si,High School,Manual,1,0,2-5 Miles,Pacific,1,29-34,9.09090909090909
S,M,0,No,Partial College,Manual,0,0,0-1 Miles,Pacific,1,29-34,9.09090909090909
S,M,0,No,Partial College,Manual,1,0,0-1 Miles,Pacific,1,29-34,9.09090909090909
S,F,0,No,Partial College,Manual,1,0,0-1 Miles,Pacific,1,29-34,9.09090909090909
M,F,2,No,Partial College,Manual,1,0,0-1 Miles,Europe,0,56-65,9.09090909090909
M,F,1,No,Graduate Degree,Clerical,1,0,0-1 Miles,Europe,1,65+,27.2727272727273
M,F,3,No,Graduate Degree,Clerical,1,0,0-1 Miles,Europe,1,46-50,18.1818181818182
M,F,3,No,Graduate Degree,Clerical,1,0,0-1 Miles,Europe,1,46-50,18.1818181818182
S,M,1,Si,High School,Manual,0,1,1-2 Miles,Europe,0,41-45,9.09090909090909
S,M,1,Si,Partial College,Manual,0,0,1-2 Miles,Europe,1,41-45,9.09090909090909
S,M,1,Si,Partial College,Manual,0,0,1-2 Miles,Europe,1,46-50,9.09090909090909
M,F,1,Si,Partial College,Manual,1,0,2-5 Miles,Europe,0,41-45,9.09090909090909
S,M,1,Si,High School,Manual,0,1,2-5 Miles,Europe,0,41-45,9.09090909090909
S,M,2,No,Partial College,Manual,1,1,1-2 Miles,Europe,1,51-55,9.09090909090909
M,M,2,No,Partial College,Manual,1,1,2-5 Miles,Europe,1,46-50,9.09090909090909
M,F,2,No,Partial College,Manual,1,1,2-5 Miles,Europe,1,46-50,9.09090909090909
S,F,2,No,Partial College,Manual,1,1,2-5 Miles,Europe,0,41-45,9.09090909090909
M,M,3,No,Graduate Degree,Clerical,1,0,0-1 Miles,Europe,1,41-45,18.1818181818182
M,F,3,No,Graduate Degree,Clerical,1,0,0-1 Miles,Europe,1,41-45,18.1818181818182
S,M,2,No,Partial College,Manual,1,1,2-5 Miles,Europe,0,41-45,9.09090909090909
M,F,3,No,Graduate Degree,Clerical,1,0,0-1 Miles,Europe,1,46-50,18.1818181818182
S,F,3,No,Graduate Degree,Clerical,1,0,0-1 Miles,Europe,1,46-50,18.1818181818182
M,F,3,No,Bachelors,Clerical,1,0,0-1 Miles,Europe,1,46-50,18.1818181818182
M,M,3,No,Bachelors,Clerical,1,0,0-1 Miles,Europe,1,46-50,18.1818181818182
S,M,1,Si,High School,Manual,0,1,2-5 Miles,Europe,0,29-34,9.09090909090909
M,F,1,Si,High School,Manual,1,1,5-10 Miles,Europe,0,35-40,9.09090909090909
S,F,2,Si,High School,Manual,1,0,0-1 Miles,Europe,1,35-40,9.09090909090909
S,F,0,No,Partial College,Manual,0,1,2-5 Miles,Europe,0,29-34,9.09090909090909
S,M,0,No,Partial College,Manual,1,1,2-5 Miles,Europe,0,35-40,9.09090909090909
S,M,2,Si,High School,Manual,1,0,0-1 Miles,Europe,1,35-40,9.09090909090909
S,F,0,No,Bachelors,Clerical,1,0,0-1 Miles,Europe,1,29-34,18.1818181818182
S,F,0,No,Bachelors,Clerical,1,0,0-1 Miles,Europe,1,35-40,18.1818181818182
M,F,0,No,Bachelors,Clerical,1,0,0-1 Miles,Europe,1,29-34,18.1818181818182
M,F,3,No,Bachelors,Clerical,0,2,0-1 Miles,Europe,0,65+,9.09090909090909
M,F,3,No,Bachelors,Clerical,0,2,0-1 Miles,Europe,0,65+,9.09090909090909
M,F,0,No,Partial College,Manual,0,1,1-2 Miles,Europe,0,35-40,9.09090909090909
M,F,0,No,Bachelors,Clerical,1,0,0-1 Miles,Europe,1,35-40,18.1818181818182
S,M,0,No,Bachelors,Clerical,0,0,1-2 Miles,Europe,1,35-40,18.1818181818182
M,M,0,No,Bachelors,Clerical,1,0,0-1 Miles,Europe,1,35-40,18.1818181818182
M,F,0,No,Graduate Degree,Clerical,1,0,0-1 Miles,Europe,1,29-34,27.2727272727273
M,F,0,No,Graduate Degree,Clerical,1,0,0-1 Miles,Europe,1,35-40,27.2727272727273
M,M,0,No,Graduate Degree,Clerical,1,0,0-1 Miles,Europe,1,35-40,27.2727272727273
M,F,0,No,Graduate Degree,Clerical,1,0,0-1 Miles,Europe,1,35-40,27.2727272727273
S,F,0,No,Graduate Degree,Clerical,1,0,0-1 Miles,Europe,1,35-40,27.2727272727273
S,F,0,No,Graduate Degree,Clerical,1,0,0-1 Miles,Europe,1,35-40,27.2727272727273
S,F,0,No,Graduate Degree,Skilled Manual,1,0,0-1 Miles,Europe,1,35-40,45.4545454545455
S,F,0,No,Graduate Degree,Skilled Manual,0,0,0-1 Miles,Europe,1,35-40,45.4545454545455
S,F,0,No,Graduate Degree,Skilled Manual,1,0,0-1 Miles,Europe,1,35-40,45.4545454545455
M,M,0,No,Graduate Degree,Skilled Manual,1,0,0-1 Miles,Europe,1,35-40,45.4545454545455
S,M,2,Si,High School,Manual,1,2,0-1 Miles,Europe,0,41-45,9.09090909090909
M,M,1,Si,Partial College,Manual,1,0,2-5 Miles,Europe,0,41-45,9.09090909090909
M,M,3,Si,Partial College,Professional,1,1,2-5 Miles,Europe,0,51-55,72.7272727272727
M,M,5,Si,High School,Professional,1,2,2-5 Miles,Europe,1,65+,63.6363636363636
M,F,5,Si,High School,Professional,1,2,10+ Miles,Europe,1,56-65,63.6363636363636
M,F,5,Si,High School,Professional,0,2,2-5 Miles,Europe,1,56-65,63.6363636363636
M,M,5,No,Bachelors,Management,1,2,10+ Miles,Europe,0,56-65,72.7272727272727
M,F,3,Si,Bachelors,Management,1,4,5-10 Miles,Europe,1,56-65,90.9090909090909
S,F,5,No,Partial College,Professional,0,2,10+ Miles,Europe,0,56-65,72.7272727272727
S,M,5,No,Partial College,Professional,1,2,10+ Miles,Europe,0,56-65,72.7272727272727
M,F,3,Si,Bachelors,Management,0,4,5-10 Miles,Europe,1,56-65,90.9090909090909
S,M,4,Si,Bachelors,Management,1,1,10+ Miles,Europe,1,56-65,90.9090909090909
M,M,4,Si,Partial College,Professional,1,4,0-1 Miles,Europe,0,56-65,90.9090909090909
M,M,4,Si,Partial College,Professional,1,2,10+ Miles,Europe,0,56-65,72.7272727272727
M,F,4,Si,Partial College,Professional,1,2,2-5 Miles,Europe,0,46-50,72.7272727272727
M,F,3,Si,High School,Professional,1,3,10+ Miles,Europe,0,41-45,81.8181818181818
M,M,3,Si,High School,Professional,1,4,10+ Miles,Europe,1,41-45,90.9090909090909
M,M,4,Si,Partial College,Professional,1,2,2-5 Miles,Europe,0,56-65,81.8181818181818
M,F,4,Si,Partial College,Professional,1,2,0-1 Miles,Europe,0,56-65,90.9090909090909
M,F,4,Si,High School,Professional,1,2,10+ Miles,Europe,0,41-45,72.7272727272727
M,F,3,Si,Partial College,Professional,1,4,2-5 Miles,Europe,0,56-65,81.8181818181818
M,F,4,Si,High School,Professional,1,3,2-5 Miles,Europe,0,51-55,72.7272727272727
M,F,4,Si,High School,Professional,1,3,2-5 Miles,Europe,0,51-55,72.7272727272727
M,M,5,Si,High School,Professional,1,2,10+ Miles,Europe,0,51-55,72.7272727272727
M,F,4,Si,Partial College,Professional,1,2,10+ Miles,Europe,1,56-65,90.9090909090909
S,M,4,Si,High School,Management,1,3,10+ Miles,Europe,0,56-65,81.8181818181818
M,F,3,Si,Partial College,Management,0,4,5-10 Miles,Europe,1,51-55,81.8181818181818
M,F,3,Si,Partial College,Management,1,4,10+ Miles,Europe,1,56-65,81.8181818181818
M,M,5,Si,High School,Management,1,4,10+ Miles,Europe,1,56-65,90.9090909090909
M,M,5,Si,Partial High School,Professional,1,4,10+ Miles,Europe,0,56-65,90.9090909090909
M,F,0,No,Bachelors,Professional,1,2,10+ Miles,Pacific,1,29-34,63.6363636363636
S,M,0,No,Bachelors,Professional,0,3,10+ Miles,Pacific,1,29-34,63.6363636363636
S,F,0,No,Bachelors,Professional,1,3,10+ Miles,Pacific,1,29-34,63.6363636363636
S,M,0,No,Bachelors,Professional,1,3,10+ Miles,Pacific,0,29-34,63.6363636363636
S,F,0,No,Bachelors,Professional,1,4,10+ Miles,Pacific,0,35-40,45.4545454545455
S,M,0,No,Bachelors,Professional,0,3,10+ Miles,Pacific,0,35-40,72.7272727272727
S,M,0,No,Bachelors,Professional,1,3,10+ Miles,Pacific,0,35-40,72.7272727272727
S,M,0,No,Bachelors,Professional,0,2,10+ Miles,Pacific,1,29-34,81.8181818181818
S,F,0,No,Bachelors,Professional,0,4,10+ Miles,Pacific,0,35-40,63.6363636363636
M,F,0,No,Bachelors,Professional,0,3,10+ Miles,Pacific,1,29-34,81.8181818181818
S,M,0,No,Bachelors,Professional,0,3,10+ Miles,Pacific,1,29-34,81.8181818181818
S,F,0,No,Bachelors,Professional,1,3,10+ Miles,Pacific,0,29-34,72.7272727272727
M,F,0,Si,High School,Management,1,2,10+ Miles,Pacific,0,35-40,81.8181818181818
M,M,5,Si,Partial High School,Professional,1,4,10+ Miles,Pacific,1,35-40,90.9090909090909
S,F,0,No,Bachelors,Professional,1,3,10+ Miles,Pacific,1,35-40,81.8181818181818
S,M,0,No,Bachelors,Professional,0,3,10+ Miles,Pacific,1,29-34,81.8181818181818
M,F,0,Si,High School,Management,0,3,10+ Miles,Pacific,0,35-40,81.8181818181818
M,M,0,Si,High School,Management,1,3,10+ Miles,Pacific,0,35-40,81.8181818181818
S,F,0,Si,High School,Management,1,3,10+ Miles,Pacific,0,35-40,81.8181818181818
M,M,0,No,Bachelors,Professional,0,4,10+ Miles,Pacific,0,35-40,72.7272727272727
S,F,0,No,Bachelors,Professional,0,4,10+ Miles,Pacific,0,35-40,72.7272727272727
S,F,0,No,Bachelors,Professional,1,4,10+ Miles,Pacific,0,35-40,72.7272727272727
M,M,4,Si,High School,Management,1,4,10+ Miles,Pacific,0,35-40,90.9090909090909
M,M,0,No,Bachelors,Professional,1,4,10+ Miles,Pacific,1,35-40,81.8181818181818
S,F,0,No,Bachelors,Professional,1,4,10+ Miles,Pacific,1,35-40,81.8181818181818
S,F,0,No,Bachelors,Professional,1,4,10+ Miles,Pacific,1,35-40,81.8181818181818
M,F,0,Si,High School,Management,1,4,10+ Miles,Pacific,0,35-40,81.8181818181818
M,M,0,Si,High School,Management,1,4,10+ Miles,Pacific,0,29-34,81.8181818181818
M,M,0,No,Bachelors,Professional,1,4,10+ Miles,Pacific,0,35-40,81.8181818181818
M,F,0,No,Bachelors,Professional,0,4,10+ Miles,Pacific,0,29-34,81.8181818181818
M,F,0,Si,High School,Management,0,4,10+ Miles,Pacific,1,35-40,90.9090909090909
M,M,0,Si,Partial High School,Professional,1,4,10+ Miles,Pacific,1,29-34,90.9090909090909
M,F,0,Si,Partial High School,Professional,1,4,10+ Miles,Pacific,1,35-40,90.9090909090909
M,F,0,Si,Partial High School,Professional,0,4,10+ Miles,Pacific,0,35-40,90.9090909090909
M,M,0,Si,Partial High School,Management,1,4,10+ Miles,Pacific,0,35-40,90.9090909090909
M,F,5,No,Graduate Degree,Management,1,2,10+ Miles,North America,1,65+,63.6363636363636
M,M,5,No,Bachelors,Management,1,2,5-10 Miles,North America,0,65+,81.8181818181818
M,M,2,Si,Graduate Degree,Management,1,3,5-10 Miles,North America,0,65+,81.8181818181818
M,F,2,Si,Graduate Degree,Management,1,3,5-10 Miles,North America,0,65+,81.8181818181818
M,M,2,Si,Graduate Degree,Management,1,3,1-2 Miles,North America,0,65+,81.8181818181818
M,F,5,No,Bachelors,Management,1,2,5-10 Miles,North America,0,65+,72.7272727272727
S,F,5,No,Bachelors,Management,1,2,5-10 Miles,North America,0,65+,81.8181818181818
M,F,2,Si,Graduate Degree,Management,1,3,5-10 Miles,North America,0,65+,81.8181818181818
M,F,2,Si,Graduate Degree,Management,1,3,5-10 Miles,North America,0,65+,81.8181818181818
M,F,2,Si,Graduate Degree,Management,1,3,5-10 Miles,North America,0,65+,81.8181818181818
M,M,2,Si,Graduate Degree,Management,1,3,5-10 Miles,North America,0,65+,81.8181818181818
M,F,2,Si,Bachelors,Management,1,4,0-1 Miles,North America,1,65+,90.9090909090909
M,F,2,Si,Bachelors,Management,1,4,0-1 Miles,North America,1,65+,90.9090909090909
M,M,4,No,Bachelors,Management,1,2,10+ Miles,North America,0,56-65,63.6363636363636
M,M,3,No,Partial College,Skilled Manual,1,2,5-10 Miles,Pacific,1,56-65,27.2727272727273
M,M,2,No,Partial College,Skilled Manual,1,2,5-10 Miles,Pacific,1,35-40,72.7272727272727
S,F,2,No,Partial College,Skilled Manual,1,2,5-10 Miles,Pacific,1,51-55,72.7272727272727
S,F,0,No,Partial College,Skilled Manual,1,2,5-10 Miles,North America,0,29-34,18.1818181818182
S,M,0,No,Partial College,Skilled Manual,1,2,5-10 Miles,North America,0,29-34,18.1818181818182
S,F,0,No,High School,Skilled Manual,1,2,5-10 Miles,North America,0,35-40,18.1818181818182
S,F,0,No,Partial College,Professional,1,2,5-10 Miles,North America,1,29-34,63.6363636363636
M,F,0,No,Partial College,Professional,1,2,5-10 Miles,North America,1,35-40,63.6363636363636
S,M,0,No,Partial College,Professional,0,2,0-1 Miles,North America,0,35-40,63.6363636363636
M,M,2,No,High School,Skilled Manual,1,2,5-10 Miles,Pacific,1,51-55,72.7272727272727
S,M,2,No,High School,Skilled Manual,0,2,1-2 Miles,Pacific,1,51-55,63.6363636363636
S,F,2,No,High School,Skilled Manual,1,2,5-10 Miles,Pacific,1,51-55,63.6363636363636
S,F,2,No,High School,Skilled Manual,1,2,5-10 Miles,Pacific,1,41-45,63.6363636363636
S,F,2,No,High School,Skilled Manual,1,2,5-10 Miles,Pacific,1,46-50,63.6363636363636
S,F,2,No,High School,Professional,0,2,5-10 Miles,Pacific,1,35-40,63.6363636363636
S,M,0,Si,Graduate Degree,Management,1,1,5-10 Miles,Pacific,1,51-55,90.9090909090909
M,M,0,Si,Graduate Degree,Management,1,1,0-1 Miles,Pacific,1,51-55,90.9090909090909
M,F,0,Si,Graduate Degree,Management,1,2,0-1 Miles,Pacific,0,46-50,90.9090909090909
S,M,0,No,Bachelors,Management,0,1,0-1 Miles,North America,1,35-40,72.7272727272727
S,M,0,No,Partial College,Professional,1,2,5-10 Miles,North America,1,35-40,45.4545454545455
M,F,0,No,Partial College,Professional,1,2,5-10 Miles,North America,1,29-34,45.4545454545455
S,F,0,No,Partial College,Professional,0,2,5-10 Miles,North America,0,35-40,45.4545454545455
S,M,0,No,High School,Professional,0,2,5-10 Miles,North America,1,35-40,45.4545454545455
S,F,0,Si,Graduate Degree,Management,0,3,0-1 Miles,Pacific,1,46-50,90.9090909090909
S,M,2,Si,Bachelors,Management,1,3,2-5 Miles,North America,1,41-45,90.9090909090909
S,M,2,Si,Bachelors,Management,0,3,0-1 Miles,North America,1,35-40,90.9090909090909
S,M,2,Si,Bachelors,Management,1,3,2-5 Miles,North America,1,41-45,90.9090909090909
S,M,2,Si,Bachelors,Management,1,4,2-5 Miles,North America,1,35-40,90.9090909090909
M,M,2,No,High School,Professional,0,2,1-2 Miles,North America,0,51-55,45.4545454545455
M,F,2,No,High School,Professional,0,2,1-2 Miles,North America,0,46-50,45.4545454545455
M,M,3,Si,Partial College,Professional,1,0,5-10 Miles,North America,1,51-55,63.6363636363636
M,F,3,Si,Partial College,Professional,1,0,0-1 Miles,North America,1,51-55,63.6363636363636
S,F,2,No,Partial College,Professional,1,1,2-5 Miles,North America,1,51-55,81.8181818181818
M,M,2,No,Partial College,Professional,1,1,5-10 Miles,North America,0,51-55,81.8181818181818
M,M,2,No,Partial College,Professional,1,1,2-5 Miles,North America,1,46-50,81.8181818181818
M,F,4,Si,Bachelors,Professional,1,0,1-2 Miles,Pacific,1,41-45,81.8181818181818
S,F,4,Si,Bachelors,Professional,1,0,1-2 Miles,Pacific,1,41-45,81.8181818181818
M,M,4,Si,Bachelors,Professional,0,0,0-1 Miles,Pacific,0,41-45,81.8181818181818
S,M,0,No,Graduate Degree,Management,1,0,2-5 Miles,Pacific,1,41-45,81.8181818181818
M,F,1,No,Bachelors,Professional,1,1,5-10 Miles,Pacific,1,46-50,45.4545454545455
M,M,1,No,Bachelors,Professional,1,1,0-1 Miles,Pacific,1,35-40,45.4545454545455
S,M,1,No,Bachelors,Professional,1,1,5-10 Miles,Pacific,1,46-50,45.4545454545455
S,M,1,No,Partial College,Skilled Manual,0,1,0-1 Miles,Pacific,1,46-50,45.4545454545455
M,M,1,No,Bachelors,Professional,1,1,5-10 Miles,Pacific,0,46-50,45.4545454545455
M,F,1,No,Partial College,Skilled Manual,1,1,0-1 Miles,Pacific,1,46-50,45.4545454545455
S,F,0,No,Graduate Degree,Management,0,1,1-2 Miles,Pacific,1,41-45,81.8181818181818
S,M,0,No,Graduate Degree,Management,0,1,1-2 Miles,Pacific,1,41-45,81.8181818181818
M,F,1,No,Partial College,Skilled Manual,1,1,5-10 Miles,Pacific,0,46-50,45.4545454545455
S,M,1,No,Partial College,Skilled Manual,1,1,5-10 Miles,Pacific,0,41-45,45.4545454545455
S,M,0,No,Bachelors,Professional,1,1,5-10 Miles,Pacific,1,41-45,63.6363636363636
S,M,0,No,Bachelors,Professional,0,1,0-1 Miles,Pacific,1,35-40,63.6363636363636
S,M,0,No,Bachelors,Professional,0,1,0-1 Miles,Pacific,1,35-40,63.6363636363636
S,M,0,No,Bachelors,Professional,0,1,0-1 Miles,Pacific,1,35-40,63.6363636363636
M,F,0,No,Bachelors,Professional,0,1,0-1 Miles,Pacific,0,35-40,63.6363636363636
S,F,0,No,Bachelors,Professional,1,1,5-10 Miles,Pacific,1,35-40,63.6363636363636
S,M,0,No,Bachelors,Professional,0,1,5-10 Miles,Pacific,0,35-40,63.6363636363636
M,F,1,No,Bachelors,Professional,1,1,2-5 Miles,Pacific,1,46-50,81.8181818181818
S,F,0,No,Bachelors,Professional,0,2,0-1 Miles,Pacific,1,35-40,63.6363636363636
S,M,0,No,Bachelors,Professional,1,2,5-10 Miles,Pacific,1,46-50,63.6363636363636
M,M,0,No,Bachelors,Professional,0,2,0-1 Miles,Pacific,1,46-50,63.6363636363636
M,M,1,No,Partial College,Skilled Manual,1,1,0-1 Miles,Pacific,1,46-50,45.4545454545455
M,F,5,Si,Bachelors,Professional,1,2,0-1 Miles,Pacific,0,41-45,63.6363636363636
M,F,5,Si,Partial College,Skilled Manual,0,2,0-1 Miles,Pacific,0,46-50,63.6363636363636
S,M,1,No,Partial College,Skilled Manual,1,1,5-10 Miles,Pacific,0,41-45,45.4545454545455
M,F,5,Si,Partial College,Skilled Manual,1,3,5-10 Miles,Pacific,0,41-45,63.6363636363636
S,F,4,No,Bachelors,Management,1,1,10+ Miles,Pacific,0,51-55,81.8181818181818
M,F,3,Si,Partial College,Skilled Manual,1,2,0-1 Miles,Pacific,0,41-45,45.4545454545455
M,F,5,Si,Partial College,Skilled Manual,1,3,10+ Miles,Pacific,0,46-50,63.6363636363636
M,M,5,Si,Partial College,Skilled Manual,0,3,5-10 Miles,Pacific,0,35-40,63.6363636363636
M,M,1,No,Partial College,Skilled Manual,1,1,5-10 Miles,Pacific,0,46-50,63.6363636363636
M,M,1,No,Partial College,Skilled Manual,1,1,5-10 Miles,Pacific,0,51-55,63.6363636363636
M,F,2,No,Bachelors,Management,1,1,0-1 Miles,Pacific,0,56-65,27.2727272727273
M,M,2,No,Bachelors,Management,1,1,5-10 Miles,Pacific,0,51-55,27.2727272727273
M,M,2,No,Bachelors,Management,1,1,0-1 Miles,Pacific,0,56-65,27.2727272727273
M,F,0,No,High School,Skilled Manual,1,2,5-10 Miles,North America,0,29-34,18.1818181818182
M,F,0,No,High School,Skilled Manual,1,2,5-10 Miles,North America,0,29-34,18.1818181818182
M,M,0,No,High School,Skilled Manual,1,2,5-10 Miles,North America,0,29-34,18.1818181818182
M,F,0,No,High School,Skilled Manual,1,2,5-10 Miles,North America,0,29-34,18.1818181818182
S,F,0,No,High School,Skilled Manual,0,2,0-1 Miles,North America,0,29-34,27.2727272727273
M,M,0,No,High School,Skilled Manual,1,2,5-10 Miles,North America,0,29-34,27.2727272727273
S,F,0,No,High School,Skilled Manual,0,2,0-1 Miles,North America,0,29-34,18.1818181818182
S,M,0,No,High School,Skilled Manual,0,2,0-1 Miles,North America,0,29-34,18.1818181818182
S,M,0,No,High School,Skilled Manual,1,2,5-10 Miles,North America,0,29-34,18.1818181818182
M,F,0,No,High School,Skilled Manual,1,2,5-10 Miles,North America,1,29-34,27.2727272727273
M,M,5,No,High School,Skilled Manual,1,2,5-10 Miles,Pacific,0,56-65,9.09090909090909
M,F,0,No,High School,Skilled Manual,0,2,0-1 Miles,North America,1,29-34,27.2727272727273
M,M,0,No,High School,Skilled Manual,1,2,5-10 Miles,North America,1,29-34,27.2727272727273
S,M,0,No,High School,Skilled Manual,0,2,0-1 Miles,North America,1,29-34,27.2727272727273
S,M,0,No,High School,Skilled Manual,1,2,5-10 Miles,North America,0,29-34,27.2727272727273
M,F,0,No,High School,Skilled Manual,1,2,5-10 Miles,North America,0,29-34,27.2727272727273
S,M,0,No,Partial High School,Clerical,0,2,5-10 Miles,North America,0,29-34,18.1818181818182
S,F,0,No,Partial High School,Clerical,1,2,5-10 Miles,North America,0,29-34,18.1818181818182
M,F,2,No,Bachelors,Management,0,2,0-1 Miles,Pacific,0,56-65,27.2727272727273
M,F,2,No,Partial College,Clerical,0,2,0-1 Miles,Pacific,1,65+,18.1818181818182
M,F,2,No,Partial College,Clerical,0,2,5-10 Miles,Pacific,0,65+,18.1818181818182
M,M,2,No,Partial College,Clerical,0,2,5-10 Miles,Pacific,0,65+,18.1818181818182
S,M,2,No,Bachelors,Management,1,2,5-10 Miles,Pacific,1,65+,27.2727272727273
M,F,2,No,Bachelors,Management,1,2,0-1 Miles,Pacific,1,65+,27.2727272727273
M,F,2,No,Bachelors,Management,0,2,0-1 Miles,Pacific,1,65+,27.2727272727273
S,F,2,No,Graduate Degree,Management,1,1,5-10 Miles,Pacific,1,56-65,45.4545454545455
M,F,0,No,High School,Skilled Manual,1,2,5-10 Miles,North America,0,29-34,27.2727272727273
S,F,0,No,High School,Skilled Manual,0,2,1-2 Miles,North America,0,29-34,27.2727272727273
S,M,0,No,High School,Skilled Manual,1,2,5-10 Miles,North America,0,29-34,27.2727272727273
S,M,0,No,High School,Skilled Manual,0,2,1-2 Miles,North America,0,29-34,27.2727272727273
S,M,0,No,Partial College,Skilled Manual,1,1,5-10 Miles,North America,0,29-34,27.2727272727273
S,M,0,No,Partial College,Skilled Manual,1,1,5-10 Miles,North America,0,29-34,27.2727272727273
M,M,0,No,Partial College,Skilled Manual,1,1,5-10 Miles,North America,0,29-34,27.2727272727273
S,F,0,No,Partial College,Skilled Manual,0,1,1-2 Miles,North America,1,29-34,18.1818181818182
S,F,0,No,Partial College,Skilled Manual,0,1,1-2 Miles,North America,0,35-40,18.1818181818182
S,M,0,No,Partial College,Skilled Manual,1,1,5-10 Miles,North America,0,29-34,18.1818181818182
S,M,0,No,Partial College,Skilled Manual,0,1,1-2 Miles,North America,0,35-40,18.1818181818182
S,F,0,No,Bachelors,Management,0,1,1-2 Miles,North America,1,41-45,72.7272727272727
S,M,0,Si,Graduate Degree,Management,1,1,10+ Miles,North America,0,41-45,90.9090909090909
M,F,4,Si,Bachelors,Management,1,0,1-2 Miles,North America,0,46-50,72.7272727272727
S,M,0,No,Graduate Degree,Skilled Manual,0,0,1-2 Miles,North America,1,35-40,27.2727272727273
S,M,0,No,Graduate Degree,Skilled Manual,0,0,1-2 Miles,North America,1,29-34,27.2727272727273
S,F,0,No,Graduate Degree,Skilled Manual,1,0,0-1 Miles,North America,0,29-34,27.2727272727273
M,M,0,No,Graduate Degree,Skilled Manual,1,0,0-1 Miles,North America,0,35-40,45.4545454545455
S,F,1,No,Graduate Degree,Skilled Manual,1,0,1-2 Miles,North America,1,35-40,45.4545454545455
M,M,1,No,Graduate Degree,Skilled Manual,1,0,1-2 Miles,North America,1,35-40,45.4545454545455
M,F,1,No,Graduate Degree,Skilled Manual,1,0,0-1 Miles,North America,1,29-34,27.2727272727273
M,M,1,No,Graduate Degree,Skilled Manual,0,0,0-1 Miles,North America,1,29-34,45.4545454545455
S,F,1,No,Graduate Degree,Skilled Manual,1,0,1-2 Miles,North America,1,29-34,45.4545454545455
S,F,1,No,Graduate Degree,Skilled Manual,1,0,1-2 Miles,North America,0,35-40,45.4545454545455
M,M,1,No,Graduate Degree,Skilled Manual,1,0,1-2 Miles,North America,0,29-34,45.4545454545455
M,M,1,Si,Graduate Degree,Skilled Manual,1,0,1-2 Miles,North America,0,35-40,45.4545454545455
M,M,1,Si,Graduate Degree,Skilled Manual,1,0,1-2 Miles,North America,0,35-40,45.4545454545455
M,F,1,Si,Graduate Degree,Skilled Manual,1,0,0-1 Miles,North America,0,35-40,45.4545454545455
M,F,1,Si,Graduate Degree,Skilled Manual,1,0,1-2 Miles,North America,0,35-40,45.4545454545455
M,M,1,Si,Bachelors,Skilled Manual,1,0,0-1 Miles,North America,0,29-34,45.4545454545455
M,M,1,Si,Bachelors,Skilled Manual,1,0,0-1 Miles,North America,0,29-34,45.4545454545455
M,M,1,No,Graduate Degree,Skilled Manual,1,0,0-1 Miles,North America,0,35-40,45.4545454545455
S,F,1,No,Graduate Degree,Professional,1,0,2-5 Miles,North America,0,35-40,45.4545454545455
S,F,1,No,Graduate Degree,Professional,1,0,2-5 Miles,North America,1,35-40,63.6363636363636
S,F,4,No,Bachelors,Management,1,2,1-2 Miles,North America,1,56-65,63.6363636363636
M,F,5,No,Bachelors,Management,1,2,1-2 Miles,North America,1,56-65,63.6363636363636
S,F,5,No,Bachelors,Management,1,3,2-5 Miles,North America,0,56-65,63.6363636363636
M,F,4,No,Bachelors,Management,1,2,2-5 Miles,North America,0,56-65,45.4545454545455
M,F,4,No,Bachelors,Management,1,2,2-5 Miles,North America,0,56-65,45.4545454545455
M,F,4,No,Bachelors,Management,1,2,10+ Miles,North America,1,51-55,45.4545454545455
M,M,4,No,Bachelors,Management,1,2,10+ Miles,North America,1,56-65,45.4545454545455
M,F,4,No,Bachelors,Management,1,2,2-5 Miles,North America,0,56-65,45.4545454545455
M,M,4,No,Bachelors,Management,1,2,10+ Miles,North America,1,56-65,45.4545454545455
M,F,4,No,Bachelors,Management,1,2,10+ Miles,North America,1,56-65,45.4545454545455
M,M,4,No,Bachelors,Management,1,2,2-5 Miles,North America,0,56-65,45.4545454545455
S,M,5,No,Bachelors,Management,1,3,10+ Miles,North America,1,56-65,45.4545454545455
M,F,4,Si,Bachelors,Management,0,1,1-2 Miles,North America,0,56-65,63.6363636363636
M,F,5,No,Bachelors,Management,1,3,2-5 Miles,North America,0,56-65,45.4545454545455
M,F,5,No,Bachelors,Management,1,3,2-5 Miles,North America,0,56-65,45.4545454545455
M,F,2,Si,Bachelors,Management,1,0,2-5 Miles,North America,0,56-65,45.4545454545455
M,F,4,Si,Bachelors,Management,0,1,1-2 Miles,North America,0,56-65,63.6363636363636
M,M,4,Si,Bachelors,Management,1,1,10+ Miles,North America,1,46-50,63.6363636363636
M,M,5,No,Bachelors,Management,1,2,1-2 Miles,North America,1,56-65,72.7272727272727
M,M,5,No,Bachelors,Management,1,2,5-10 Miles,North America,1,56-65,72.7272727272727
M,M,2,Si,High School,Professional,1,2,10+ Miles,North America,1,56-65,27.2727272727273
M,F,2,Si,High School,Professional,0,2,2-5 Miles,North America,0,56-65,27.2727272727273
M,M,2,Si,Partial College,Professional,1,1,2-5 Miles,North America,1,56-65,45.4545454545455
M,M,2,Si,Partial College,Professional,1,2,2-5 Miles,North America,0,56-65,45.4545454545455
S,F,2,Si,Bachelors,Management,1,0,10+ Miles,North America,0,56-65,45.4545454545455
M,M,4,Si,Bachelors,Management,1,2,1-2 Miles,North America,1,56-65,63.6363636363636
S,F,4,Si,Bachelors,Management,1,2,10+ Miles,North America,1,56-65,63.6363636363636
S,F,2,Si,Partial College,Professional,0,2,2-5 Miles,North America,0,56-65,45.4545454545455
M,M,2,Si,Partial College,Professional,1,2,2-5 Miles,North America,0,51-55,45.4545454545455
M,M,2,Si,Partial College,Professional,1,2,10+ Miles,North America,0,51-55,45.4545454545455
M,F,2,Si,Bachelors,Management,1,0,2-5 Miles,North America,1,56-65,45.4545454545455
S,F,2,Si,Partial High School,Skilled Manual,1,2,10+ Miles,North America,1,56-65,27.2727272727273
S,F,2,Si,Partial College,Professional,1,2,2-5 Miles,North America,0,56-65,45.4545454545455
M,M,2,Si,Partial College,Professional,1,1,2-5 Miles,North America,0,56-65,45.4545454545455
M,F,2,Si,Partial College,Professional,1,1,10+ Miles,North America,1,51-55,45.4545454545455
M,F,2,Si,Partial College,Professional,1,1,10+ Miles,North America,1,56-65,45.4545454545455
M,M,2,Si,Partial College,Professional,1,1,10+ Miles,North America,1,56-65,45.4545454545455
M,F,2,Si,Partial High School,Skilled Manual,1,3,10+ Miles,North America,0,56-65,27.2727272727273
M,F,2,Si,Partial College,Professional,1,2,2-5 Miles,North America,1,56-65,45.4545454545455
M,F,2,Si,Partial College,Professional,1,2,2-5 Miles,North America,1,56-65,45.4545454545455
M,M,2,Si,Partial College,Professional,1,2,10+ Miles,North America,1,56-65,45.4545454545455
M,M,4,Si,Partial College,Professional,1,1,1-2 Miles,North America,0,56-65,63.6363636363636
M,F,4,Si,Partial College,Professional,0,2,2-5 Miles,North America,1,56-65,63.6363636363636
S,M,4,Si,Partial College,Professional,1,2,10+ Miles,North America,1,56-65,63.6363636363636
M,F,3,Si,High School,Professional,1,2,2-5 Miles,North America,1,56-65,45.4545454545455
S,M,4,Si,Partial College,Professional,1,2,10+ Miles,North America,1,56-65,63.6363636363636
M,F,4,Si,Partial College,Professional,1,2,10+ Miles,North America,1,51-55,63.6363636363636
M,F,4,Si,Partial College,Professional,0,2,2-5 Miles,North America,1,51-55,63.6363636363636
M,M,5,Si,Partial College,Professional,1,2,10+ Miles,North America,1,56-65,63.6363636363636
S,M,2,Si,Bachelors,Management,0,4,0-1 Miles,Europe,0,51-55,90.9090909090909
S,F,2,Si,Partial College,Professional,0,4,0-1 Miles,Europe,0,51-55,90.9090909090909
M,M,3,Si,Bachelors,Management,1,3,0-1 Miles,Europe,1,51-55,90.9090909090909
M,F,2,Si,Partial College,Professional,1,4,2-5 Miles,Europe,0,51-55,81.8181818181818
M,F,3,Si,Partial High School,Professional,1,4,10+ Miles,Europe,0,51-55,90.9090909090909
M,M,2,Si,Partial High School,Professional,1,4,5-10 Miles,Europe,1,46-50,90.9090909090909
S,F,3,No,Graduate Degree,Management,1,1,5-10 Miles,North America,0,65+,81.8181818181818
M,M,4,No,Graduate Degree,Management,1,2,0-1 Miles,North America,0,65+,63.6363636363636
M,M,1,Si,Graduate Degree,Management,1,1,1-2 Miles,North America,0,65+,90.9090909090909
S,M,0,No,Graduate Degree,Management,0,4,0-1 Miles,North America,0,65+,90.9090909090909
M,F,4,Si,Partial College,Professional,1,3,2-5 Miles,North America,1,35-40,81.8181818181818
M,M,4,Si,Partial College,Professional,1,3,0-1 Miles,North America,1,41-45,81.8181818181818
S,M,5,Si,Partial College,Professional,1,3,2-5 Miles,North America,1,41-45,81.8181818181818
M,F,3,Si,Bachelors,Management,1,4,2-5 Miles,North America,1,35-40,90.9090909090909
M,F,1,Si,Graduate Degree,Management,1,4,0-1 Miles,North America,0,35-40,90.9090909090909
S,F,0,No,Partial College,Professional,0,1,10+ Miles,North America,1,46-50,81.8181818181818
M,F,3,Si,Bachelors,Management,1,4,2-5 Miles,North America,0,46-50,90.9090909090909
M,M,3,Si,Partial College,Professional,1,0,5-10 Miles,North America,1,46-50,63.6363636363636
M,F,4,Si,Partial College,Professional,0,0,0-1 Miles,North America,0,51-55,63.6363636363636
M,M,3,No,Partial College,Professional,0,2,0-1 Miles,North America,1,51-55,72.7272727272727
M,M,3,No,Partial College,Professional,0,2,2-5 Miles,North America,1,46-50,72.7272727272727
M,F,2,No,Graduate Degree,Management,1,2,5-10 Miles,North America,0,65+,45.4545454545455
M,F,4,No,Graduate Degree,Management,1,2,5-10 Miles,North America,1,65+,63.6363636363636
S,F,4,No,Graduate Degree,Management,1,2,2-5 Miles,North America,0,65+,72.7272727272727
S,F,4,Si,Partial College,Professional,0,2,0-1 Miles,North America,0,41-45,72.7272727272727
S,F,4,Si,Partial College,Professional,1,2,2-5 Miles,North America,0,46-50,72.7272727272727
M,M,4,Si,Partial College,Professional,1,2,2-5 Miles,North America,0,46-50,72.7272727272727
M,F,3,Si,Bachelors,Management,1,4,1-2 Miles,North America,1,46-50,90.9090909090909
M,M,1,Si,Partial College,Professional,1,3,5-10 Miles,North America,1,46-50,81.8181818181818
M,F,1,Si,Partial College,Professional,1,3,1-2 Miles,North America,0,46-50,81.8181818181818
M,F,1,Si,Bachelors,Management,1,2,1-2 Miles,North America,0,41-45,90.9090909090909
M,M,1,Si,Bachelors,Management,1,4,0-1 Miles,North America,0,46-50,90.9090909090909
M,M,5,Si,Partial College,Professional,1,3,5-10 Miles,North America,0,46-50,72.7272727272727
M,F,4,Si,High School,Professional,1,1,5-10 Miles,North America,0,41-45,81.8181818181818
S,M,4,Si,High School,Professional,0,2,1-2 Miles,North America,0,46-50,81.8181818181818
M,M,1,Si,Partial College,Professional,1,4,5-10 Miles,North America,0,46-50,90.9090909090909
M,F,1,Si,Bachelors,Management,1,1,0-1 Miles,North America,1,46-50,90.9090909090909
S,F,1,Si,Bachelors,Management,0,3,0-1 Miles,North America,1,46-50,90.9090909090909
M,M,2,No,High School,Professional,0,2,1-2 Miles,North America,0,51-55,45.4545454545455
M,F,2,Si,High School,Professional,0,1,10+ Miles,North America,1,46-50,81.8181818181818
S,F,2,No,Partial High School,Skilled Manual,0,2,1-2 Miles,North America,0,51-55,72.7272727272727
M,F,2,No,Graduate Degree,Management,1,2,5-10 Miles,North America,0,65+,45.4545454545455
M,F,4,No,Bachelors,Management,1,2,1-2 Miles,North America,1,65+,81.8181818181818
S,M,5,Si,Partial College,Professional,1,3,5-10 Miles,North America,1,46-50,72.7272727272727
M,F,3,Si,Partial College,Professional,1,4,5-10 Miles,North America,1,41-45,81.8181818181818
M,M,5,Si,Partial College,Professional,0,4,2-5 Miles,North America,0,46-50,90.9090909090909
M,M,1,Si,Partial College,Professional,1,4,2-5 Miles,North America,1,46-50,90.9090909090909
S,F,2,No,Partial High School,Skilled Manual,1,2,5-10 Miles,North America,1,51-55,72.7272727272727
M,M,2,No,Partial High School,Skilled Manual,0,2,1-2 Miles,North America,0,51-55,45.4545454545455
S,F,2,No,Partial High School,Skilled Manual,1,2,5-10 Miles,North America,0,51-55,45.4545454545455
M,M,2,No,Partial High School,Skilled Manual,0,2,1-2 Miles,North America,0,51-55,45.4545454545455
M,M,2,No,Partial High School,Skilled Manual,0,2,1-2 Miles,North America,0,46-50,45.4545454545455
S,F,3,Si,High School,Professional,1,1,5-10 Miles,North America,1,51-55,63.6363636363636
M,M,3,No,Graduate Degree,Management,1,2,5-10 Miles,North America,0,56-65,63.6363636363636
S,F,3,No,Graduate Degree,Management,1,2,1-2 Miles,North America,0,56-65,63.6363636363636
S,F,3,No,Graduate Degree,Management,1,2,1-2 Miles,North America,0,51-55,63.6363636363636
S,F,3,No,Graduate Degree,Management,1,2,5-10 Miles,North America,0,56-65,63.6363636363636
M,M,3,No,Partial College,Professional,0,2,5-10 Miles,North America,1,56-65,27.2727272727273
M,F,3,No,Partial College,Professional,0,2,1-2 Miles,North America,1,56-65,27.2727272727273
S,M,4,No,Graduate Degree,Management,1,2,10+ Miles,North America,1,65+,63.6363636363636
M,M,2,Si,Graduate Degree,Management,1,3,2-5 Miles,North America,0,65+,90.9090909090909
M,M,2,Si,Bachelors,Management,1,4,0-1 Miles,North America,0,65+,90.9090909090909
M,M,2,Si,Graduate Degree,Management,1,0,5-10 Miles,North America,0,65+,90.9090909090909
M,F,2,Si,Graduate Degree,Management,0,1,2-5 Miles,North America,0,65+,90.9090909090909
M,M,2,Si,Graduate Degree,Management,1,3,1-2 Miles,North America,0,65+,81.8181818181818
S,M,5,No,Graduate Degree,Management,1,2,10+ Miles,North America,1,56-65,63.6363636363636
S,M,4,Si,Bachelors,Management,0,2,1-2 Miles,North America,0,41-45,81.8181818181818
S,M,2,No,Bachelors,Management,1,2,1-2 Miles,North America,1,35-40,81.8181818181818
M,M,2,No,Bachelors,Management,1,3,1-2 Miles,North America,0,41-45,81.8181818181818
S,M,3,No,Bachelors,Management,0,3,1-2 Miles,North America,0,41-45,81.8181818181818
M,F,0,No,High School,Skilled Manual,1,2,5-10 Miles,North America,1,29-34,27.2727272727273
S,M,0,No,High School,Skilled Manual,0,2,5-10 Miles,North America,0,29-34,27.2727272727273
S,F,0,No,Partial College,Skilled Manual,0,1,5-10 Miles,North America,0,29-34,18.1818181818182
M,F,5,No,High School,Skilled Manual,0,2,1-2 Miles,Pacific,1,56-65,9.09090909090909
S,F,5,No,High School,Skilled Manual,1,3,5-10 Miles,Pacific,0,65+,9.09090909090909
S,F,0,No,Partial College,Skilled Manual,0,1,1-2 Miles,North America,1,29-34,45.4545454545455
M,M,0,No,Partial College,Skilled Manual,1,2,5-10 Miles,North America,1,29-34,45.4545454545455
M,M,0,No,Partial College,Skilled Manual,0,2,0-1 Miles,North America,1,29-34,63.6363636363636
M,M,0,No,Partial College,Skilled Manual,1,1,5-10 Miles,North America,0,29-34,27.2727272727273
M,M,0,No,Partial College,Skilled Manual,1,1,5-10 Miles,North America,0,29-34,27.2727272727273
S,M,0,No,Partial College,Skilled Manual,1,2,5-10 Miles,North America,1,29-34,45.4545454545455
S,M,0,No,Partial College,Skilled Manual,0,2,1-2 Miles,North America,1,29-34,45.4545454545455
M,M,4,No,High School,Skilled Manual,0,2,1-2 Miles,Pacific,0,56-65,9.09090909090909
S,M,2,No,Partial College,Clerical,1,2,5-10 Miles,Pacific,1,56-65,18.1818181818182
S,F,2,No,Partial College,Clerical,1,2,5-10 Miles,Pacific,1,56-65,18.1818181818182
M,F,4,No,High School,Skilled Manual,1,2,5-10 Miles,Pacific,0,56-65,9.09090909090909
M,M,2,No,Partial College,Clerical,0,2,1-2 Miles,Pacific,1,56-65,18.1818181818182
M,M,2,Si,Partial High School,Clerical,1,2,1-2 Miles,Pacific,1,56-65,9.09090909090909
M,M,0,No,Graduate Degree,Manual,1,0,0-1 Miles,Europe,1,35-40,9.09090909090909
M,F,1,No,Graduate Degree,Manual,1,0,0-1 Miles,Europe,0,41-45,9.09090909090909
M,M,1,No,Graduate Degree,Manual,1,0,0-1 Miles,Europe,0,46-50,9.09090909090909
M,M,1,No,Graduate Degree,Manual,1,0,0-1 Miles,Europe,0,46-50,9.09090909090909
M,M,1,No,Graduate Degree,Clerical,1,0,0-1 Miles,Europe,0,46-50,9.09090909090909
M,M,1,No,Graduate Degree,Clerical,1,0,0-1 Miles,Europe,0,46-50,9.09090909090909
S,M,1,No,Graduate Degree,Clerical,1,0,0-1 Miles,Europe,0,41-45,9.09090909090909
M,F,1,No,Graduate Degree,Clerical,1,0,0-1 Miles,Europe,0,46-50,9.09090909090909
M,M,1,No,Graduate Degree,Clerical,1,0,0-1 Miles,Europe,0,46-50,9.09090909090909
M,M,1,No,Graduate Degree,Clerical,1,0,0-1 Miles,Europe,0,65+,18.1818181818182
M,M,1,No,Graduate Degree,Clerical,1,0,0-1 Miles,Europe,0,65+,9.09090909090909
M,F,4,No,Graduate Degree,Clerical,1,0,0-1 Miles,Europe,1,46-50,18.1818181818182
M,F,1,No,Bachelors,Manual,1,0,0-1 Miles,Europe,0,51-55,9.09090909090909
M,F,1,No,Bachelors,Manual,1,0,0-1 Miles,Europe,1,46-50,9.09090909090909
M,M,1,No,Bachelors,Clerical,1,0,0-1 Miles,Europe,1,51-55,9.09090909090909
S,F,2,No,Partial College,Manual,1,1,0-1 Miles,Europe,1,65+,9.09090909090909
S,M,1,No,Bachelors,Clerical,1,0,0-1 Miles,Europe,1,65+,9.09090909090909
M,F,1,No,Partial College,Manual,1,0,0-1 Miles,Europe,1,65+,9.09090909090909
M,F,1,No,Partial College,Manual,1,0,0-1 Miles,Europe,0,56-65,9.09090909090909
M,F,1,No,Partial College,Manual,1,0,0-1 Miles,Europe,0,65+,9.09090909090909
M,F,1,No,Partial College,Manual,1,0,0-1 Miles,Europe,1,56-65,9.09090909090909
M,M,1,No,Bachelors,Clerical,1,0,0-1 Miles,Europe,0,65+,18.1818181818182
M,M,3,No,Partial College,Manual,1,1,0-1 Miles,Europe,1,65+,9.09090909090909
S,M,3,No,Partial College,Manual,1,1,1-2 Miles,Europe,1,65+,9.09090909090909
M,F,0,No,Partial College,Manual,0,1,0-1 Miles,Pacific,0,29-34,9.09090909090909
M,F,0,No,Partial College,Manual,0,1,0-1 Miles,Pacific,0,29-34,9.09090909090909
M,M,1,Si,Bachelors,Skilled Manual,1,0,2-5 Miles,North America,1,35-40,45.4545454545455
M,M,1,Si,Bachelors,Skilled Manual,1,1,2-5 Miles,North America,1,35-40,45.4545454545455
M,F,1,Si,Bachelors,Skilled Manual,1,1,0-1 Miles,North America,0,35-40,45.4545454545455
M,M,1,No,Graduate Degree,Professional,1,0,0-1 Miles,North America,0,29-34,45.4545454545455
M,F,1,No,Graduate Degree,Professional,1,0,0-1 Miles,North America,0,29-34,45.4545454545455
S,F,2,Si,Bachelors,Skilled Manual,1,0,2-5 Miles,North America,1,41-45,45.4545454545455
S,F,2,Si,Bachelors,Skilled Manual,1,0,2-5 Miles,North America,1,29-34,45.4545454545455
S,F,2,Si,Bachelors,Skilled Manual,0,0,0-1 Miles,North America,1,35-40,45.4545454545455
M,M,2,Si,Bachelors,Skilled Manual,1,0,2-5 Miles,North America,1,35-40,45.4545454545455
S,F,2,Si,Bachelors,Skilled Manual,1,0,0-1 Miles,North America,1,29-34,45.4545454545455
S,F,1,No,Graduate Degree,Professional,1,0,2-5 Miles,North America,0,35-40,45.4545454545455
S,M,1,No,Graduate Degree,Professional,1,0,2-5 Miles,North America,0,35-40,45.4545454545455
M,F,1,No,Graduate Degree,Professional,1,0,0-1 Miles,North America,0,35-40,45.4545454545455
M,F,1,No,Graduate Degree,Professional,1,0,0-1 Miles,North America,0,35-40,45.4545454545455
M,F,2,No,Graduate Degree,Professional,1,0,0-1 Miles,North America,1,35-40,63.6363636363636
S,F,2,No,Graduate Degree,Professional,1,0,2-5 Miles,North America,1,29-34,63.6363636363636
M,F,2,No,Graduate Degree,Professional,1,0,2-5 Miles,North America,1,35-40,63.6363636363636
M,F,3,No,Graduate Degree,Professional,1,0,0-1 Miles,North America,1,35-40,63.6363636363636
M,M,1,No,Graduate Degree,Professional,1,0,0-1 Miles,North America,1,35-40,72.7272727272727
M,F,1,No,Graduate Degree,Professional,1,0,2-5 Miles,North America,0,35-40,45.4545454545455
M,M,1,No,Graduate Degree,Professional,1,0,0-1 Miles,North America,0,35-40,45.4545454545455
S,M,1,No,Graduate Degree,Professional,1,0,2-5 Miles,North America,0,35-40,45.4545454545455
M,M,1,No,Graduate Degree,Professional,1,0,0-1 Miles,North America,0,41-45,45.4545454545455
S,F,2,Si,Bachelors,Skilled Manual,1,0,2-5 Miles,North America,1,41-45,45.4545454545455
S,F,2,Si,Bachelors,Skilled Manual,0,0,0-1 Miles,North America,1,41-45,63.6363636363636
S,F,2,Si,Bachelors,Skilled Manual,1,1,2-5 Miles,North America,1,35-40,63.6363636363636
S,F,2,Si,Bachelors,Skilled Manual,1,1,2-5 Miles,North America,1,29-34,63.6363636363636
M,M,2,Si,Bachelors,Skilled Manual,1,1,2-5 Miles,North America,1,35-40,63.6363636363636
S,F,2,Si,Bachelors,Skilled Manual,0,1,0-1 Miles,North America,0,41-45,63.6363636363636
M,M,5,Si,High School,Skilled Manual,1,2,2-5 Miles,North America,0,41-45,27.2727272727273
S,F,5,Si,High School,Skilled Manual,1,2,2-5 Miles,North America,0,41-45,27.2727272727273
M,F,0,No,Bachelors,Professional,0,1,0-1 Miles,North America,1,41-45,27.2727272727273
M,F,1,No,Graduate Degree,Professional,1,0,0-1 Miles,North America,0,35-40,45.4545454545455
M,M,3,No,Graduate Degree,Professional,1,0,0-1 Miles,North America,1,35-40,63.6363636363636
M,M,4,No,Graduate Degree,Professional,1,0,0-1 Miles,North America,1,35-40,63.6363636363636
M,M,4,No,Graduate Degree,Professional,1,0,2-5 Miles,North America,1,35-40,63.6363636363636
S,M,0,No,Bachelors,Professional,0,1,2-5 Miles,North America,1,35-40,27.2727272727273
S,F,2,Si,Bachelors,Skilled Manual,1,1,2-5 Miles,North America,1,35-40,45.4545454545455
S,M,2,Si,Bachelors,Skilled Manual,0,1,0-1 Miles,North America,0,41-45,45.4545454545455
S,F,2,Si,Bachelors,Skilled Manual,0,1,0-1 Miles,North America,0,41-45,45.4545454545455
S,M,0,No,Graduate Degree,Professional,1,0,2-5 Miles,North America,1,29-34,45.4545454545455
M,F,0,No,Graduate Degree,Professional,1,0,0-1 Miles,North America,0,41-45,45.4545454545455
M,F,0,No,Graduate Degree,Professional,1,0,2-5 Miles,North America,0,41-45,45.4545454545455
M,M,0,No,Graduate Degree,Professional,1,0,2-5 Miles,North America,0,41-45,45.4545454545455
M,M,5,No,Graduate Degree,Professional,1,0,2-5 Miles,North America,0,35-40,63.6363636363636
M,F,2,No,Graduate Degree,Professional,1,0,0-1 Miles,North America,0,41-45,45.4545454545455
M,M,5,No,Graduate Degree,Professional,1,0,0-1 Miles,North America,0,35-40,63.6363636363636
S,F,5,Si,Graduate Degree,Professional,1,2,2-5 Miles,North America,0,35-40,63.6363636363636
S,F,5,Si,Graduate Degree,Professional,1,2,2-5 Miles,North America,0,35-40,63.6363636363636
M,M,5,Si,Graduate Degree,Professional,1,2,2-5 Miles,North America,0,35-40,63.6363636363636
M,M,5,Si,Graduate Degree,Professional,1,2,2-5 Miles,North America,0,29-34,63.6363636363636
S,M,3,No,Graduate Degree,Professional,1,0,0-1 Miles,North America,1,35-40,72.7272727272727
M,M,3,No,Graduate Degree,Professional,1,0,0-1 Miles,North America,1,35-40,72.7272727272727
M,F,4,No,Partial High School,Clerical,0,2,0-1 Miles,North America,0,65+,9.09090909090909
S,F,0,No,Bachelors,Professional,0,1,0-1 Miles,North America,1,41-45,27.2727272727273
S,F,3,Si,Bachelors,Skilled Manual,1,3,10+ Miles,North America,1,35-40,72.7272727272727
M,M,0,No,Graduate Degree,Professional,1,0,0-1 Miles,North America,0,35-40,45.4545454545455
S,M,0,No,Bachelors,Professional,1,1,2-5 Miles,North America,1,46-50,27.2727272727273
M,M,4,Si,Bachelors,Skilled Manual,1,2,2-5 Miles,North America,0,35-40,45.4545454545455
S,F,4,Si,Bachelors,Skilled Manual,1,3,5-10 Miles,North America,1,35-40,45.4545454545455
S,F,4,Si,Bachelors,Skilled Manual,0,2,0-1 Miles,North America,0,41-45,45.4545454545455
S,F,4,Si,Bachelors,Skilled Manual,0,2,0-1 Miles,North America,1,41-45,45.4545454545455
M,M,4,Si,Bachelors,Professional,1,2,2-5 Miles,North America,1,35-40,45.4545454545455
M,M,4,Si,Bachelors,Professional,1,2,2-5 Miles,North America,1,46-50,45.4545454545455
S,F,4,Si,Bachelors,Professional,0,2,0-1 Miles,North America,1,46-50,45.4545454545455
M,M,4,Si,Bachelors,Professional,1,2,2-5 Miles,North America,1,46-50,45.4545454545455
S,M,4,Si,Bachelors,Professional,1,2,2-5 Miles,North America,1,46-50,45.4545454545455
S,F,0,No,Bachelors,Professional,0,1,0-1 Miles,North America,0,35-40,63.6363636363636
S,M,4,Si,Bachelors,Professional,1,2,2-5 Miles,North America,1,46-50,63.6363636363636
M,M,4,Si,Bachelors,Professional,1,2,2-5 Miles,North America,1,46-50,63.6363636363636
M,F,3,Si,Graduate Degree,Professional,1,0,0-1 Miles,North America,0,41-45,45.4545454545455
M,F,3,Si,Graduate Degree,Professional,1,0,2-5 Miles,North America,1,46-50,45.4545454545455
S,M,3,Si,Graduate Degree,Professional,0,0,0-1 Miles,North America,1,46-50,45.4545454545455
S,M,1,No,Bachelors,Professional,0,1,2-5 Miles,North America,0,46-50,63.6363636363636
S,M,1,No,Bachelors,Professional,0,1,0-1 Miles,North America,1,41-45,63.6363636363636
S,F,1,No,Bachelors,Professional,0,1,2-5 Miles,North America,0,46-50,63.6363636363636
S,F,1,No,Bachelors,Professional,0,1,0-1 Miles,North America,1,41-45,63.6363636363636
S,F,1,No,Bachelors,Professional,1,1,2-5 Miles,North America,0,46-50,63.6363636363636
M,M,1,No,Partial College,Skilled Manual,1,1,2-5 Miles,North America,0,46-50,63.6363636363636
M,F,4,Si,High School,Skilled Manual,1,2,0-1 Miles,North America,0,41-45,27.2727272727273
M,M,4,Si,High School,Skilled Manual,1,3,10+ Miles,North America,0,46-50,27.2727272727273
M,F,1,No,Partial College,Skilled Manual,1,1,0-1 Miles,North America,1,46-50,45.4545454545455
M,F,4,Si,High School,Skilled Manual,1,2,2-5 Miles,North America,1,46-50,27.2727272727273
S,M,0,No,Partial College,Skilled Manual,0,1,2-5 Miles,North America,1,41-45,45.4545454545455
S,M,0,No,Partial College,Skilled Manual,0,1,0-1 Miles,North America,0,35-40,45.4545454545455
S,F,0,No,Partial College,Skilled Manual,1,1,2-5 Miles,North America,1,41-45,45.4545454545455
S,M,0,No,Partial College,Skilled Manual,0,1,2-5 Miles,North America,1,41-45,45.4545454545455
S,M,0,No,Graduate Degree,Professional,0,1,0-1 Miles,North America,1,41-45,45.4545454545455
S,F,0,No,Graduate Degree,Professional,0,1,0-1 Miles,North America,1,41-45,45.4545454545455
M,F,1,No,Partial College,Skilled Manual,1,1,2-5 Miles,North America,1,46-50,45.4545454545455
M,M,1,No,Partial College,Skilled Manual,1,1,2-5 Miles,North America,1,35-40,45.4545454545455
M,M,1,No,Partial College,Skilled Manual,1,1,0-1 Miles,North America,1,46-50,45.4545454545455
M,F,1,No,Partial College,Skilled Manual,1,1,2-5 Miles,North America,1,46-50,45.4545454545455
M,M,5,Si,Bachelors,Professional,1,1,2-5 Miles,North America,0,41-45,45.4545454545455
M,F,5,Si,Bachelors,Professional,1,1,2-5 Miles,North America,0,51-55,45.4545454545455
S,M,4,Si,Bachelors,Professional,1,0,2-5 Miles,North America,1,41-45,45.4545454545455
S,F,4,Si,Bachelors,Professional,1,0,2-5 Miles,North America,1,35-40,45.4545454545455
M,M,4,Si,Bachelors,Professional,1,0,0-1 Miles,North America,0,41-45,45.4545454545455
M,M,4,Si,Bachelors,Professional,0,1,0-1 Miles,North America,0,41-45,45.4545454545455
S,M,2,No,Graduate Degree,Professional,1,1,2-5 Miles,North America,1,51-55,63.6363636363636
M,M,2,No,Graduate Degree,Professional,1,1,0-1 Miles,North America,1,41-45,63.6363636363636
M,F,4,No,Graduate Degree,Professional,1,0,0-1 Miles,North America,1,46-50,72.7272727272727
M,M,1,No,Partial College,Skilled Manual,1,1,2-5 Miles,North America,1,51-55,72.7272727272727
M,F,1,No,Partial College,Skilled Manual,1,1,0-1 Miles,North America,1,41-45,72.7272727272727
S,F,3,Si,Bachelors,Professional,0,1,0-1 Miles,North America,1,35-40,45.4545454545455
S,M,1,No,Bachelors,Professional,1,1,2-5 Miles,North America,0,35-40,45.4545454545455
M,F,1,No,Bachelors,Professional,1,1,2-5 Miles,North America,0,51-55,45.4545454545455
S,M,5,Si,Bachelors,Professional,0,2,0-1 Miles,North America,0,46-50,63.6363636363636
S,M,5,Si,Bachelors,Professional,0,2,0-1 Miles,North America,0,46-50,63.6363636363636
M,M,2,Si,Bachelors,Professional,1,1,2-5 Miles,Pacific,1,29-34,45.4545454545455
S,F,4,Si,Graduate Degree,Management,1,1,0-1 Miles,Pacific,1,35-40,72.7272727272727
M,F,4,Si,Graduate Degree,Management,1,1,0-1 Miles,Pacific,0,35-40,72.7272727272727
M,F,4,Si,Graduate Degree,Management,1,1,0-1 Miles,Pacific,1,29-34,72.7272727272727
S,F,2,Si,Bachelors,Professional,1,1,2-5 Miles,Pacific,0,41-45,45.4545454545455
M,M,2,Si,Bachelors,Professional,1,1,2-5 Miles,Pacific,1,35-40,45.4545454545455
S,F,2,Si,Bachelors,Professional,1,1,2-5 Miles,Pacific,0,41-45,45.4545454545455
M,M,2,Si,Bachelors,Professional,1,1,2-5 Miles,Pacific,1,41-45,45.4545454545455
S,F,5,Si,Bachelors,Professional,1,3,10+ Miles,Pacific,0,41-45,63.6363636363636
M,F,5,Si,Bachelors,Professional,1,3,10+ Miles,Pacific,0,41-45,63.6363636363636
M,M,5,Si,Bachelors,Professional,1,3,10+ Miles,Pacific,1,35-40,63.6363636363636
M,M,1,No,Graduate Degree,Management,1,0,0-1 Miles,Pacific,1,35-40,90.9090909090909
M,F,1,No,Graduate Degree,Management,1,1,0-1 Miles,Pacific,1,29-34,90.9090909090909
M,F,1,No,Graduate Degree,Management,1,1,2-5 Miles,Pacific,1,35-40,90.9090909090909
M,M,1,No,Graduate Degree,Management,1,1,2-5 Miles,Pacific,1,35-40,90.9090909090909
M,M,1,No,Graduate Degree,Management,1,0,0-1 Miles,Pacific,1,41-45,90.9090909090909
S,M,1,No,Graduate Degree,Management,1,2,0-1 Miles,Pacific,1,35-40,90.9090909090909
M,F,5,Si,Bachelors,Professional,1,4,10+ Miles,Pacific,0,29-34,63.6363636363636
M,F,5,Si,Bachelors,Professional,1,4,10+ Miles,Pacific,0,41-45,63.6363636363636
S,F,5,Si,Graduate Degree,Management,1,2,0-1 Miles,Pacific,0,35-40,72.7272727272727
M,M,0,No,Bachelors,Professional,1,0,0-1 Miles,Pacific,1,41-45,81.8181818181818
S,M,2,No,Bachelors,Professional,1,0,1-2 Miles,Pacific,1,41-45,81.8181818181818
M,M,2,No,Bachelors,Professional,1,0,1-2 Miles,Pacific,1,41-45,81.8181818181818
S,F,3,Si,Bachelors,Professional,1,1,5-10 Miles,Pacific,0,41-45,45.4545454545455
S,M,3,Si,Bachelors,Professional,1,2,5-10 Miles,Pacific,0,41-45,45.4545454545455
M,M,5,Si,Bachelors,Professional,1,4,10+ Miles,Pacific,1,41-45,63.6363636363636
M,F,5,Si,Bachelors,Professional,1,4,10+ Miles,Pacific,1,35-40,63.6363636363636
S,M,0,No,Bachelors,Professional,0,1,5-10 Miles,Pacific,0,35-40,63.6363636363636
M,M,3,Si,Bachelors,Professional,1,2,5-10 Miles,Pacific,0,35-40,45.4545454545455
M,M,4,Si,Bachelors,Professional,1,2,0-1 Miles,Pacific,0,41-45,45.4545454545455
M,M,4,Si,Bachelors,Professional,0,3,10+ Miles,Pacific,0,41-45,45.4545454545455
M,M,4,Si,Bachelors,Professional,1,3,10+ Miles,Pacific,0,41-45,45.4545454545455
S,M,0,No,Bachelors,Professional,0,1,5-10 Miles,Pacific,0,35-40,63.6363636363636
S,F,0,No,Partial College,Clerical,0,1,2-5 Miles,Europe,0,29-34,18.1818181818182
S,M,0,No,Partial High School,Manual,0,2,0-1 Miles,Europe,0,29-34,9.09090909090909
S,F,0,No,Partial College,Clerical,0,1,2-5 Miles,Europe,0,29-34,18.1818181818182
S,F,0,No,High School,Manual,1,1,2-5 Miles,Europe,0,29-34,18.1818181818182
S,M,0,No,High School,Manual,0,1,1-2 Miles,Europe,0,29-34,18.1818181818182
S,F,0,No,High School,Manual,0,1,1-2 Miles,Europe,0,29-34,18.1818181818182
M,F,1,Si,Bachelors,Skilled Manual,1,0,1-2 Miles,Europe,1,35-40,27.2727272727273
S,F,0,No,High School,Manual,0,1,2-5 Miles,Europe,0,29-34,18.1818181818182
S,F,0,No,High School,Manual,0,1,1-2 Miles,Europe,0,29-34,18.1818181818182
S,F,0,No,High School,Manual,0,1,2-5 Miles,Europe,0,29-34,18.1818181818182
M,M,1,Si,Bachelors,Skilled Manual,1,1,1-2 Miles,Europe,0,35-40,27.2727272727273
M,M,1,Si,Bachelors,Skilled Manual,1,1,0-1 Miles,Europe,1,35-40,27.2727272727273
S,F,0,No,Graduate Degree,Skilled Manual,0,0,0-1 Miles,Europe,1,35-40,45.4545454545455
S,F,0,No,Graduate Degree,Skilled Manual,1,0,1-2 Miles,Europe,1,35-40,45.4545454545455
S,M,0,No,High School,Manual,0,1,1-2 Miles,Europe,1,35-40,18.1818181818182
M,F,1,Si,Bachelors,Skilled Manual,1,1,0-1 Miles,Europe,1,35-40,27.2727272727273
M,M,1,Si,Bachelors,Skilled Manual,1,1,0-1 Miles,Europe,1,29-34,27.2727272727273
M,M,1,Si,Partial College,Clerical,1,1,1-2 Miles,Europe,1,35-40,27.2727272727273
M,M,1,Si,Partial College,Clerical,1,1,1-2 Miles,Europe,1,29-34,27.2727272727273
S,M,2,Si,Partial College,Clerical,1,0,1-2 Miles,Europe,1,35-40,27.2727272727273
M,F,1,No,Bachelors,Skilled Manual,1,1,0-1 Miles,Europe,0,65+,27.2727272727273
S,F,0,No,Partial High School,Manual,1,2,1-2 Miles,Europe,0,35-40,9.09090909090909
S,F,0,No,Partial High School,Manual,0,2,1-2 Miles,Europe,1,35-40,9.09090909090909
S,M,0,No,Partial High School,Manual,1,2,1-2 Miles,Europe,1,35-40,9.09090909090909
M,F,0,No,Partial High School,Manual,0,2,0-1 Miles,Europe,1,35-40,9.09090909090909
S,F,0,No,Partial High School,Manual,0,2,0-1 Miles,Europe,0,35-40,9.09090909090909
S,M,0,No,High School,Manual,0,1,2-5 Miles,Europe,0,29-34,18.1818181818182
S,F,0,No,High School,Manual,0,1,2-5 Miles,Europe,0,35-40,18.1818181818182
S,M,2,Si,Partial College,Clerical,1,1,1-2 Miles,Europe,0,35-40,27.2727272727273
S,M,2,Si,Partial College,Clerical,1,1,1-2 Miles,Europe,1,35-40,27.2727272727273
M,F,1,No,Bachelors,Clerical,1,0,0-1 Miles,Europe,1,65+,18.1818181818182
M,F,0,No,Partial College,Manual,0,1,0-1 Miles,Pacific,0,29-34,9.09090909090909
S,M,0,No,Partial College,Manual,1,1,1-2 Miles,Pacific,0,29-34,9.09090909090909
M,M,0,No,Partial College,Manual,1,1,2-5 Miles,Pacific,0,29-34,9.09090909090909
S,F,0,No,High School,Manual,1,2,0-1 Miles,Pacific,1,29-34,9.09090909090909
S,M,0,No,High School,Manual,1,2,0-1 Miles,Pacific,1,29-34,9.09090909090909
S,F,1,Si,High School,Manual,0,0,1-2 Miles,Pacific,1,29-34,9.09090909090909
M,M,0,No,Bachelors,Clerical,0,0,0-1 Miles,Pacific,1,29-34,9.09090909090909
S,F,1,Si,High School,Manual,0,0,2-5 Miles,Pacific,1,29-34,9.09090909090909
M,F,0,No,Bachelors,Clerical,1,0,0-1 Miles,Pacific,1,29-34,9.09090909090909
M,M,0,No,Bachelors,Clerical,1,0,0-1 Miles,Pacific,1,29-34,9.09090909090909
M,F,1,No,Bachelors,Clerical,1,0,0-1 Miles,Europe,1,56-65,18.1818181818182
S,M,1,Si,Partial College,Manual,0,0,0-1 Miles,Europe,0,41-45,9.09090909090909
S,F,1,Si,Partial College,Manual,0,0,1-2 Miles,Europe,1,41-45,9.09090909090909
M,F,4,No,Graduate Degree,Clerical,1,0,0-1 Miles,Europe,1,46-50,18.1818181818182
S,M,3,No,Graduate Degree,Clerical,1,0,0-1 Miles,Europe,1,35-40,18.1818181818182
S,M,1,Si,High School,Manual,0,1,2-5 Miles,Europe,0,46-50,9.09090909090909
M,F,1,Si,Partial College,Manual,1,0,1-2 Miles,Europe,1,41-45,9.09090909090909
S,M,1,Si,Partial College,Manual,0,0,1-2 Miles,Europe,1,46-50,9.09090909090909
M,M,3,No,Graduate Degree,Clerical,1,0,0-1 Miles,Europe,1,46-50,18.1818181818182
S,F,1,Si,High School,Manual,0,1,2-5 Miles,Europe,0,46-50,9.09090909090909
M,F,2,No,Partial College,Manual,1,1,0-1 Miles,Europe,1,51-55,9.09090909090909
M,F,2,No,Partial College,Manual,1,1,0-1 Miles,Europe,1,46-50,9.09090909090909
M,M,3,No,Graduate Degree,Clerical,1,0,0-1 Miles,Europe,1,46-50,18.1818181818182
M,F,3,No,Bachelors,Clerical,1,0,0-1 Miles,Europe,1,46-50,18.1818181818182
M,F,0,No,Bachelors,Clerical,1,0,0-1 Miles,Europe,1,46-50,18.1818181818182
S,F,0,No,Bachelors,Clerical,1,0,0-1 Miles,Europe,1,41-45,18.1818181818182
M,F,0,No,Bachelors,Clerical,1,0,0-1 Miles,Europe,1,46-50,18.1818181818182
S,F,2,Si,High School,Manual,1,0,0-1 Miles,Europe,1,29-34,9.09090909090909
M,M,0,No,Bachelors,Clerical,1,0,0-1 Miles,Europe,1,35-40,18.1818181818182
M,M,0,No,Graduate Degree,Clerical,0,0,0-1 Miles,Europe,1,29-34,27.2727272727273
M,F,0,No,Graduate Degree,Clerical,1,0,0-1 Miles,Europe,1,29-34,27.2727272727273
M,M,0,No,Partial College,Manual,0,1,1-2 Miles,Europe,0,35-40,9.09090909090909
S,M,0,No,Partial College,Manual,0,1,0-1 Miles,Europe,0,35-40,9.09090909090909
S,M,0,No,Partial College,Manual,1,1,2-5 Miles,Europe,0,41-45,9.09090909090909
S,M,0,No,Partial College,Manual,0,1,0-1 Miles,Europe,0,35-40,9.09090909090909
S,M,0,No,Bachelors,Clerical,1,0,0-1 Miles,Europe,1,35-40,18.1818181818182
M,M,0,No,Graduate Degree,Clerical,1,0,0-1 Miles,Europe,1,35-40,27.2727272727273
S,M,0,No,Graduate Degree,Clerical,1,0,0-1 Miles,Europe,1,35-40,27.2727272727273
M,F,0,No,Graduate Degree,Clerical,1,0,0-1 Miles,Europe,1,35-40,27.2727272727273
M,F,0,No,Graduate Degree,Clerical,1,0,0-1 Miles,Europe,1,35-40,27.2727272727273
M,M,3,No,Partial College,Manual,0,2,0-1 Miles,Europe,0,56-65,9.09090909090909
M,F,4,No,High School,Manual,0,2,0-1 Miles,Europe,0,56-65,9.09090909090909
M,F,4,Si,Partial College,Professional,1,1,10+ Miles,Europe,0,51-55,72.7272727272727
S,F,5,No,Bachelors,Management,1,2,10+ Miles,Europe,0,56-65,72.7272727272727
S,F,5,No,Partial College,Professional,0,2,10+ Miles,Europe,0,56-65,81.8181818181818
S,M,5,No,Partial College,Professional,0,2,2-5 Miles,Europe,1,56-65,81.8181818181818
M,F,3,Si,Bachelors,Management,1,4,5-10 Miles,Europe,1,56-65,90.9090909090909
M,M,3,Si,Bachelors,Management,1,4,0-1 Miles,Europe,0,56-65,90.9090909090909
M,M,5,Si,High School,Professional,1,2,10+ Miles,Europe,1,56-65,63.6363636363636
M,M,5,Si,High School,Professional,1,2,2-5 Miles,Europe,1,56-65,63.6363636363636
S,F,5,No,Partial College,Professional,0,2,10+ Miles,Europe,0,56-65,81.8181818181818
S,M,3,Si,Bachelors,Management,0,4,0-1 Miles,Europe,0,56-65,90.9090909090909
M,M,3,Si,High School,Professional,1,2,10+ Miles,Europe,1,51-55,81.8181818181818
M,M,3,Si,High School,Professional,1,2,2-5 Miles,Europe,1,51-55,81.8181818181818
S,F,3,Si,High School,Professional,1,2,10+ Miles,Europe,1,51-55,81.8181818181818
M,F,4,Si,Partial College,Professional,1,2,2-5 Miles,Europe,0,56-65,72.7272727272727
M,M,3,Si,Partial High School,Professional,1,2,0-1 Miles,Europe,1,51-55,90.9090909090909
M,M,3,Si,Bachelors,Management,1,3,10+ Miles,Europe,0,56-65,81.8181818181818
M,F,2,Si,Partial College,Professional,1,2,10+ Miles,Europe,1,56-65,90.9090909090909
S,F,3,Si,Bachelors,Management,1,3,10+ Miles,Europe,0,56-65,90.9090909090909
M,M,0,Si,Bachelors,Management,1,3,0-1 Miles,Europe,1,56-65,90.9090909090909
M,M,4,Si,Partial College,Professional,1,2,2-5 Miles,Europe,1,56-65,72.7272727272727
M,F,4,Si,Partial College,Professional,0,3,10+ Miles,Europe,0,56-65,90.9090909090909
M,F,4,Si,High School,Professional,1,3,0-1 Miles,Europe,1,56-65,90.9090909090909
M,F,5,Si,High School,Professional,1,2,10+ Miles,Europe,0,51-55,72.7272727272727
S,M,4,Si,High School,Professional,1,3,10+ Miles,Europe,0,56-65,81.8181818181818
M,M,3,Si,Partial College,Management,1,4,10+ Miles,Europe,0,56-65,81.8181818181818
M,F,4,Si,High School,Management,1,3,10+ Miles,Europe,0,56-65,81.8181818181818
M,F,4,Si,Partial College,Management,1,3,10+ Miles,Europe,0,51-55,90.9090909090909
M,F,4,Si,High School,Management,1,3,10+ Miles,Europe,0,51-55,90.9090909090909
M,F,5,Si,Partial High School,Skilled Manual,1,3,10+ Miles,Europe,0,56-65,63.6363636363636
M,F,4,Si,High School,Management,0,3,5-10 Miles,Europe,1,56-65,81.8181818181818
M,M,4,Si,High School,Management,1,3,10+ Miles,Europe,0,56-65,90.9090909090909
M,F,4,Si,High School,Management,1,4,0-1 Miles,Europe,0,56-65,90.9090909090909
M,F,5,Si,Partial High School,Professional,1,4,10+ Miles,Europe,0,56-65,90.9090909090909
S,F,5,No,Partial High School,Skilled Manual,1,2,10+ Miles,Europe,0,56-65,72.7272727272727
S,F,0,No,Bachelors,Professional,0,3,10+ Miles,Pacific,0,29-34,45.4545454545455
S,M,0,No,Bachelors,Professional,0,2,10+ Miles,Pacific,1,29-34,63.6363636363636
S,F,0,No,Bachelors,Professional,0,2,5-10 Miles,Pacific,1,29-34,63.6363636363636
M,F,0,No,Bachelors,Professional,1,3,10+ Miles,Pacific,0,29-34,63.6363636363636
M,F,0,No,Bachelors,Professional,1,2,10+ Miles,Pacific,1,29-34,72.7272727272727
M,F,0,No,Bachelors,Professional,1,4,10+ Miles,Pacific,0,35-40,63.6363636363636
S,F,0,No,Bachelors,Professional,0,3,10+ Miles,Pacific,0,29-34,72.7272727272727
M,F,0,No,Bachelors,Professional,0,3,10+ Miles,Pacific,1,35-40,72.7272727272727
M,F,0,No,Bachelors,Professional,1,3,10+ Miles,Pacific,1,29-34,81.8181818181818
S,M,0,No,Bachelors,Professional,0,3,10+ Miles,Pacific,1,35-40,81.8181818181818
M,M,0,No,Bachelors,Professional,0,3,10+ Miles,Pacific,1,35-40,81.8181818181818
M,F,0,No,Bachelors,Professional,1,3,10+ Miles,Pacific,1,35-40,81.8181818181818
M,F,0,No,Bachelors,Professional,1,3,10+ Miles,Pacific,0,35-40,72.7272727272727
M,M,0,Si,Partial College,Management,0,3,10+ Miles,Pacific,0,35-40,90.9090909090909
M,F,0,No,Bachelors,Professional,0,3,10+ Miles,Pacific,1,29-34,81.8181818181818
M,M,0,No,Bachelors,Professional,1,3,10+ Miles,Pacific,0,35-40,81.8181818181818
S,M,0,No,Bachelors,Professional,0,4,10+ Miles,Pacific,0,35-40,72.7272727272727
M,F,0,Si,Partial High School,Professional,1,4,10+ Miles,Pacific,1,29-34,90.9090909090909
M,F,0,Si,Partial High School,Professional,1,4,10+ Miles,Pacific,1,35-40,90.9090909090909
M,F,0,Si,Partial High School,Professional,1,4,10+ Miles,Pacific,1,35-40,81.8181818181818
M,F,0,Si,Partial High School,Professional,1,4,10+ Miles,Pacific,0,35-40,81.8181818181818
M,F,2,Si,Graduate Degree,Management,1,2,5-10 Miles,North America,0,65+,90.9090909090909
S,M,2,Si,Graduate Degree,Management,1,3,5-10 Miles,North America,1,65+,90.9090909090909
M,F,2,Si,Graduate Degree,Management,1,3,2-5 Miles,North America,0,65+,90.9090909090909
M,M,5,No,Bachelors,Management,1,2,10+ Miles,North America,1,65+,63.6363636363636
M,M,5,No,Bachelors,Management,1,2,1-2 Miles,North America,0,65+,72.7272727272727
M,F,5,No,Bachelors,Management,1,2,5-10 Miles,North America,0,65+,72.7272727272727
M,F,5,No,Bachelors,Management,1,2,5-10 Miles,North America,0,65+,81.8181818181818
M,F,2,Si,Graduate Degree,Management,0,3,5-10 Miles,North America,0,56-65,90.9090909090909
M,F,2,Si,Graduate Degree,Management,1,3,5-10 Miles,North America,0,65+,90.9090909090909
M,M,2,Si,Graduate Degree,Management,1,3,5-10 Miles,North America,0,65+,90.9090909090909
M,F,2,Si,Bachelors,Management,1,3,5-10 Miles,North America,0,65+,90.9090909090909
M,M,4,No,Bachelors,Management,1,2,10+ Miles,North America,0,65+,63.6363636363636
M,M,4,No,Bachelors,Management,1,2,1-2 Miles,North America,0,56-65,63.6363636363636
S,F,4,No,Bachelors,Management,1,2,10+ Miles,North America,0,56-65,63.6363636363636
M,F,0,No,Partial College,Professional,0,2,0-1 Miles,North America,1,29-34,63.6363636363636
S,F,2,No,High School,Skilled Manual,1,2,5-10 Miles,Pacific,1,46-50,72.7272727272727
M,M,2,No,High School,Skilled Manual,0,2,1-2 Miles,Pacific,1,51-55,72.7272727272727
S,F,2,No,High School,Skilled Manual,1,2,5-10 Miles,Pacific,1,51-55,63.6363636363636
S,F,2,No,High School,Skilled Manual,1,2,5-10 Miles,Pacific,1,51-55,63.6363636363636
M,M,2,No,High School,Skilled Manual,0,2,1-2 Miles,Pacific,1,46-50,63.6363636363636
S,F,2,No,High School,Professional,1,2,5-10 Miles,Pacific,1,41-45,63.6363636363636
S,M,2,No,High School,Professional,1,2,5-10 Miles,Pacific,1,51-55,63.6363636363636
M,M,0,Si,Graduate Degree,Management,1,0,5-10 Miles,Pacific,0,46-50,90.9090909090909
M,F,0,No,Bachelors,Management,0,1,0-1 Miles,North America,0,35-40,72.7272727272727
M,M,0,No,High School,Professional,1,2,5-10 Miles,North America,0,35-40,18.1818181818182
S,M,0,No,High School,Professional,1,2,5-10 Miles,North America,0,35-40,18.1818181818182
S,M,0,No,High School,Professional,0,2,1-2 Miles,North America,1,35-40,18.1818181818182
M,M,0,No,Partial College,Professional,1,2,5-10 Miles,North America,1,35-40,45.4545454545455
S,M,1,Si,Bachelors,Management,0,2,0-1 Miles,Pacific,1,46-50,90.9090909090909
M,M,0,Si,Graduate Degree,Management,1,3,0-1 Miles,Pacific,1,46-50,90.9090909090909
S,F,0,No,Graduate Degree,Management,0,1,0-1 Miles,Pacific,0,46-50,90.9090909090909
S,M,0,No,Graduate Degree,Management,0,3,0-1 Miles,Pacific,1,41-45,90.9090909090909
M,F,0,Si,Graduate Degree,Management,1,3,0-1 Miles,North America,1,41-45,90.9090909090909
M,F,0,Si,Graduate Degree,Management,1,3,0-1 Miles,North America,1,41-45,90.9090909090909
S,M,0,No,Bachelors,Management,0,2,0-1 Miles,North America,1,29-34,90.9090909090909
M,F,1,Si,Graduate Degree,Management,1,4,1-2 Miles,North America,1,51-55,90.9090909090909
M,M,2,No,Partial High School,Skilled Manual,0,2,1-2 Miles,North America,0,46-50,63.6363636363636
M,M,2,No,Partial High School,Skilled Manual,0,2,1-2 Miles,North America,0,51-55,63.6363636363636
M,F,2,No,High School,Professional,0,2,5-10 Miles,North America,0,46-50,45.4545454545455
M,F,2,No,High School,Professional,0,2,1-2 Miles,North America,0,35-40,45.4545454545455
M,M,2,No,High School,Professional,0,2,5-10 Miles,North America,0,35-40,45.4545454545455
M,F,2,No,High School,Professional,0,2,1-2 Miles,North America,0,46-50,45.4545454545455
S,M,2,Si,Partial College,Professional,1,0,5-10 Miles,North America,1,51-55,63.6363636363636
M,M,2,Si,Partial College,Professional,1,0,5-10 Miles,North America,0,41-45,63.6363636363636
M,F,3,Si,Partial College,Professional,1,0,5-10 Miles,North America,1,46-50,63.6363636363636
M,M,2,Si,Bachelors,Management,1,1,2-5 Miles,North America,1,51-55,72.7272727272727
M,F,2,No,Partial College,Professional,1,1,5-10 Miles,North America,0,46-50,81.8181818181818
M,M,3,Si,Bachelors,Professional,1,0,0-1 Miles,Pacific,0,41-45,81.8181818181818
M,F,4,Si,Bachelors,Professional,1,0,1-2 Miles,Pacific,1,41-45,81.8181818181818
S,M,1,No,Partial College,Skilled Manual,1,1,5-10 Miles,Pacific,1,46-50,63.6363636363636
M,M,1,No,Partial College,Skilled Manual,1,1,5-10 Miles,Pacific,1,46-50,63.6363636363636
S,F,1,No,Partial College,Skilled Manual,1,1,5-10 Miles,Pacific,0,46-50,45.4545454545455
S,F,0,No,Bachelors,Professional,0,1,2-5 Miles,Pacific,1,41-45,81.8181818181818
S,F,0,No,Graduate Degree,Management,0,2,0-1 Miles,Pacific,1,41-45,90.9090909090909
S,M,1,No,Partial College,Skilled Manual,1,1,5-10 Miles,Pacific,1,46-50,45.4545454545455
M,F,1,No,Partial College,Skilled Manual,1,1,5-10 Miles,Pacific,0,46-50,45.4545454545455
M,M,1,No,Partial College,Skilled Manual,1,1,0-1 Miles,Pacific,1,35-40,45.4545454545455
S,F,0,No,Bachelors,Professional,0,1,0-1 Miles,Pacific,1,35-40,63.6363636363636
M,F,5,Si,Bachelors,Professional,0,4,0-1 Miles,Pacific,0,29-34,72.7272727272727
M,F,5,Si,Bachelors,Professional,1,4,0-1 Miles,Pacific,0,41-45,72.7272727272727
M,M,5,Si,Bachelors,Professional,1,4,1-2 Miles,Pacific,0,41-45,72.7272727272727
M,M,5,Si,Bachelors,Professional,1,4,1-2 Miles,Pacific,1,41-45,72.7272727272727
S,F,0,No,Bachelors,Professional,0,1,5-10 Miles,Pacific,0,41-45,63.6363636363636
M,F,1,No,Bachelors,Professional,1,1,2-5 Miles,Pacific,1,51-55,81.8181818181818
S,M,1,No,Bachelors,Professional,1,1,2-5 Miles,Pacific,1,41-45,81.8181818181818
S,F,0,No,Bachelors,Professional,1,1,5-10 Miles,Pacific,1,46-50,63.6363636363636
S,F,0,No,Bachelors,Professional,0,2,0-1 Miles,Pacific,1,35-40,63.6363636363636
M,M,5,Si,Bachelors,Professional,0,2,0-1 Miles,Pacific,0,46-50,63.6363636363636
M,F,5,Si,Bachelors,Professional,1,2,5-10 Miles,Pacific,0,46-50,63.6363636363636
M,F,5,Si,Partial College,Skilled Manual,1,2,5-10 Miles,Pacific,0,46-50,63.6363636363636
M,M,5,Si,Partial College,Skilled Manual,0,2,0-1 Miles,Pacific,0,41-45,63.6363636363636
S,M,5,Si,Partial College,Skilled Manual,1,3,10+ Miles,Pacific,0,41-45,63.6363636363636
M,F,5,Si,Partial College,Skilled Manual,1,3,10+ Miles,Pacific,1,46-50,63.6363636363636
M,M,5,Si,Partial College,Skilled Manual,1,3,10+ Miles,Pacific,0,46-50,63.6363636363636
M,F,5,Si,Partial College,Skilled Manual,0,3,5-10 Miles,Pacific,0,41-45,63.6363636363636
M,M,5,Si,Partial College,Skilled Manual,1,3,5-10 Miles,Pacific,0,41-45,63.6363636363636
M,M,2,No,Partial College,Clerical,0,2,0-1 Miles,Pacific,0,46-50,18.1818181818182
S,M,0,No,High School,Skilled Manual,1,2,5-10 Miles,North America,0,29-34,18.1818181818182
S,F,0,No,High School,Skilled Manual,1,1,5-10 Miles,North America,0,29-34,27.2727272727273
S,F,0,No,High School,Skilled Manual,1,2,5-10 Miles,North America,0,35-40,27.2727272727273
M,F,0,No,High School,Skilled Manual,1,2,5-10 Miles,North America,0,29-34,27.2727272727273
S,F,0,No,High School,Skilled Manual,0,2,0-1 Miles,North America,0,29-34,27.2727272727273
M,M,0,No,High School,Skilled Manual,1,2,5-10 Miles,North America,0,29-34,27.2727272727273
S,F,0,No,High School,Skilled Manual,1,2,5-10 Miles,North America,0,29-34,18.1818181818182
M,M,0,No,High School,Skilled Manual,1,2,5-10 Miles,North America,0,29-34,18.1818181818182
S,M,0,No,High School,Skilled Manual,0,2,0-1 Miles,North America,0,29-34,18.1818181818182
M,M,2,No,Bachelors,Management,1,2,0-1 Miles,Pacific,0,65+,27.2727272727273
S,F,2,No,Graduate Degree,Management,1,1,5-10 Miles,Pacific,0,65+,45.4545454545455
S,F,0,No,Partial High School,Clerical,1,2,5-10 Miles,North America,0,29-34,18.1818181818182
S,F,0,No,High School,Skilled Manual,1,2,5-10 Miles,North America,0,29-34,27.2727272727273
S,F,0,No,Partial High School,Clerical,0,2,5-10 Miles,North America,0,29-34,18.1818181818182
S,F,0,No,High School,Skilled Manual,0,2,0-1 Miles,North America,1,29-34,27.2727272727273
M,F,2,No,Partial College,Clerical,0,2,5-10 Miles,Pacific,0,65+,18.1818181818182
S,M,2,No,Bachelors,Management,1,2,5-10 Miles,Pacific,0,65+,27.2727272727273
M,F,2,No,Bachelors,Management,1,2,0-1 Miles,Pacific,1,65+,27.2727272727273
M,M,2,No,Bachelors,Management,1,2,5-10 Miles,Pacific,1,65+,27.2727272727273
S,M,2,No,Bachelors,Management,1,2,5-10 Miles,Pacific,1,65+,27.2727272727273
S,F,2,No,Graduate Degree,Management,1,1,5-10 Miles,Pacific,1,65+,45.4545454545455
S,F,0,No,Partial College,Skilled Manual,0,1,1-2 Miles,North America,1,29-34,27.2727272727273
S,M,0,No,Partial College,Skilled Manual,0,1,5-10 Miles,North America,0,29-34,27.2727272727273
S,M,0,No,Partial College,Skilled Manual,0,1,5-10 Miles,North America,0,29-34,27.2727272727273
S,F,0,No,High School,Skilled Manual,0,2,5-10 Miles,North America,0,29-34,27.2727272727273
S,F,0,No,Partial College,Skilled Manual,0,1,5-10 Miles,North America,0,29-34,18.1818181818182
S,M,0,No,Partial College,Skilled Manual,1,1,5-10 Miles,North America,0,35-40,18.1818181818182
M,F,0,No,Partial College,Skilled Manual,1,2,5-10 Miles,North America,1,35-40,63.6363636363636
S,M,0,No,Bachelors,Management,0,1,1-2 Miles,North America,1,29-34,72.7272727272727
M,F,0,No,Bachelors,Management,1,1,1-2 Miles,North America,1,29-34,72.7272727272727
S,M,0,No,Bachelors,Management,0,1,0-1 Miles,North America,1,41-45,72.7272727272727
M,F,0,No,Bachelors,Management,1,1,1-2 Miles,North America,1,41-45,72.7272727272727
M,F,0,No,Bachelors,Management,0,1,0-1 Miles,North America,1,41-45,72.7272727272727
S,M,0,No,Bachelors,Management,1,1,1-2 Miles,North America,1,35-40,72.7272727272727
M,M,4,Si,Bachelors,Management,1,0,1-2 Miles,North America,0,35-40,81.8181818181818
M,F,4,Si,Bachelors,Management,1,1,0-1 Miles,North America,0,35-40,81.8181818181818
S,F,0,Si,Graduate Degree,Management,1,0,5-10 Miles,North America,0,41-45,90.9090909090909
S,F,0,Si,Graduate Degree,Management,0,1,0-1 Miles,North America,1,35-40,90.9090909090909
S,F,0,Si,Graduate Degree,Management,0,2,1-2 Miles,North America,1,41-45,90.9090909090909
S,M,0,No,Bachelors,Management,0,3,0-1 Miles,North America,1,35-40,90.9090909090909
M,F,0,Si,Bachelors,Management,1,0,10+ Miles,North America,0,41-45,90.9090909090909
M,F,0,Si,Bachelors,Management,0,1,10+ Miles,North America,0,41-45,90.9090909090909
M,M,4,Si,Bachelors,Management,1,0,1-2 Miles,North America,0,46-50,72.7272727272727
M,M,4,Si,Bachelors,Management,1,1,0-1 Miles,North America,0,41-45,81.8181818181818
S,F,4,No,Graduate Degree,Skilled Manual,1,0,1-2 Miles,North America,0,46-50,45.4545454545455
M,M,4,No,Graduate Degree,Skilled Manual,0,0,0-1 Miles,North America,0,46-50,45.4545454545455
S,F,4,No,Graduate Degree,Skilled Manual,1,0,1-2 Miles,North America,0,51-55,45.4545454545455
S,M,4,Si,Partial College,Clerical,1,2,1-2 Miles,North America,1,35-40,27.2727272727273
S,M,4,Si,Partial College,Clerical,1,2,0-1 Miles,North America,0,35-40,27.2727272727273
S,F,0,No,Graduate Degree,Skilled Manual,1,0,1-2 Miles,North America,1,35-40,45.4545454545455
M,M,0,No,Graduate Degree,Skilled Manual,0,0,0-1 Miles,North America,0,35-40,45.4545454545455
S,F,0,No,Graduate Degree,Skilled Manual,0,0,0-1 Miles,North America,0,29-34,45.4545454545455
S,F,4,Si,High School,Skilled Manual,1,3,10+ Miles,North America,1,35-40,27.2727272727273
S,F,1,No,Graduate Degree,Skilled Manual,1,0,0-1 Miles,North America,0,29-34,45.4545454545455
S,F,1,No,Graduate Degree,Skilled Manual,1,0,0-1 Miles,North America,0,35-40,45.4545454545455
S,M,1,No,Graduate Degree,Skilled Manual,1,0,1-2 Miles,North America,0,35-40,45.4545454545455
S,F,1,No,Graduate Degree,Skilled Manual,1,0,1-2 Miles,North America,0,35-40,45.4545454545455
S,F,1,No,Graduate Degree,Skilled Manual,1,0,1-2 Miles,North America,0,35-40,45.4545454545455
M,M,1,Si,Graduate Degree,Skilled Manual,1,0,1-2 Miles,North America,0,35-40,45.4545454545455
M,F,1,Si,Graduate Degree,Skilled Manual,1,0,1-2 Miles,North America,0,29-34,45.4545454545455
M,F,1,No,Graduate Degree,Professional,1,0,0-1 Miles,North America,1,29-34,63.6363636363636
M,M,4,No,Bachelors,Management,0,2,1-2 Miles,North America,0,56-65,63.6363636363636
M,M,4,No,Bachelors,Management,1,2,1-2 Miles,North America,0,65+,63.6363636363636
M,M,5,No,Bachelors,Management,1,2,1-2 Miles,North America,1,56-65,63.6363636363636
M,M,5,No,Bachelors,Management,1,2,10+ Miles,North America,0,56-65,63.6363636363636
M,M,5,No,Bachelors,Management,1,2,10+ Miles,North America,0,56-65,63.6363636363636
M,M,5,No,Bachelors,Management,1,2,2-5 Miles,North America,0,56-65,63.6363636363636
M,M,5,No,Bachelors,Management,0,3,2-5 Miles,North America,0,56-65,63.6363636363636
M,F,4,No,Bachelors,Management,1,2,10+ Miles,North America,1,56-65,45.4545454545455
S,M,4,No,Bachelors,Management,1,2,10+ Miles,North America,1,56-65,45.4545454545455
M,M,4,No,Bachelors,Management,1,2,2-5 Miles,North America,0,56-65,45.4545454545455
M,M,4,No,Bachelors,Management,0,2,2-5 Miles,North America,0,56-65,45.4545454545455
S,M,4,No,Bachelors,Management,1,3,10+ Miles,North America,1,56-65,45.4545454545455
S,M,5,No,Bachelors,Management,1,3,10+ Miles,North America,1,56-65,45.4545454545455
M,F,5,No,Bachelors,Management,1,3,10+ Miles,North America,0,56-65,45.4545454545455
M,F,5,No,Bachelors,Management,1,2,10+ Miles,North America,1,56-65,63.6363636363636
M,M,4,Si,Bachelors,Management,1,1,10+ Miles,North America,1,56-65,63.6363636363636
S,M,2,Si,Bachelors,Management,1,0,10+ Miles,North America,1,56-65,45.4545454545455
M,M,4,Si,Bachelors,Management,0,1,1-2 Miles,North America,0,56-65,63.6363636363636
S,F,2,Si,High School,Professional,1,2,10+ Miles,North America,1,51-55,27.2727272727273
M,F,2,Si,High School,Professional,1,2,10+ Miles,North America,1,56-65,27.2727272727273
M,F,2,Si,High School,Professional,1,2,2-5 Miles,North America,0,41-45,27.2727272727273
S,F,2,Si,Bachelors,Management,1,0,10+ Miles,North America,0,41-45,45.4545454545455
M,M,2,Si,Bachelors,Management,1,0,10+ Miles,North America,0,56-65,45.4545454545455
S,F,4,Si,Partial College,Professional,1,2,10+ Miles,North America,1,56-65,63.6363636363636
M,M,2,Si,Partial College,Professional,0,2,2-5 Miles,North America,0,56-65,45.4545454545455
M,M,4,Si,Partial College,Professional,1,2,10+ Miles,North America,1,56-65,63.6363636363636
S,M,2,Si,Partial High School,Skilled Manual,1,2,10+ Miles,North America,1,51-55,27.2727272727273
S,F,2,Si,Partial College,Professional,0,2,2-5 Miles,North America,1,56-65,45.4545454545455
M,M,2,Si,Partial College,Professional,1,2,2-5 Miles,North America,1,56-65,45.4545454545455
M,F,2,Si,Partial College,Professional,1,1,2-5 Miles,North America,1,56-65,45.4545454545455
M,F,2,Si,Partial College,Professional,1,1,10+ Miles,North America,1,56-65,45.4545454545455
S,F,2,Si,High School,Professional,1,2,2-5 Miles,North America,1,56-65,63.6363636363636
S,F,2,Si,High School,Professional,1,2,10+ Miles,North America,1,56-65,63.6363636363636
M,M,2,Si,Partial College,Professional,0,1,2-5 Miles,North America,0,56-65,45.4545454545455
M,M,2,Si,Partial College,Professional,1,2,10+ Miles,North America,1,41-45,45.4545454545455
M,F,2,Si,Partial College,Professional,1,2,10+ Miles,North America,1,56-65,45.4545454545455
M,M,4,Si,Partial College,Professional,0,1,2-5 Miles,North America,0,56-65,63.6363636363636
M,F,2,Si,High School,Professional,1,2,10+ Miles,North America,0,51-55,45.4545454545455
S,F,3,Si,High School,Professional,1,2,10+ Miles,North America,0,56-65,45.4545454545455
M,M,3,Si,High School,Professional,1,2,2-5 Miles,North America,1,56-65,45.4545454545455
S,M,4,Si,Partial College,Professional,1,2,10+ Miles,North America,1,51-55,63.6363636363636
S,M,4,Si,Partial College,Professional,1,2,10+ Miles,North America,1,56-65,63.6363636363636
M,M,4,Si,Partial College,Professional,0,2,2-5 Miles,North America,1,56-65,63.6363636363636
M,F,4,Si,Partial College,Professional,1,2,10+ Miles,North America,1,56-65,63.6363636363636
S,M,5,Si,Partial College,Professional,1,2,10+ Miles,North America,1,56-65,63.6363636363636
M,F,2,Si,Partial College,Professional,1,1,0-1 Miles,Europe,0,51-55,90.9090909090909
S,M,2,Si,Partial College,Professional,1,4,5-10 Miles,Europe,1,51-55,81.8181818181818
S,M,2,Si,Partial College,Professional,1,4,5-10 Miles,Europe,1,46-50,81.8181818181818
M,M,2,Si,High School,Professional,1,4,0-1 Miles,Europe,0,46-50,90.9090909090909
S,M,2,Si,High School,Professional,1,4,5-10 Miles,Europe,1,46-50,81.8181818181818
M,M,2,Si,High School,Professional,1,4,5-10 Miles,Europe,1,51-55,81.8181818181818
M,M,3,Si,Partial College,Professional,0,4,5-10 Miles,Europe,1,51-55,90.9090909090909
S,F,3,Si,High School,Professional,1,4,5-10 Miles,Europe,1,51-55,90.9090909090909
S,M,3,Si,High School,Professional,1,4,5-10 Miles,Europe,1,51-55,90.9090909090909
S,F,3,Si,High School,Professional,1,4,5-10 Miles,Europe,1,51-55,90.9090909090909
M,F,3,Si,High School,Professional,1,3,5-10 Miles,Europe,1,51-55,90.9090909090909
M,F,2,Si,High School,Professional,1,4,10+ Miles,Europe,0,51-55,81.8181818181818
M,M,3,Si,Partial College,Professional,1,4,5-10 Miles,Europe,1,51-55,90.9090909090909
M,F,3,Si,Partial College,Professional,1,3,0-1 Miles,Europe,1,51-55,90.9090909090909
S,M,2,Si,High School,Professional,0,3,0-1 Miles,Europe,1,46-50,90.9090909090909
S,F,3,No,Partial College,Professional,1,2,5-10 Miles,North America,1,51-55,63.6363636363636
M,F,3,No,Graduate Degree,Management,0,2,0-1 Miles,North America,0,65+,63.6363636363636
M,F,4,No,Bachelors,Management,1,1,5-10 Miles,North America,0,65+,81.8181818181818
M,F,5,Si,Partial College,Professional,1,3,2-5 Miles,North America,1,41-45,81.8181818181818
M,M,4,Si,Partial College,Professional,1,4,0-1 Miles,North America,0,35-40,81.8181818181818
M,F,4,Si,Partial College,Professional,1,4,0-1 Miles,North America,0,41-45,81.8181818181818
M,M,4,Si,Partial College,Professional,1,4,0-1 Miles,North America,0,41-45,81.8181818181818
S,F,3,Si,Bachelors,Management,0,4,1-2 Miles,North America,1,41-45,90.9090909090909
M,M,4,Si,Bachelors,Management,1,0,2-5 Miles,North America,0,35-40,72.7272727272727
M,M,4,Si,Partial College,Professional,0,1,0-1 Miles,North America,0,46-50,72.7272727272727
M,M,5,Si,Partial College,Professional,1,3,0-1 Miles,North America,1,41-45,81.8181818181818
M,F,4,Si,Partial College,Professional,1,0,0-1 Miles,North America,0,35-40,81.8181818181818
S,M,3,Si,Bachelors,Management,0,4,1-2 Miles,North America,0,41-45,90.9090909090909
M,F,4,Si,Partial College,Professional,1,4,2-5 Miles,North America,0,41-45,90.9090909090909
S,F,2,Si,Bachelors,Management,0,3,0-1 Miles,North America,1,41-45,90.9090909090909
M,F,3,Si,Bachelors,Management,1,3,1-2 Miles,North America,1,35-40,90.9090909090909
M,F,3,Si,Partial College,Professional,1,1,0-1 Miles,North America,0,51-55,63.6363636363636
M,F,4,Si,Partial College,Professional,1,0,5-10 Miles,North America,0,51-55,63.6363636363636
M,M,2,Si,Partial College,Professional,0,0,2-5 Miles,North America,1,51-55,81.8181818181818
M,M,2,No,Graduate Degree,Management,1,2,5-10 Miles,North America,1,65+,45.4545454545455
M,M,0,Si,Partial College,Professional,1,1,0-1 Miles,North America,1,35-40,81.8181818181818
M,M,4,Si,Bachelors,Management,1,4,5-10 Miles,North America,0,35-40,90.9090909090909
M,M,3,Si,Bachelors,Management,1,4,1-2 Miles,North America,0,41-45,90.9090909090909
S,M,3,Si,Bachelors,Management,0,4,0-1 Miles,North America,0,46-50,90.9090909090909
M,F,4,Si,Partial College,Professional,1,0,5-10 Miles,North America,0,46-50,81.8181818181818
M,M,1,Si,Partial College,Professional,1,3,5-10 Miles,North America,1,46-50,81.8181818181818
M,F,1,Si,Partial College,Professional,0,4,2-5 Miles,North America,0,46-50,90.9090909090909
S,F,1,Si,Partial College,Professional,0,2,0-1 Miles,North America,1,35-40,90.9090909090909
S,M,4,Si,High School,Professional,1,2,5-10 Miles,North America,0,41-45,81.8181818181818
S,F,4,Si,High School,Professional,0,2,1-2 Miles,North America,0,35-40,81.8181818181818
S,M,1,Si,Bachelors,Management,0,2,0-1 Miles,North America,1,41-45,90.9090909090909
S,F,1,Si,Partial College,Professional,0,3,0-1 Miles,North America,1,46-50,90.9090909090909
M,F,2,No,High School,Professional,0,2,1-2 Miles,North America,0,51-55,45.4545454545455
M,M,4,Si,High School,Professional,1,0,1-2 Miles,North America,0,51-55,63.6363636363636
S,M,4,Si,High School,Professional,1,0,5-10 Miles,North America,1,46-50,63.6363636363636
S,M,2,Si,High School,Professional,1,1,10+ Miles,North America,1,35-40,81.8181818181818
S,M,2,No,Partial High School,Skilled Manual,0,2,1-2 Miles,North America,0,46-50,72.7272727272727
M,M,2,No,Graduate Degree,Management,1,2,1-2 Miles,North America,0,65+,45.4545454545455
M,F,4,No,Graduate Degree,Management,1,2,1-2 Miles,North America,1,65+,63.6363636363636
M,M,2,No,Graduate Degree,Management,1,2,1-2 Miles,North America,0,65+,45.4545454545455
M,M,5,Si,Partial College,Professional,1,3,5-10 Miles,North America,0,46-50,72.7272727272727
S,F,4,Si,High School,Professional,0,2,1-2 Miles,North America,0,41-45,81.8181818181818
S,M,4,Si,High School,Professional,1,3,5-10 Miles,North America,1,46-50,81.8181818181818
M,F,4,Si,High School,Professional,1,3,1-2 Miles,North America,0,46-50,81.8181818181818
M,M,4,Si,High School,Professional,1,3,5-10 Miles,North America,0,46-50,81.8181818181818
M,F,4,Si,High School,Professional,1,3,5-10 Miles,North America,0,46-50,81.8181818181818
S,F,3,Si,Partial College,Professional,1,4,5-10 Miles,North America,1,46-50,81.8181818181818
S,M,0,Si,Partial College,Professional,0,2,1-2 Miles,North America,0,46-50,81.8181818181818
M,M,5,Si,Partial College,Professional,1,4,2-5 Miles,North America,0,46-50,90.9090909090909
M,F,1,Si,Partial College,Professional,1,3,0-1 Miles,North America,1,46-50,90.9090909090909
M,M,1,Si,Bachelors,Management,1,2,0-1 Miles,North America,1,46-50,90.9090909090909
M,M,1,Si,Bachelors,Management,1,3,2-5 Miles,North America,1,46-50,90.9090909090909
S,M,2,No,Partial High School,Skilled Manual,1,2,5-10 Miles,North America,1,51-55,45.4545454545455
M,F,2,No,Partial High School,Skilled Manual,1,2,5-10 Miles,North America,1,41-45,45.4545454545455
M,M,3,Si,High School,Professional,1,0,5-10 Miles,North America,0,51-55,63.6363636363636
M,F,3,Si,High School,Professional,1,0,1-2 Miles,North America,1,46-50,63.6363636363636
S,M,3,No,Graduate Degree,Management,1,2,5-10 Miles,North America,1,51-55,63.6363636363636
M,M,3,No,Graduate Degree,Management,1,2,1-2 Miles,North America,1,56-65,63.6363636363636
S,F,3,No,Graduate Degree,Management,1,2,5-10 Miles,North America,1,56-65,63.6363636363636
M,M,3,No,Graduate Degree,Management,1,2,5-10 Miles,North America,1,56-65,45.4545454545455
M,F,3,No,Partial College,Professional,0,2,5-10 Miles,North America,1,56-65,27.2727272727273
M,F,3,No,Partial College,Professional,0,2,1-2 Miles,North America,1,56-65,27.2727272727273
M,F,3,No,Partial College,Professional,0,2,1-2 Miles,North America,1,51-55,27.2727272727273
M,F,4,No,Graduate Degree,Management,1,2,10+ Miles,North America,1,65+,63.6363636363636
M,F,4,No,Graduate Degree,Management,1,2,1-2 Miles,North America,1,65+,63.6363636363636
M,F,4,No,Graduate Degree,Management,1,2,1-2 Miles,North America,1,65+,63.6363636363636
M,F,4,No,Graduate Degree,Management,1,2,10+ Miles,North America,1,65+,63.6363636363636
M,M,4,No,Graduate Degree,Management,1,2,5-10 Miles,North America,0,65+,72.7272727272727
M,F,2,Si,Graduate Degree,Management,1,4,5-10 Miles,North America,0,65+,90.9090909090909
M,F,2,Si,Graduate Degree,Management,1,3,2-5 Miles,North America,0,65+,90.9090909090909
M,M,5,No,Bachelors,Management,1,2,1-2 Miles,North America,1,65+,81.8181818181818
S,M,5,No,Bachelors,Management,1,2,5-10 Miles,North America,0,65+,81.8181818181818
M,F,2,Si,Graduate Degree,Management,1,0,5-10 Miles,North America,0,65+,90.9090909090909
M,F,5,No,Bachelors,Management,1,2,1-2 Miles,North America,1,65+,81.8181818181818
M,F,2,Si,Graduate Degree,Management,1,1,5-10 Miles,North America,0,65+,90.9090909090909
S,M,1,Si,Graduate Degree,Management,0,4,0-1 Miles,North America,0,65+,90.9090909090909
M,F,2,Si,Graduate Degree,Management,1,3,5-10 Miles,North America,0,65+,90.9090909090909
M,F,2,Si,Bachelors,Management,1,4,0-1 Miles,North America,1,65+,90.9090909090909
S,F,4,Si,Bachelors,Management,0,2,1-2 Miles,North America,0,41-45,81.8181818181818
S,M,4,Si,Partial College,Skilled Manual,0,3,1-2 Miles,North America,0,41-45,81.8181818181818
M,M,2,Si,Bachelors,Management,1,4,2-5 Miles,North America,0,35-40,90.9090909090909
S,F,0,No,Partial College,Skilled Manual,0,1,1-2 Miles,North America,1,29-34,18.1818181818182
M,M,4,No,High School,Skilled Manual,1,2,5-10 Miles,Pacific,0,56-65,9.09090909090909
M,M,0,No,Partial College,Skilled Manual,0,1,1-2 Miles,North America,0,29-34,45.4545454545455
S,F,0,No,Partial College,Skilled Manual,0,1,1-2 Miles,North America,0,29-34,45.4545454545455
S,F,0,No,Partial College,Skilled Manual,1,2,5-10 Miles,North America,1,29-34,45.4545454545455
M,M,0,No,High School,Skilled Manual,1,2,5-10 Miles,North America,1,29-34,27.2727272727273
S,F,0,No,Partial High School,Clerical,0,2,1-2 Miles,North America,1,29-34,27.2727272727273
S,M,0,No,Partial High School,Clerical,0,2,1-2 Miles,North America,1,29-34,27.2727272727273
S,M,2,Si,High School,Skilled Manual,1,2,5-10 Miles,Pacific,0,56-65,9.09090909090909
M,M,0,No,Partial College,Skilled Manual,1,1,5-10 Miles,North America,0,29-34,27.2727272727273
M,M,2,Si,Partial High School,Clerical,1,2,1-2 Miles,Pacific,1,56-65,9.09090909090909
M,M,2,No,Partial College,Clerical,0,2,5-10 Miles,Pacific,1,56-65,18.1818181818182
M,F,2,No,Partial College,Clerical,0,2,1-2 Miles,Pacific,1,56-65,18.1818181818182
M,M,2,No,Partial College,Clerical,0,2,5-10 Miles,Pacific,1,56-65,18.1818181818182
M,F,2,No,Partial College,Clerical,0,2,1-2 Miles,Pacific,1,56-65,18.1818181818182
M,M,4,No,High School,Skilled Manual,1,2,5-10 Miles,Pacific,0,56-65,9.09090909090909
M,M,2,No,Partial College,Clerical,0,2,1-2 Miles,Pacific,1,56-65,18.1818181818182
M,M,2,Si,Partial High School,Clerical,1,2,1-2 Miles,Pacific,0,56-65,9.09090909090909
M,F,0,No,Graduate Degree,Manual,1,0,0-1 Miles,Europe,1,35-40,9.09090909090909
M,F,1,No,Graduate Degree,Manual,1,0,0-1 Miles,Europe,0,46-50,9.09090909090909
M,M,1,No,Graduate Degree,Manual,1,0,0-1 Miles,Europe,0,35-40,9.09090909090909
M,F,1,No,Bachelors,Manual,1,0,0-1 Miles,Europe,0,46-50,9.09090909090909
M,F,1,No,Bachelors,Manual,1,0,0-1 Miles,Europe,0,46-50,9.09090909090909
M,M,1,No,Bachelors,Manual,1,0,0-1 Miles,Europe,0,35-40,9.09090909090909
M,M,1,No,Bachelors,Manual,1,0,0-1 Miles,Europe,0,46-50,9.09090909090909
M,M,1,No,Graduate Degree,Clerical,1,0,0-1 Miles,Europe,0,35-40,9.09090909090909
S,M,1,No,Graduate Degree,Clerical,1,0,0-1 Miles,Europe,0,46-50,9.09090909090909
S,M,1,No,Graduate Degree,Clerical,1,0,0-1 Miles,Europe,0,65+,9.09090909090909
S,M,1,No,Bachelors,Manual,1,0,0-1 Miles,Europe,0,35-40,9.09090909090909
M,F,1,No,Bachelors,Manual,1,0,0-1 Miles,Europe,0,51-55,9.09090909090909
M,F,1,No,Graduate Degree,Clerical,1,0,0-1 Miles,Europe,1,46-50,9.09090909090909
S,F,1,No,Graduate Degree,Clerical,1,0,0-1 Miles,Europe,1,46-50,9.09090909090909
M,F,1,No,Partial College,Manual,1,0,0-1 Miles,Europe,0,46-50,9.09090909090909
S,F,1,No,Partial College,Manual,1,0,0-1 Miles,Europe,0,35-40,9.09090909090909
M,F,1,No,Partial College,Manual,1,0,0-1 Miles,Europe,0,46-50,9.09090909090909
M,M,1,No,Partial College,Manual,1,0,0-1 Miles,Europe,0,51-55,9.09090909090909
M,M,1,No,Bachelors,Clerical,1,0,0-1 Miles,Europe,1,41-45,9.09090909090909
M,M,1,No,Bachelors,Clerical,1,0,0-1 Miles,Europe,1,51-55,9.09090909090909
M,M,1,No,Bachelors,Clerical,1,0,0-1 Miles,Europe,1,46-50,9.09090909090909
S,M,1,No,Bachelors,Clerical,1,0,0-1 Miles,Europe,1,51-55,9.09090909090909
M,M,2,No,Partial College,Manual,1,0,1-2 Miles,Europe,0,51-55,9.09090909090909
M,F,2,No,Partial College,Manual,1,1,0-1 Miles,Europe,0,46-50,9.09090909090909
M,F,2,No,Partial College,Manual,1,1,1-2 Miles,Europe,0,46-50,9.09090909090909
M,F,2,No,Partial College,Manual,1,1,0-1 Miles,Europe,0,46-50,9.09090909090909
M,M,1,No,Bachelors,Clerical,1,0,0-1 Miles,Europe,0,65+,9.09090909090909
M,M,1,Si,Bachelors,Skilled Manual,1,0,0-1 Miles,North America,0,35-40,45.4545454545455
M,M,1,Si,Bachelors,Skilled Manual,1,0,2-5 Miles,North America,1,29-34,45.4545454545455
M,F,1,Si,Bachelors,Skilled Manual,1,1,0-1 Miles,North America,0,29-34,45.4545454545455
M,M,1,Si,Bachelors,Skilled Manual,1,1,0-1 Miles,North America,0,29-34,45.4545454545455
M,F,1,Si,Bachelors,Skilled Manual,1,1,0-1 Miles,North America,0,41-45,45.4545454545455
S,F,2,Si,Bachelors,Skilled Manual,1,0,2-5 Miles,North America,1,35-40,45.4545454545455
M,M,2,Si,Bachelors,Skilled Manual,1,0,2-5 Miles,North America,1,35-40,45.4545454545455
S,F,2,Si,Bachelors,Skilled Manual,0,0,0-1 Miles,North America,1,35-40,45.4545454545455
S,M,2,Si,Bachelors,Skilled Manual,0,0,0-1 Miles,North America,1,41-45,45.4545454545455
S,F,2,Si,Bachelors,Skilled Manual,1,0,2-5 Miles,North America,1,35-40,45.4545454545455
S,F,1,No,Graduate Degree,Professional,1,0,2-5 Miles,North America,0,35-40,45.4545454545455
M,F,1,No,Graduate Degree,Professional,1,0,0-1 Miles,North America,0,35-40,45.4545454545455
M,M,1,No,Graduate Degree,Professional,1,0,2-5 Miles,North America,0,29-34,45.4545454545455
S,F,1,No,Graduate Degree,Professional,1,0,2-5 Miles,North America,0,35-40,45.4545454545455
M,M,1,No,Graduate Degree,Professional,1,0,2-5 Miles,North America,0,35-40,45.4545454545455
S,F,1,No,Graduate Degree,Professional,1,0,2-5 Miles,North America,0,35-40,45.4545454545455
M,F,1,No,Graduate Degree,Professional,1,0,0-1 Miles,North America,0,29-34,45.4545454545455
M,F,2,No,Graduate Degree,Professional,1,0,0-1 Miles,North America,1,29-34,63.6363636363636
M,F,3,No,Graduate Degree,Professional,1,0,0-1 Miles,North America,1,35-40,63.6363636363636
M,F,1,No,Graduate Degree,Professional,1,0,0-1 Miles,North America,1,35-40,72.7272727272727
S,M,4,Si,High School,Skilled Manual,1,3,10+ Miles,North America,1,41-45,27.2727272727273
M,M,2,Si,Bachelors,Skilled Manual,1,1,2-5 Miles,North America,1,41-45,63.6363636363636
S,F,2,Si,Bachelors,Skilled Manual,0,1,0-1 Miles,North America,0,35-40,63.6363636363636
M,F,5,Si,High School,Skilled Manual,1,1,0-1 Miles,North America,1,41-45,27.2727272727273
S,F,0,No,Bachelors,Professional,0,1,0-1 Miles,North America,0,41-45,27.2727272727273
M,M,1,No,Graduate Degree,Professional,1,0,2-5 Miles,North America,0,35-40,45.4545454545455
M,M,4,No,Graduate Degree,Professional,1,0,2-5 Miles,North America,1,35-40,63.6363636363636
S,M,4,No,Graduate Degree,Professional,1,0,2-5 Miles,North America,1,35-40,63.6363636363636
S,M,0,No,Bachelors,Professional,0,1,2-5 Miles,North America,0,41-45,27.2727272727273
M,M,2,Si,Bachelors,Skilled Manual,1,1,0-1 Miles,North America,0,41-45,45.4545454545455
S,F,2,Si,Bachelors,Skilled Manual,1,1,2-5 Miles,North America,1,41-45,45.4545454545455
S,F,2,Si,Bachelors,Skilled Manual,0,1,0-1 Miles,North America,0,29-34,45.4545454545455
M,F,0,No,Graduate Degree,Professional,1,0,2-5 Miles,North America,0,41-45,45.4545454545455
S,F,0,No,Graduate Degree,Professional,1,0,2-5 Miles,North America,1,41-45,45.4545454545455
S,F,0,No,Graduate Degree,Professional,1,0,2-5 Miles,North America,1,35-40,45.4545454545455
M,M,4,No,Graduate Degree,Professional,1,0,0-1 Miles,North America,1,41-45,63.6363636363636
M,M,2,No,Graduate Degree,Professional,1,0,0-1 Miles,North America,0,41-45,45.4545454545455
S,F,2,No,Graduate Degree,Professional,1,0,2-5 Miles,North America,0,35-40,45.4545454545455
M,F,5,No,Graduate Degree,Professional,1,0,0-1 Miles,North America,1,35-40,63.6363636363636
M,M,5,Si,Graduate Degree,Professional,1,2,0-1 Miles,North America,0,35-40,63.6363636363636
S,M,5,Si,Graduate Degree,Professional,1,3,10+ Miles,North America,1,35-40,63.6363636363636
M,F,2,No,Graduate Degree,Professional,1,0,0-1 Miles,North America,1,35-40,72.7272727272727
S,M,0,No,Bachelors,Professional,0,1,0-1 Miles,North America,1,41-45,27.2727272727273
S,F,3,Si,Bachelors,Skilled Manual,1,1,0-1 Miles,North America,1,29-34,72.7272727272727
S,F,3,Si,Bachelors,Skilled Manual,1,2,2-5 Miles,North America,1,41-45,72.7272727272727
S,F,3,Si,Bachelors,Skilled Manual,1,3,10+ Miles,North America,1,41-45,72.7272727272727
M,M,0,No,Graduate Degree,Professional,1,1,2-5 Miles,North America,0,41-45,45.4545454545455
S,F,4,Si,Bachelors,Skilled Manual,1,2,2-5 Miles,North America,0,29-34,45.4545454545455
S,M,4,Si,Bachelors,Skilled Manual,0,2,0-1 Miles,North America,1,35-40,45.4545454545455
S,M,4,Si,Bachelors,Skilled Manual,1,2,2-5 Miles,North America,1,41-45,45.4545454545455
M,M,4,Si,Bachelors,Skilled Manual,1,2,0-1 Miles,North America,1,41-45,45.4545454545455
S,F,4,Si,Bachelors,Skilled Manual,1,2,0-1 Miles,North America,1,35-40,63.6363636363636
S,M,4,Si,Bachelors,Professional,1,2,2-5 Miles,North America,1,46-50,63.6363636363636
S,M,4,Si,Bachelors,Professional,0,2,0-1 Miles,North America,1,35-40,63.6363636363636
M,M,4,Si,Bachelors,Professional,1,2,2-5 Miles,North America,1,46-50,63.6363636363636
S,F,0,No,Bachelors,Professional,0,1,0-1 Miles,North America,0,41-45,63.6363636363636
S,M,0,No,Bachelors,Professional,1,1,2-5 Miles,North America,1,41-45,63.6363636363636
M,M,4,Si,High School,Skilled Manual,1,2,0-1 Miles,North America,0,46-50,27.2727272727273
M,M,1,No,Bachelors,Professional,0,1,0-1 Miles,North America,1,46-50,63.6363636363636
M,F,4,Si,High School,Skilled Manual,1,2,2-5 Miles,North America,0,46-50,27.2727272727273
M,M,4,Si,High School,Skilled Manual,1,3,10+ Miles,North America,0,35-40,27.2727272727273
M,F,4,Si,High School,Skilled Manual,0,2,0-1 Miles,North America,1,46-50,27.2727272727273
M,M,4,Si,High School,Skilled Manual,1,2,0-1 Miles,North America,1,46-50,27.2727272727273
M,F,4,Si,High School,Skilled Manual,1,2,2-5 Miles,North America,1,46-50,27.2727272727273
M,M,4,Si,High School,Skilled Manual,1,2,0-1 Miles,North America,1,46-50,27.2727272727273
M,F,1,No,Partial College,Skilled Manual,1,1,2-5 Miles,North America,1,46-50,45.4545454545455
M,F,1,No,Partial College,Skilled Manual,1,1,2-5 Miles,North America,1,46-50,45.4545454545455
M,F,1,No,Partial College,Skilled Manual,1,1,0-1 Miles,North America,1,29-34,45.4545454545455
M,F,1,No,Partial College,Skilled Manual,1,1,2-5 Miles,North America,1,35-40,45.4545454545455
S,F,4,Si,High School,Skilled Manual,1,2,2-5 Miles,North America,1,46-50,27.2727272727273
S,F,0,No,Bachelors,Professional,0,1,2-5 Miles,North America,0,41-45,27.2727272727273
S,M,0,No,Bachelors,Professional,0,1,2-5 Miles,North America,0,46-50,27.2727272727273
M,F,1,No,Partial College,Skilled Manual,1,1,0-1 Miles,North America,1,41-45,45.4545454545455
S,M,0,No,Partial College,Skilled Manual,0,1,0-1 Miles,North America,0,35-40,45.4545454545455
S,M,0,No,Partial College,Skilled Manual,0,1,2-5 Miles,North America,0,41-45,45.4545454545455
S,F,0,No,Partial College,Skilled Manual,0,1,2-5 Miles,North America,1,41-45,45.4545454545455
S,M,0,No,Partial College,Skilled Manual,0,1,2-5 Miles,North America,1,41-45,45.4545454545455
S,M,0,No,Partial College,Skilled Manual,1,1,2-5 Miles,North America,1,41-45,45.4545454545455
S,M,0,No,Graduate Degree,Professional,0,1,2-5 Miles,North America,1,41-45,45.4545454545455
M,F,1,No,Partial College,Skilled Manual,1,1,0-1 Miles,North America,1,41-45,45.4545454545455
M,M,1,No,Partial College,Skilled Manual,1,1,0-1 Miles,North America,1,41-45,45.4545454545455
M,F,1,No,Partial College,Skilled Manual,1,1,2-5 Miles,North America,1,46-50,45.4545454545455
S,F,4,Si,Bachelors,Professional,1,0,2-5 Miles,North America,1,51-55,45.4545454545455
M,F,4,Si,Bachelors,Professional,1,0,2-5 Miles,North America,0,51-55,45.4545454545455
M,M,1,No,Graduate Degree,Professional,1,1,0-1 Miles,North America,1,41-45,63.6363636363636
S,F,5,Si,Graduate Degree,Professional,1,3,10+ Miles,North America,1,46-50,63.6363636363636
M,F,1,No,Graduate Degree,Professional,1,0,0-1 Miles,North America,1,51-55,72.7272727272727
M,M,1,No,Partial College,Skilled Manual,1,1,0-1 Miles,North America,1,51-55,72.7272727272727
M,F,1,No,Partial College,Skilled Manual,1,1,0-1 Miles,North America,1,51-55,72.7272727272727
S,M,3,Si,Bachelors,Professional,1,1,2-5 Miles,North America,0,51-55,45.4545454545455
M,F,1,No,Bachelors,Professional,1,1,0-1 Miles,North America,1,41-45,45.4545454545455
M,F,1,No,Bachelors,Professional,1,1,2-5 Miles,North America,1,46-50,45.4545454545455
M,F,5,Si,Graduate Degree,Professional,1,0,2-5 Miles,North America,0,41-45,63.6363636363636
M,M,5,Si,Graduate Degree,Professional,1,1,2-5 Miles,North America,0,51-55,63.6363636363636
M,F,5,Si,Bachelors,Professional,1,2,2-5 Miles,North America,0,51-55,63.6363636363636
M,F,4,Si,Graduate Degree,Management,1,1,0-1 Miles,Pacific,1,35-40,72.7272727272727
M,M,1,No,Graduate Degree,Management,1,0,0-1 Miles,Pacific,1,35-40,81.8181818181818
M,F,1,No,Graduate Degree,Management,0,0,0-1 Miles,Pacific,1,29-34,81.8181818181818
M,F,1,No,Graduate Degree,Management,1,0,2-5 Miles,Pacific,1,35-40,81.8181818181818
M,F,1,No,Graduate Degree,Management,1,0,0-1 Miles,Pacific,1,35-40,81.8181818181818
M,F,2,Si,Bachelors,Professional,1,1,2-5 Miles,Pacific,1,41-45,45.4545454545455
M,F,2,Si,Bachelors,Professional,1,1,2-5 Miles,Pacific,1,41-45,45.4545454545455
S,F,5,Si,Bachelors,Professional,1,3,10+ Miles,Pacific,0,41-45,63.6363636363636
S,M,2,Si,Bachelors,Professional,1,1,2-5 Miles,Pacific,1,41-45,45.4545454545455
S,F,2,Si,Bachelors,Professional,1,1,2-5 Miles,Pacific,1,35-40,45.4545454545455
M,F,5,Si,Bachelors,Professional,1,3,10+ Miles,Pacific,0,35-40,63.6363636363636
M,F,5,Si,Bachelors,Professional,1,3,10+ Miles,Pacific,0,29-34,63.6363636363636
M,M,5,Si,Bachelors,Professional,1,3,10+ Miles,Pacific,0,35-40,63.6363636363636
M,F,5,Si,Bachelors,Professional,1,4,10+ Miles,Pacific,0,41-45,63.6363636363636
S,M,5,Si,Bachelors,Professional,1,4,10+ Miles,Pacific,1,35-40,63.6363636363636
S,M,5,Si,Graduate Degree,Management,1,3,0-1 Miles,Pacific,0,41-45,72.7272727272727
M,M,5,Si,Graduate Degree,Management,1,3,0-1 Miles,Pacific,0,41-45,72.7272727272727
S,F,5,Si,Bachelors,Professional,1,4,1-2 Miles,Pacific,0,29-34,72.7272727272727
M,M,2,Si,Bachelors,Professional,1,1,2-5 Miles,Pacific,0,29-34,45.4545454545455
S,F,3,Si,Bachelors,Professional,0,1,0-1 Miles,Pacific,0,41-45,45.4545454545455
S,M,3,Si,Bachelors,Professional,0,1,0-1 Miles,Pacific,0,35-40,45.4545454545455
S,F,0,No,Bachelors,Professional,1,1,5-10 Miles,Pacific,1,41-45,63.6363636363636
S,F,0,No,Bachelors,Professional,0,1,5-10 Miles,Pacific,0,35-40,63.6363636363636
M,M,5,Si,Bachelors,Professional,1,4,0-1 Miles,Pacific,0,41-45,72.7272727272727
S,F,5,Si,Bachelors,Professional,1,4,1-2 Miles,Pacific,0,41-45,72.7272727272727
S,M,0,No,Bachelors,Professional,0,1,0-1 Miles,Pacific,1,35-40,63.6363636363636
S,F,0,No,Bachelors,Professional,0,1,5-10 Miles,Pacific,0,41-45,63.6363636363636
M,M,3,Si,Bachelors,Professional,1,2,0-1 Miles,Pacific,0,41-45,45.4545454545455
S,F,3,Si,Bachelors,Professional,1,2,5-10 Miles,Pacific,0,35-40,45.4545454545455
M,F,4,Si,Bachelors,Professional,1,1,0-1 Miles,Pacific,0,41-45,45.4545454545455
S,M,4,Si,Bachelors,Professional,1,3,10+ Miles,Pacific,0,35-40,45.4545454545455
S,F,0,No,Partial College,Clerical,1,1,2-5 Miles,Europe,0,35-40,18.1818181818182
S,M,0,No,Partial High School,Manual,0,2,1-2 Miles,Europe,0,29-34,9.09090909090909
S,F,0,No,Partial High School,Manual,0,2,1-2 Miles,Europe,0,29-34,9.09090909090909
M,F,0,No,Partial College,Clerical,0,1,1-2 Miles,Europe,0,29-34,18.1818181818182
S,M,0,No,Partial College,Clerical,0,1,2-5 Miles,Europe,0,29-34,18.1818181818182
S,F,0,No,High School,Manual,1,1,2-5 Miles,Europe,0,29-34,18.1818181818182
S,F,0,No,High School,Manual,0,1,2-5 Miles,Europe,0,29-34,18.1818181818182
S,M,0,No,High School,Manual,0,1,1-2 Miles,Europe,0,29-34,18.1818181818182
S,F,0,No,High School,Manual,0,1,2-5 Miles,Europe,0,35-40,18.1818181818182
M,F,0,No,High School,Manual,0,1,1-2 Miles,Europe,0,35-40,18.1818181818182
M,M,1,Si,Bachelors,Skilled Manual,1,1,0-1 Miles,Europe,1,35-40,27.2727272727273
S,F,0,No,Partial High School,Manual,0,2,1-2 Miles,Europe,1,29-34,9.09090909090909
S,M,0,No,High School,Manual,1,1,2-5 Miles,Europe,0,35-40,18.1818181818182
S,M,2,Si,Partial College,Clerical,1,0,1-2 Miles,Europe,1,35-40,27.2727272727273
S,F,0,No,Partial High School,Manual,0,2,0-1 Miles,Europe,0,35-40,9.09090909090909
S,M,0,No,Partial High School,Manual,1,2,1-2 Miles,Europe,1,35-40,9.09090909090909
S,M,0,No,High School,Manual,0,1,2-5 Miles,Europe,0,35-40,18.1818181818182
S,M,2,Si,Partial College,Clerical,1,0,1-2 Miles,Europe,1,35-40,27.2727272727273
S,M,2,Si,Partial College,Clerical,1,1,1-2 Miles,Europe,1,29-34,27.2727272727273
S,F,2,Si,Partial College,Clerical,1,1,1-2 Miles,Europe,1,29-34,27.2727272727273
S,F,2,Si,Partial College,Clerical,1,1,1-2 Miles,Europe,1,35-40,27.2727272727273
S,M,2,Si,Partial College,Clerical,1,1,1-2 Miles,Europe,1,29-34,27.2727272727273
S,F,2,Si,Partial College,Clerical,1,1,0-1 Miles,Europe,0,35-40,27.2727272727273
S,F,0,No,Graduate Degree,Skilled Manual,1,0,1-2 Miles,Europe,0,35-40,45.4545454545455
S,F,3,Si,Partial College,Clerical,1,1,1-2 Miles,North America,1,35-40,27.2727272727273
S,M,3,Si,Partial College,Clerical,1,1,1-2 Miles,North America,1,35-40,27.2727272727273
M,F,1,No,Graduate Degree,Skilled Manual,1,0,0-1 Miles,North America,0,65+,45.4545454545455
S,F,0,No,Graduate Degree,Skilled Manual,1,0,0-1 Miles,North America,0,41-45,45.4545454545455
M,M,0,No,Graduate Degree,Skilled Manual,1,0,0-1 Miles,North America,0,35-40,45.4545454545455
M,M,0,No,Graduate Degree,Skilled Manual,1,0,1-2 Miles,North America,1,41-45,45.4545454545455
S,M,0,No,Graduate Degree,Skilled Manual,1,0,1-2 Miles,North America,1,29-34,45.4545454545455
S,F,0,No,Graduate Degree,Skilled Manual,1,0,0-1 Miles,North America,0,41-45,45.4545454545455
M,F,1,No,Bachelors,Skilled Manual,1,1,5-10 Miles,North America,1,46-50,18.1818181818182
M,M,1,No,Bachelors,Skilled Manual,1,1,1-2 Miles,North America,1,46-50,18.1818181818182
M,F,1,No,Bachelors,Skilled Manual,1,1,1-2 Miles,North America,1,56-65,18.1818181818182
M,M,1,No,Bachelors,Skilled Manual,1,1,1-2 Miles,North America,1,51-55,18.1818181818182
M,M,1,No,Bachelors,Skilled Manual,1,1,2-5 Miles,North America,1,56-65,18.1818181818182
M,M,1,No,Bachelors,Skilled Manual,1,1,1-2 Miles,North America,1,56-65,18.1818181818182
M,M,1,No,Bachelors,Skilled Manual,1,1,2-5 Miles,North America,1,56-65,18.1818181818182
M,M,1,No,Bachelors,Skilled Manual,1,1,2-5 Miles,North America,1,41-45,18.1818181818182
M,F,1,No,Partial College,Clerical,1,1,5-10 Miles,North America,1,56-65,18.1818181818182
M,M,1,No,High School,Clerical,1,1,10+ Miles,North America,0,51-55,18.1818181818182
M,M,1,No,Partial College,Clerical,1,1,0-1 Miles,North America,1,46-50,27.2727272727273
M,M,1,No,Partial College,Clerical,1,1,1-2 Miles,North America,1,41-45,27.2727272727273
M,M,1,No,Partial College,Clerical,1,1,0-1 Miles,North America,1,51-55,27.2727272727273
M,F,1,No,Partial College,Clerical,1,1,0-1 Miles,North America,1,51-55,27.2727272727273
M,M,1,No,Partial College,Clerical,1,1,1-2 Miles,North America,1,51-55,27.2727272727273
S,F,5,No,Graduate Degree,Skilled Manual,1,0,1-2 Miles,North America,0,41-45,72.7272727272727
M,M,1,No,Partial College,Clerical,1,1,0-1 Miles,North America,0,51-55,27.2727272727273
M,M,1,No,Partial College,Clerical,1,1,1-2 Miles,North America,1,46-50,27.2727272727273
M,M,1,No,Partial College,Clerical,1,1,1-2 Miles,North America,0,46-50,27.2727272727273
M,F,1,No,Partial College,Clerical,1,1,1-2 Miles,North America,1,51-55,27.2727272727273
M,F,1,No,Partial College,Clerical,1,1,0-1 Miles,North America,0,51-55,27.2727272727273
M,M,1,No,Partial College,Clerical,1,1,0-1 Miles,North America,0,51-55,27.2727272727273
S,F,4,No,Graduate Degree,Skilled Manual,1,0,0-1 Miles,North America,0,41-45,72.7272727272727
S,F,4,No,Graduate Degree,Skilled Manual,1,0,0-1 Miles,North America,0,35-40,72.7272727272727
S,F,4,No,Graduate Degree,Skilled Manual,1,0,0-1 Miles,North America,0,51-55,72.7272727272727
S,F,4,No,Graduate Degree,Skilled Manual,1,0,1-2 Miles,North America,0,51-55,72.7272727272727
M,M,4,No,Graduate Degree,Skilled Manual,1,0,1-2 Miles,North America,1,41-45,72.7272727272727
S,F,4,No,Graduate Degree,Skilled Manual,1,0,1-2 Miles,North America,0,46-50,72.7272727272727
S,M,4,No,Graduate Degree,Skilled Manual,1,0,1-2 Miles,North America,0,51-55,72.7272727272727
S,F,4,No,Graduate Degree,Skilled Manual,1,0,1-2 Miles,North America,0,46-50,45.4545454545455
S,F,4,No,Graduate Degree,Skilled Manual,1,0,1-2 Miles,North America,0,51-55,45.4545454545455
M,M,4,No,Graduate Degree,Skilled Manual,0,0,0-1 Miles,North America,0,41-45,45.4545454545455
S,M,0,No,Graduate Degree,Clerical,1,0,0-1 Miles,Europe,1,35-40,27.2727272727273
S,F,3,Si,High School,Manual,1,0,0-1 Miles,Europe,0,35-40,9.09090909090909
S,M,3,Si,Partial High School,Manual,1,1,0-1 Miles,Europe,1,41-45,9.09090909090909
S,F,1,Si,Partial College,Manual,0,1,1-2 Miles,Europe,1,41-45,9.09090909090909
S,F,1,Si,Partial College,Manual,0,1,2-5 Miles,Europe,0,41-45,9.09090909090909
S,F,1,Si,Partial College,Manual,0,1,0-1 Miles,Europe,0,41-45,9.09090909090909
M,M,1,Si,Partial College,Manual,1,1,2-5 Miles,Europe,0,41-45,9.09090909090909
M,F,1,Si,High School,Manual,1,1,2-5 Miles,Europe,0,35-40,9.09090909090909
S,F,1,Si,Bachelors,Clerical,0,0,1-2 Miles,Europe,0,41-45,18.1818181818182
S,F,4,Si,Partial High School,Manual,1,2,0-1 Miles,Europe,1,41-45,9.09090909090909
S,F,1,Si,High School,Manual,0,1,1-2 Miles,Europe,1,35-40,9.09090909090909
M,F,0,No,Bachelors,Clerical,1,0,0-1 Miles,Europe,1,29-34,27.2727272727273
M,F,0,No,Bachelors,Clerical,1,0,0-1 Miles,Europe,1,29-34,27.2727272727273
M,M,0,No,Bachelors,Clerical,1,0,0-1 Miles,Europe,1,41-45,27.2727272727273
M,F,4,No,High School,Manual,0,2,0-1 Miles,Europe,0,65+,9.09090909090909
M,F,1,Si,Bachelors,Clerical,1,1,2-5 Miles,Europe,0,29-34,18.1818181818182
M,F,1,Si,Bachelors,Skilled Manual,1,1,2-5 Miles,Europe,0,41-45,18.1818181818182
M,M,1,Si,Bachelors,Skilled Manual,1,2,0-1 Miles,Europe,1,41-45,18.1818181818182
M,F,1,Si,Bachelors,Skilled Manual,1,2,0-1 Miles,Europe,1,41-45,18.1818181818182
M,F,1,Si,Bachelors,Skilled Manual,1,2,0-1 Miles,Europe,1,41-45,18.1818181818182
M,M,1,Si,Bachelors,Skilled Manual,1,2,0-1 Miles,Europe,1,41-45,18.1818181818182
S,F,2,Si,High School,Manual,1,1,0-1 Miles,Europe,1,41-45,9.09090909090909
S,M,2,Si,High School,Manual,1,1,0-1 Miles,Europe,1,41-45,9.09090909090909
M,F,1,Si,Bachelors,Skilled Manual,1,2,0-1 Miles,Europe,1,35-40,18.1818181818182
M,M,3,Si,Partial High School,Manual,0,1,0-1 Miles,Europe,0,46-50,9.09090909090909
M,F,2,Si,High School,Manual,0,2,0-1 Miles,Europe,1,46-50,9.09090909090909
S,F,3,Si,High School,Manual,1,0,0-1 Miles,Europe,0,35-40,9.09090909090909
M,F,1,Si,Bachelors,Skilled Manual,1,2,0-1 Miles,Europe,1,41-45,18.1818181818182
M,M,2,Si,Partial College,Manual,0,0,0-1 Miles,Europe,1,41-45,18.1818181818182
S,F,3,Si,Partial High School,Manual,1,2,0-1 Miles,Europe,0,46-50,9.09090909090909
S,M,3,Si,Partial High School,Manual,1,2,0-1 Miles,Europe,0,46-50,9.09090909090909
S,M,3,Si,Partial High School,Manual,1,2,0-1 Miles,Europe,0,46-50,9.09090909090909
S,F,3,Si,High School,Manual,1,2,0-1 Miles,Europe,0,46-50,9.09090909090909
S,M,3,Si,High School,Manual,1,2,0-1 Miles,Europe,0,41-45,9.09090909090909
S,M,3,Si,High School,Manual,1,2,0-1 Miles,Europe,0,46-50,9.09090909090909
M,F,0,No,Bachelors,Professional,0,0,0-1 Miles,Europe,0,41-45,27.2727272727273
M,M,0,No,Bachelors,Professional,1,0,0-1 Miles,Europe,1,35-40,27.2727272727273
M,F,0,No,Bachelors,Professional,1,0,0-1 Miles,Europe,1,41-45,27.2727272727273
M,M,2,Si,Partial College,Clerical,0,0,0-1 Miles,Europe,1,29-34,18.1818181818182
S,F,2,Si,Partial College,Clerical,1,1,0-1 Miles,Europe,1,41-45,18.1818181818182
S,M,2,Si,Partial College,Clerical,1,2,0-1 Miles,Europe,1,41-45,18.1818181818182
S,F,2,Si,Partial College,Clerical,1,2,0-1 Miles,Europe,1,46-50,18.1818181818182
M,F,1,No,Bachelors,Skilled Manual,1,0,0-1 Miles,Europe,0,35-40,27.2727272727273
M,M,1,No,Bachelors,Skilled Manual,1,0,0-1 Miles,Europe,0,41-45,27.2727272727273
M,M,1,No,Bachelors,Skilled Manual,1,0,0-1 Miles,Europe,0,35-40,27.2727272727273
S,M,2,Si,Partial College,Clerical,1,2,0-1 Miles,Europe,0,35-40,18.1818181818182
M,F,3,Si,Partial College,Clerical,0,0,0-1 Miles,Europe,0,46-50,18.1818181818182
M,F,1,No,Bachelors,Skilled Manual,1,0,0-1 Miles,Europe,1,41-45,27.2727272727273
M,F,1,No,Bachelors,Skilled Manual,1,0,0-1 Miles,Europe,1,46-50,27.2727272727273
S,F,0,No,High School,Manual,0,1,2-5 Miles,Europe,0,29-34,9.09090909090909
S,M,0,No,High School,Manual,0,1,1-2 Miles,Europe,0,29-34,9.09090909090909
S,M,0,No,High School,Manual,0,1,2-5 Miles,Europe,0,29-34,9.09090909090909
S,F,4,Si,High School,Manual,1,2,0-1 Miles,Europe,0,29-34,9.09090909090909
S,F,5,Si,High School,Manual,1,2,0-1 Miles,Europe,0,29-34,9.09090909090909
S,M,5,Si,High School,Manual,1,2,0-1 Miles,Europe,0,29-34,9.09090909090909
S,M,3,Si,Partial College,Clerical,1,1,0-1 Miles,Europe,1,29-34,18.1818181818182
M,F,3,Si,Partial College,Clerical,0,2,0-1 Miles,Europe,0,29-34,18.1818181818182
M,F,1,No,Bachelors,Skilled Manual,1,0,0-1 Miles,Europe,1,41-45,27.2727272727273
M,F,1,No,Bachelors,Skilled Manual,1,0,0-1 Miles,Europe,1,41-45,27.2727272727273
M,F,1,No,Bachelors,Skilled Manual,1,0,0-1 Miles,Europe,1,46-50,27.2727272727273
M,F,1,No,Bachelors,Skilled Manual,1,1,0-1 Miles,Europe,1,41-45,27.2727272727273
M,M,1,No,Bachelors,Skilled Manual,1,1,0-1 Miles,Europe,1,41-45,27.2727272727273
S,F,3,Si,Partial College,Clerical,1,2,0-1 Miles,Europe,0,29-34,18.1818181818182
S,F,4,Si,Partial College,Clerical,1,1,0-1 Miles,Europe,1,29-34,18.1818181818182
S,M,4,Si,Partial College,Clerical,1,3,0-1 Miles,Europe,0,29-34,18.1818181818182
S,M,5,Si,Partial College,Clerical,1,3,0-1 Miles,Europe,0,29-34,18.1818181818182
S,F,0,No,Partial College,Clerical,0,1,0-1 Miles,Europe,1,29-34,18.1818181818182
S,M,0,No,Partial College,Clerical,0,1,0-1 Miles,Europe,1,29-34,18.1818181818182
S,F,0,No,Partial College,Clerical,0,1,0-1 Miles,Europe,1,29-34,18.1818181818182
S,F,0,No,High School,Manual,1,1,2-5 Miles,Europe,0,29-34,9.09090909090909
S,F,0,No,High School,Manual,0,1,5-10 Miles,Europe,0,29-34,9.09090909090909
M,F,0,No,Partial High School,Manual,1,2,0-1 Miles,Europe,0,29-34,9.09090909090909
S,F,0,No,Partial High School,Manual,1,2,0-1 Miles,Europe,0,35-40,9.09090909090909
S,M,0,No,Partial College,Clerical,1,1,2-5 Miles,Europe,0,29-34,18.1818181818182
M,M,1,Si,Bachelors,Skilled Manual,1,0,0-1 Miles,Europe,1,29-34,27.2727272727273
S,F,1,No,Partial College,Clerical,1,1,2-5 Miles,Europe,0,65+,18.1818181818182
S,M,0,No,Partial High School,Manual,0,2,0-1 Miles,Europe,0,35-40,9.09090909090909
S,M,0,No,Partial High School,Manual,0,2,0-1 Miles,Europe,1,29-34,9.09090909090909
S,M,0,No,Partial High School,Manual,1,2,1-2 Miles,Europe,1,35-40,9.09090909090909
S,F,0,No,Partial High School,Manual,0,2,1-2 Miles,Europe,1,29-34,9.09090909090909
S,M,0,No,Partial College,Clerical,1,1,2-5 Miles,Europe,0,35-40,18.1818181818182
S,F,0,No,Partial High School,Clerical,0,2,1-2 Miles,North America,0,29-34,27.2727272727273
M,F,2,Si,Partial High School,Clerical,0,2,1-2 Miles,Pacific,0,56-65,9.09090909090909
M,M,0,No,Partial College,Skilled Manual,0,1,1-2 Miles,North America,0,29-34,18.1818181818182
S,F,0,No,Partial College,Skilled Manual,0,1,1-2 Miles,North America,0,29-34,18.1818181818182
S,F,0,No,Partial College,Skilled Manual,1,2,5-10 Miles,North America,0,29-34,18.1818181818182
M,M,0,No,Partial College,Skilled Manual,1,2,5-10 Miles,North America,0,29-34,45.4545454545455
M,M,0,No,Partial College,Skilled Manual,0,2,1-2 Miles,North America,0,29-34,45.4545454545455
M,F,2,Si,Partial High School,Clerical,1,2,1-2 Miles,Pacific,0,56-65,9.09090909090909
M,M,3,No,Partial College,Clerical,0,2,1-2 Miles,Pacific,1,56-65,18.1818181818182
S,M,0,No,Partial College,Skilled Manual,0,2,1-2 Miles,North America,1,29-34,9.09090909090909
M,F,3,No,High School,Skilled Manual,0,2,1-2 Miles,Pacific,0,56-65,18.1818181818182
M,M,3,No,High School,Skilled Manual,0,2,1-2 Miles,Pacific,0,51-55,18.1818181818182
M,M,3,No,High School,Skilled Manual,0,2,1-2 Miles,Pacific,0,46-50,18.1818181818182
S,M,0,No,Partial College,Skilled Manual,0,2,0-1 Miles,North America,1,29-34,63.6363636363636
M,M,3,No,Partial College,Skilled Manual,1,2,5-10 Miles,Pacific,1,56-65,27.2727272727273
M,M,3,No,Partial College,Skilled Manual,0,2,1-2 Miles,Pacific,0,51-55,27.2727272727273
M,M,2,No,Graduate Degree,Management,1,2,1-2 Miles,Pacific,1,56-65,63.6363636363636
M,M,2,No,Partial College,Skilled Manual,1,2,5-10 Miles,Pacific,1,51-55,72.7272727272727
S,M,2,No,Partial College,Skilled Manual,0,2,1-2 Miles,Pacific,1,51-55,72.7272727272727
S,M,2,No,Partial College,Skilled Manual,1,2,5-10 Miles,Pacific,1,46-50,72.7272727272727
S,F,2,No,Partial College,Skilled Manual,0,2,1-2 Miles,Pacific,1,51-55,72.7272727272727
S,F,2,No,Partial College,Skilled Manual,1,2,5-10 Miles,Pacific,1,46-50,72.7272727272727
M,M,0,No,Partial College,Skilled Manual,1,2,5-10 Miles,North America,0,29-34,18.1818181818182
S,F,0,No,High School,Skilled Manual,0,2,1-2 Miles,North America,1,35-40,18.1818181818182
S,F,0,No,High School,Skilled Manual,1,2,5-10 Miles,North America,0,29-34,18.1818181818182
M,F,0,No,Partial College,Skilled Manual,1,2,5-10 Miles,North America,0,29-34,45.4545454545455
S,F,0,No,High School,Skilled Manual,1,2,5-10 Miles,North America,0,35-40,18.1818181818182
M,M,0,No,High School,Skilled Manual,1,2,5-10 Miles,North America,0,35-40,18.1818181818182
M,F,1,No,High School,Clerical,1,1,5-10 Miles,North America,0,56-65,18.1818181818182
M,M,1,No,High School,Clerical,1,1,2-5 Miles,North America,1,51-55,18.1818181818182
M,M,1,No,Partial College,Clerical,1,1,0-1 Miles,North America,1,51-55,27.2727272727273
M,M,1,No,Partial College,Clerical,1,1,0-1 Miles,North America,1,51-55,27.2727272727273
M,F,1,No,Partial College,Clerical,1,1,0-1 Miles,North America,1,51-55,27.2727272727273
M,F,1,No,Partial College,Clerical,1,1,0-1 Miles,North America,1,51-55,27.2727272727273
M,F,1,No,Partial College,Clerical,1,1,1-2 Miles,North America,1,51-55,27.2727272727273
M,F,1,No,Partial College,Clerical,1,1,1-2 Miles,North America,1,41-45,27.2727272727273
S,F,5,No,Graduate Degree,Skilled Manual,1,0,1-2 Miles,North America,0,35-40,72.7272727272727
S,F,5,No,Graduate Degree,Skilled Manual,1,0,1-2 Miles,North America,0,46-50,72.7272727272727
M,F,1,No,Partial College,Clerical,1,1,1-2 Miles,North America,0,46-50,27.2727272727273
M,F,1,No,Partial College,Clerical,1,1,0-1 Miles,North America,0,46-50,27.2727272727273
M,M,1,No,Partial College,Clerical,1,1,1-2 Miles,North America,0,51-55,27.2727272727273
M,F,1,No,Partial College,Clerical,1,1,1-2 Miles,North America,1,41-45,27.2727272727273
M,F,1,No,Partial College,Clerical,1,1,1-2 Miles,North America,1,51-55,27.2727272727273
M,M,1,No,Partial College,Clerical,1,1,0-1 Miles,North America,0,51-55,27.2727272727273
M,F,1,No,Partial College,Clerical,1,1,1-2 Miles,North America,1,46-50,27.2727272727273
M,F,1,No,Partial College,Clerical,1,1,0-1 Miles,North America,0,51-55,27.2727272727273
S,F,4,No,Graduate Degree,Skilled Manual,0,0,0-1 Miles,North America,0,46-50,72.7272727272727
S,F,4,No,Graduate Degree,Skilled Manual,0,0,0-1 Miles,North America,0,51-55,72.7272727272727
M,M,4,No,Graduate Degree,Skilled Manual,0,0,0-1 Miles,North America,0,46-50,72.7272727272727
S,F,4,No,Graduate Degree,Skilled Manual,1,0,1-2 Miles,North America,0,35-40,72.7272727272727
S,F,4,No,Graduate Degree,Skilled Manual,1,0,1-2 Miles,North America,0,51-55,72.7272727272727
S,F,4,No,Graduate Degree,Skilled Manual,0,0,0-1 Miles,North America,0,51-55,72.7272727272727
S,M,4,No,Graduate Degree,Skilled Manual,1,0,1-2 Miles,North America,0,51-55,72.7272727272727
S,F,4,No,Graduate Degree,Skilled Manual,1,0,0-1 Miles,North America,0,46-50,45.4545454545455
M,M,4,No,Graduate Degree,Skilled Manual,1,0,1-2 Miles,North America,0,46-50,45.4545454545455
S,M,1,Si,Partial College,Manual,0,0,0-1 Miles,Europe,0,41-45,9.09090909090909
M,M,1,Si,Partial College,Manual,1,1,2-5 Miles,Europe,0,41-45,9.09090909090909
M,M,1,No,Bachelors,Clerical,1,0,0-1 Miles,Europe,1,35-40,18.1818181818182
S,M,1,No,Bachelors,Clerical,1,0,1-2 Miles,Europe,1,35-40,18.1818181818182
S,M,1,Si,Bachelors,Clerical,0,0,0-1 Miles,Europe,1,41-45,18.1818181818182
S,M,1,Si,Bachelors,Clerical,0,0,1-2 Miles,Europe,1,35-40,18.1818181818182
M,F,0,No,Graduate Degree,Clerical,1,0,0-1 Miles,Europe,1,41-45,27.2727272727273
M,M,0,No,Graduate Degree,Clerical,1,0,0-1 Miles,Europe,1,29-34,27.2727272727273
S,M,3,Si,High School,Manual,1,1,0-1 Miles,Europe,1,35-40,9.09090909090909
M,F,3,Si,High School,Manual,0,1,0-1 Miles,Europe,0,41-45,9.09090909090909
S,M,4,Si,Partial High School,Manual,1,0,0-1 Miles,Europe,0,41-45,9.09090909090909
M,M,1,Si,Partial College,Manual,1,1,2-5 Miles,Europe,0,35-40,9.09090909090909
S,M,1,Si,High School,Manual,0,1,2-5 Miles,Europe,0,41-45,9.09090909090909
S,M,1,Si,Bachelors,Clerical,0,0,0-1 Miles,Europe,0,41-45,18.1818181818182
M,M,1,Si,Bachelors,Clerical,1,0,2-5 Miles,Europe,1,35-40,18.1818181818182
S,F,1,Si,Bachelors,Clerical,0,1,0-1 Miles,Europe,0,41-45,18.1818181818182
S,M,1,Si,Bachelors,Clerical,0,1,1-2 Miles,Europe,0,41-45,18.1818181818182
M,M,1,Si,High School,Manual,1,1,2-5 Miles,Europe,0,41-45,9.09090909090909
M,M,0,No,Bachelors,Clerical,1,0,0-1 Miles,Europe,1,41-45,27.2727272727273
M,F,0,No,Bachelors,Clerical,1,0,0-1 Miles,Europe,1,41-45,27.2727272727273
M,M,0,No,Bachelors,Clerical,0,0,0-1 Miles,Europe,1,35-40,27.2727272727273
M,F,1,Si,Bachelors,Skilled Manual,1,2,0-1 Miles,Europe,1,41-45,18.1818181818182
M,M,1,Si,Bachelors,Skilled Manual,1,2,0-1 Miles,Europe,1,41-45,18.1818181818182
M,F,1,Si,Bachelors,Skilled Manual,1,2,0-1 Miles,Europe,1,35-40,18.1818181818182
S,F,4,Si,Partial High School,Manual,1,2,0-1 Miles,Europe,1,41-45,9.09090909090909
S,M,3,Si,Partial High School,Manual,1,2,0-1 Miles,Europe,1,41-45,9.09090909090909
S,F,3,Si,Partial High School,Manual,1,2,0-1 Miles,Europe,1,29-34,9.09090909090909
M,F,4,No,High School,Manual,0,2,0-1 Miles,Europe,0,65+,9.09090909090909
S,F,3,Si,Partial High School,Manual,1,2,0-1 Miles,Europe,1,41-45,9.09090909090909
S,M,3,Si,High School,Manual,1,0,0-1 Miles,Europe,1,41-45,9.09090909090909
S,M,2,Si,Partial College,Manual,1,0,0-1 Miles,Europe,1,35-40,18.1818181818182
S,M,2,Si,Partial College,Manual,1,0,0-1 Miles,Europe,1,35-40,18.1818181818182
S,F,3,Si,Partial High School,Manual,1,2,0-1 Miles,Europe,0,41-45,9.09090909090909
M,F,3,Si,High School,Manual,0,1,0-1 Miles,Europe,0,46-50,9.09090909090909
S,M,3,Si,High School,Manual,1,1,0-1 Miles,Europe,1,35-40,9.09090909090909
S,F,3,Si,High School,Manual,1,1,0-1 Miles,Europe,0,35-40,9.09090909090909
S,M,3,Si,High School,Manual,1,1,0-1 Miles,Europe,1,35-40,9.09090909090909
S,M,4,No,High School,Manual,1,2,0-1 Miles,Europe,0,65+,9.09090909090909
M,F,0,No,Bachelors,Professional,0,0,0-1 Miles,Europe,1,41-45,27.2727272727273
M,F,0,No,Bachelors,Professional,1,0,0-1 Miles,Europe,1,41-45,27.2727272727273
M,M,0,No,Bachelors,Professional,1,0,0-1 Miles,Europe,1,41-45,27.2727272727273
S,F,0,No,Graduate Degree,Skilled Manual,1,0,0-1 Miles,Europe,1,35-40,45.4545454545455
S,M,4,Si,High School,Manual,1,1,0-1 Miles,Europe,1,46-50,9.09090909090909
M,F,1,No,Partial College,Clerical,1,1,2-5 Miles,Europe,1,41-45,18.1818181818182
S,M,2,Si,Partial College,Clerical,1,1,0-1 Miles,Europe,1,41-45,18.1818181818182
S,M,2,Si,Partial College,Clerical,1,1,0-1 Miles,Europe,1,35-40,18.1818181818182
S,M,2,Si,Partial College,Clerical,1,2,0-1 Miles,Europe,1,35-40,18.1818181818182
M,M,2,Si,Partial College,Clerical,0,2,0-1 Miles,Europe,1,35-40,18.1818181818182
M,F,1,No,Bachelors,Skilled Manual,1,0,0-1 Miles,Europe,0,41-45,27.2727272727273
M,M,1,No,Bachelors,Skilled Manual,1,0,0-1 Miles,Europe,0,35-40,27.2727272727273
S,M,2,Si,Partial College,Clerical,1,3,0-1 Miles,Europe,1,41-45,18.1818181818182
S,M,0,No,High School,Manual,0,1,2-5 Miles,Europe,0,29-34,9.09090909090909
M,F,0,No,Partial High School,Manual,0,2,0-1 Miles,Europe,0,29-34,9.09090909090909
S,F,4,Si,High School,Manual,1,2,0-1 Miles,Europe,0,29-34,9.09090909090909
S,M,4,Si,High School,Manual,1,2,0-1 Miles,Europe,0,29-34,9.09090909090909
M,M,5,Si,High School,Manual,0,2,0-1 Miles,Europe,0,29-34,9.09090909090909
S,M,3,Si,Partial College,Clerical,1,1,0-1 Miles,Europe,1,29-34,18.1818181818182
S,F,3,Si,Partial College,Clerical,1,2,0-1 Miles,Europe,0,29-34,18.1818181818182
M,F,1,No,Bachelors,Skilled Manual,1,0,0-1 Miles,Europe,1,46-50,27.2727272727273
S,F,1,No,Partial College,Clerical,1,1,2-5 Miles,Europe,1,46-50,18.1818181818182
M,F,1,No,Partial College,Clerical,1,1,2-5 Miles,Europe,1,46-50,18.1818181818182
M,F,1,No,Bachelors,Skilled Manual,1,1,0-1 Miles,Europe,1,41-45,27.2727272727273
M,F,1,No,Bachelors,Skilled Manual,1,1,0-1 Miles,Europe,1,46-50,27.2727272727273
S,M,4,Si,Partial College,Clerical,1,2,0-1 Miles,Europe,0,29-34,18.1818181818182
S,F,5,Si,Partial College,Clerical,1,2,0-1 Miles,Europe,0,29-34,18.1818181818182
S,M,0,No,Partial College,Clerical,0,1,0-1 Miles,Europe,1,29-34,18.1818181818182
S,F,0,No,Partial College,Clerical,0,1,0-1 Miles,Europe,1,29-34,18.1818181818182
S,F,0,No,Partial College,Clerical,0,1,2-5 Miles,Europe,0,29-34,18.1818181818182
M,M,0,No,Partial College,Clerical,0,1,0-1 Miles,Europe,0,29-34,18.1818181818182
M,F,4,No,High School,Manual,0,2,0-1 Miles,Europe,0,65+,9.09090909090909
S,M,0,No,High School,Manual,0,1,5-10 Miles,Europe,0,29-34,9.09090909090909
S,F,0,No,Partial High School,Manual,0,1,2-5 Miles,Europe,0,29-34,9.09090909090909
S,F,0,No,Partial College,Clerical,0,1,2-5 Miles,Europe,0,29-34,18.1818181818182
M,F,0,No,Partial College,Clerical,0,1,0-1 Miles,Europe,0,29-34,18.1818181818182
S,F,0,No,Partial College,Clerical,0,1,2-5 Miles,Europe,0,29-34,18.1818181818182
S,F,0,No,Partial College,Clerical,0,1,0-1 Miles,Europe,1,29-34,18.1818181818182
S,F,0,No,Partial High School,Manual,0,1,2-5 Miles,Europe,0,29-34,9.09090909090909
S,F,0,No,Partial High School,Manual,0,1,5-10 Miles,Europe,0,29-34,9.09090909090909
S,M,0,No,Partial High School,Manual,1,2,0-1 Miles,Europe,0,35-40,9.09090909090909
S,F,0,No,Partial High School,Manual,0,2,0-1 Miles,Europe,1,35-40,9.09090909090909
S,F,0,No,Partial High School,Manual,0,2,0-1 Miles,Europe,1,35-40,9.09090909090909
S,M,0,No,Partial High School,Manual,1,2,1-2 Miles,Europe,0,35-40,9.09090909090909
S,M,0,No,Partial College,Clerical,1,1,2-5 Miles,Europe,0,29-34,18.1818181818182
S,F,0,No,Partial College,Clerical,1,1,2-5 Miles,Europe,0,29-34,18.1818181818182
M,M,1,Si,Bachelors,Skilled Manual,1,0,1-2 Miles,Europe,1,29-34,27.2727272727273
M,F,4,No,High School,Manual,0,2,0-1 Miles,Europe,0,65+,9.09090909090909
S,F,0,No,Partial High School,Manual,0,2,1-2 Miles,Europe,0,29-34,9.09090909090909
S,F,0,No,Partial High School,Manual,0,2,0-1 Miles,Europe,0,35-40,9.09090909090909
M,M,0,No,Partial High School,Manual,0,2,0-1 Miles,Europe,0,35-40,9.09090909090909
S,M,0,No,Partial High School,Manual,0,2,1-2 Miles,Europe,1,29-34,9.09090909090909
S,M,0,No,Partial College,Clerical,0,1,0-1 Miles,Europe,1,35-40,18.1818181818182
S,F,0,No,Partial High School,Clerical,0,2,1-2 Miles,North America,0,29-34,27.2727272727273
S,M,0,No,Partial College,Skilled Manual,0,2,0-1 Miles,North America,1,29-34,63.6363636363636
S,F,0,No,Partial College,Skilled Manual,1,2,5-10 Miles,North America,0,29-34,45.4545454545455
M,M,2,Si,Partial High School,Clerical,1,2,1-2 Miles,Pacific,0,51-55,9.09090909090909
S,F,2,Si,Partial High School,Clerical,1,2,5-10 Miles,Pacific,0,56-65,9.09090909090909
M,F,3,No,Partial College,Clerical,0,2,5-10 Miles,Pacific,1,56-65,18.1818181818182
M,M,2,No,Bachelors,Management,1,2,5-10 Miles,Pacific,1,51-55,27.2727272727273
M,M,2,No,Partial College,Clerical,0,2,5-10 Miles,Pacific,1,56-65,27.2727272727273
S,M,0,No,Partial High School,Clerical,1,2,5-10 Miles,North America,0,29-34,27.2727272727273
M,F,3,No,High School,Skilled Manual,0,2,1-2 Miles,Pacific,0,56-65,18.1818181818182
S,F,3,No,High School,Skilled Manual,1,2,5-10 Miles,Pacific,0,56-65,18.1818181818182
M,M,3,No,High School,Skilled Manual,1,2,5-10 Miles,Pacific,0,56-65,18.1818181818182
M,M,3,No,High School,Skilled Manual,1,2,5-10 Miles,Pacific,0,56-65,18.1818181818182
M,F,0,No,Partial College,Skilled Manual,1,2,5-10 Miles,North America,1,29-34,45.4545454545455
S,M,0,No,Partial College,Skilled Manual,1,2,5-10 Miles,North America,1,29-34,63.6363636363636
M,M,2,No,Partial College,Clerical,0,2,5-10 Miles,Pacific,0,56-65,27.2727272727273
M,F,3,No,Partial College,Skilled Manual,1,2,5-10 Miles,Pacific,1,56-65,27.2727272727273
S,F,2,No,Partial College,Skilled Manual,0,2,1-2 Miles,Pacific,1,46-50,72.7272727272727
S,F,2,No,Partial College,Skilled Manual,0,2,1-2 Miles,Pacific,1,51-55,72.7272727272727
S,F,2,No,Partial College,Skilled Manual,1,2,5-10 Miles,Pacific,1,46-50,72.7272727272727
S,F,0,No,Partial College,Skilled Manual,1,2,5-10 Miles,North America,0,29-34,18.1818181818182
S,M,0,No,Partial College,Skilled Manual,1,2,5-10 Miles,North America,0,29-34,18.1818181818182
S,F,0,No,High School,Skilled Manual,1,2,5-10 Miles,North America,0,29-34,18.1818181818182
S,F,0,No,High School,Skilled Manual,0,2,1-2 Miles,North America,1,35-40,18.1818181818182
S,F,0,No,High School,Skilled Manual,1,2,5-10 Miles,North America,0,29-34,18.1818181818182
S,M,0,No,High School,Skilled Manual,1,2,5-10 Miles,North America,0,35-40,18.1818181818182
M,M,0,No,Partial College,Skilled Manual,1,2,5-10 Miles,North America,0,35-40,45.4545454545455
S,M,0,No,High School,Skilled Manual,0,2,1-2 Miles,North America,1,35-40,18.1818181818182
S,F,0,No,High School,Skilled Manual,1,2,5-10 Miles,North America,0,29-34,18.1818181818182
M,F,0,No,Partial College,Skilled Manual,1,2,5-10 Miles,North America,0,29-34,45.4545454545455
M,F,2,No,Bachelors,Clerical,1,1,2-5 Miles,Europe,0,65+,9.09090909090909
M,M,2,No,Bachelors,Clerical,1,1,2-5 Miles,Europe,0,65+,9.09090909090909
M,F,1,No,Bachelors,Clerical,1,0,0-1 Miles,Europe,1,65+,18.1818181818182
M,M,3,No,Partial College,Manual,1,1,0-1 Miles,Europe,0,65+,9.09090909090909
M,M,1,No,Bachelors,Clerical,1,0,0-1 Miles,Europe,0,65+,18.1818181818182
S,M,1,No,Graduate Degree,Clerical,1,0,0-1 Miles,Europe,1,65+,27.2727272727273
S,M,3,No,Partial College,Manual,1,1,1-2 Miles,Europe,1,65+,9.09090909090909
S,M,0,No,Partial College,Manual,1,1,1-2 Miles,Pacific,1,29-34,9.09090909090909
M,M,0,No,Partial College,Manual,0,1,0-1 Miles,Pacific,1,29-34,9.09090909090909
M,M,0,No,Bachelors,Clerical,1,0,0-1 Miles,Pacific,1,29-34,9.09090909090909
M,F,1,Si,High School,Manual,1,0,2-5 Miles,Pacific,1,29-34,9.09090909090909
S,F,1,Si,High School,Manual,0,0,1-2 Miles,Pacific,1,29-34,9.09090909090909
S,F,1,Si,High School,Manual,0,0,2-5 Miles,Pacific,1,29-34,9.09090909090909
M,F,1,Si,High School,Manual,1,0,2-5 Miles,Pacific,1,29-34,9.09090909090909
S,F,1,Si,High School,Manual,0,0,2-5 Miles,Pacific,1,29-34,9.09090909090909
M,F,1,Si,High School,Manual,1,0,2-5 Miles,Pacific,1,29-34,9.09090909090909
M,F,0,No,Bachelors,Clerical,1,0,0-1 Miles,Pacific,1,29-34,9.09090909090909
M,M,0,No,Bachelors,Clerical,1,0,0-1 Miles,Pacific,1,29-34,9.09090909090909
M,F,0,No,Bachelors,Clerical,0,0,0-1 Miles,Pacific,1,29-34,9.09090909090909
S,M,0,No,Bachelors,Clerical,1,0,0-1 Miles,Pacific,1,29-34,9.09090909090909
S,M,0,No,Bachelors,Clerical,1,0,0-1 Miles,Pacific,1,29-34,9.09090909090909
S,F,0,No,Bachelors,Clerical,1,0,0-1 Miles,Pacific,1,29-34,9.09090909090909
M,M,0,No,Bachelors,Clerical,1,0,0-1 Miles,Pacific,1,29-34,9.09090909090909
M,F,1,No,Bachelors,Clerical,1,0,0-1 Miles,Europe,1,65+,18.1818181818182
S,F,1,No,Bachelors,Clerical,1,0,0-1 Miles,Europe,1,65+,18.1818181818182
S,M,1,Si,Partial College,Manual,0,0,1-2 Miles,Europe,1,35-40,9.09090909090909
M,F,1,Si,Partial College,Manual,1,0,1-2 Miles,Europe,1,46-50,9.09090909090909
M,F,4,No,Graduate Degree,Clerical,1,0,0-1 Miles,Europe,1,46-50,18.1818181818182
S,M,1,Si,High School,Manual,0,1,1-2 Miles,Europe,0,41-45,9.09090909090909
S,F,1,Si,High School,Manual,0,1,1-2 Miles,Europe,0,46-50,9.09090909090909
S,M,1,Si,Partial College,Manual,0,0,0-1 Miles,Europe,0,46-50,9.09090909090909
S,F,1,Si,Partial College,Manual,0,0,1-2 Miles,Europe,1,46-50,9.09090909090909
S,F,1,Si,Partial College,Manual,0,0,0-1 Miles,Europe,0,41-45,9.09090909090909
M,M,1,Si,Partial College,Manual,1,0,1-2 Miles,Europe,1,46-50,9.09090909090909
S,M,1,Si,Partial College,Manual,0,0,1-2 Miles,Europe,1,46-50,9.09090909090909
M,M,1,Si,Partial College,Manual,1,0,2-5 Miles,Europe,0,46-50,9.09090909090909
M,F,1,Si,Partial College,Manual,1,0,2-5 Miles,Europe,0,35-40,9.09090909090909
M,M,1,Si,High School,Manual,1,1,2-5 Miles,Europe,0,41-45,9.09090909090909
M,F,1,Si,High School,Manual,1,1,2-5 Miles,Europe,0,51-55,9.09090909090909
M,M,2,No,Partial College,Manual,1,1,0-1 Miles,Europe,1,46-50,9.09090909090909
M,M,2,No,Partial College,Manual,1,1,2-5 Miles,Europe,1,41-45,9.09090909090909
M,M,3,No,Bachelors,Clerical,1,0,0-1 Miles,Europe,1,41-45,18.1818181818182
S,F,3,No,Bachelors,Clerical,1,0,0-1 Miles,Europe,1,46-50,18.1818181818182
M,M,0,No,Bachelors,Clerical,1,0,0-1 Miles,Europe,1,41-45,18.1818181818182
S,F,0,No,Bachelors,Clerical,1,0,0-1 Miles,Europe,1,35-40,18.1818181818182
M,M,0,No,Bachelors,Clerical,1,0,0-1 Miles,Europe,1,46-50,18.1818181818182
M,F,3,No,Graduate Degree,Clerical,1,0,0-1 Miles,Europe,1,51-55,27.2727272727273
S,F,1,No,Bachelors,Clerical,1,0,0-1 Miles,Europe,1,51-55,18.1818181818182
M,M,1,Si,High School,Manual,1,1,5-10 Miles,Europe,0,35-40,9.09090909090909
S,F,0,No,Partial College,Manual,0,1,0-1 Miles,Europe,0,35-40,9.09090909090909
S,M,0,No,Partial College,Manual,1,1,2-5 Miles,Europe,0,29-34,9.09090909090909
S,M,0,No,Partial College,Manual,0,1,2-5 Miles,Europe,0,29-34,9.09090909090909
S,F,2,Si,High School,Manual,1,0,0-1 Miles,Europe,1,35-40,9.09090909090909
S,M,0,No,Bachelors,Clerical,1,0,0-1 Miles,Europe,1,35-40,18.1818181818182
M,M,0,No,Bachelors,Clerical,1,0,0-1 Miles,Europe,1,29-34,18.1818181818182
M,F,0,No,Graduate Degree,Clerical,1,0,0-1 Miles,Europe,1,29-34,27.2727272727273
S,F,2,No,Graduate Degree,Clerical,1,1,2-5 Miles,Europe,0,65+,9.09090909090909
S,F,0,No,Partial College,Manual,1,1,2-5 Miles,Europe,0,35-40,9.09090909090909
M,M,0,No,Graduate Degree,Clerical,1,0,0-1 Miles,Europe,1,35-40,27.2727272727273
S,F,0,No,Graduate Degree,Clerical,1,0,0-1 Miles,Europe,1,35-40,27.2727272727273
S,M,0,No,Graduate Degree,Skilled Manual,1,0,0-1 Miles,Europe,1,35-40,45.4545454545455
M,F,1,No,Graduate Degree,Clerical,1,0,0-1 Miles,Europe,0,65+,27.2727272727273
S,F,3,No,Partial College,Manual,1,2,0-1 Miles,Europe,1,51-55,9.09090909090909
M,F,2,No,Partial College,Manual,1,1,2-5 Miles,Europe,1,46-50,9.09090909090909
M,F,2,No,Partial College,Manual,1,1,2-5 Miles,Europe,0,51-55,9.09090909090909
S,M,2,Si,High School,Manual,1,1,0-1 Miles,Europe,1,35-40,9.09090909090909
S,M,1,Si,Partial College,Manual,0,0,0-1 Miles,Europe,1,41-45,9.09090909090909
S,M,1,Si,Partial College,Manual,0,0,1-2 Miles,Europe,0,35-40,9.09090909090909
S,F,3,Si,Graduate Degree,Management,0,2,0-1 Miles,Europe,1,56-65,90.9090909090909
S,M,5,No,Partial College,Professional,1,2,10+ Miles,Europe,0,56-65,81.8181818181818
S,F,5,No,Partial College,Professional,0,2,2-5 Miles,Europe,0,56-65,81.8181818181818
S,F,2,Si,Bachelors,Management,1,4,10+ Miles,Europe,0,56-65,81.8181818181818
M,M,4,Si,High School,Professional,1,1,10+ Miles,Europe,0,56-65,63.6363636363636
M,F,3,Si,High School,Professional,0,2,2-5 Miles,Europe,1,51-55,81.8181818181818
S,M,3,Si,High School,Professional,1,3,10+ Miles,Europe,0,46-50,81.8181818181818
M,M,3,Si,High School,Professional,1,3,10+ Miles,Europe,0,46-50,81.8181818181818
M,M,3,Si,High School,Professional,1,3,10+ Miles,Europe,0,51-55,81.8181818181818
S,M,0,Si,High School,Professional,0,4,0-1 Miles,Europe,0,51-55,90.9090909090909
M,M,0,Si,Partial High School,Professional,1,2,10+ Miles,Europe,1,51-55,90.9090909090909
M,M,3,Si,Partial College,Professional,1,4,10+ Miles,Europe,0,41-45,81.8181818181818
M,M,3,Si,Bachelors,Management,1,2,10+ Miles,Europe,1,56-65,90.9090909090909
M,M,4,Si,Partial College,Professional,1,2,10+ Miles,Europe,1,56-65,90.9090909090909
M,M,5,Si,Partial College,Professional,1,2,10+ Miles,Europe,1,56-65,90.9090909090909
M,M,3,Si,Bachelors,Management,1,3,10+ Miles,Europe,0,51-55,90.9090909090909
M,M,3,Si,Bachelors,Management,1,4,0-1 Miles,Europe,0,41-45,90.9090909090909
M,F,4,Si,Partial College,Professional,1,2,10+ Miles,Europe,0,56-65,72.7272727272727
M,F,4,Si,Partial College,Professional,0,3,10+ Miles,Europe,0,56-65,90.9090909090909
M,M,4,Si,Bachelors,Management,0,3,10+ Miles,Europe,1,56-65,90.9090909090909
M,M,4,Si,Bachelors,Management,1,3,0-1 Miles,Europe,1,56-65,90.9090909090909
S,F,5,Si,Partial High School,Skilled Manual,1,2,10+ Miles,Europe,1,56-65,63.6363636363636
S,F,3,Si,Partial College,Professional,1,4,10+ Miles,Europe,0,56-65,81.8181818181818
S,F,4,Si,High School,Professional,0,3,0-1 Miles,Europe,1,56-65,90.9090909090909
M,M,4,Si,Bachelors,Management,1,3,10+ Miles,Europe,0,56-65,90.9090909090909
S,F,4,Si,High School,Management,1,3,10+ Miles,Europe,0,56-65,81.8181818181818
S,F,5,Si,High School,Management,0,4,0-1 Miles,Europe,0,56-65,90.9090909090909
M,F,4,Si,High School,Management,1,4,10+ Miles,Europe,0,56-65,90.9090909090909
M,F,4,Si,Partial High School,Professional,1,3,10+ Miles,Europe,1,56-65,90.9090909090909
M,M,5,Si,High School,Management,0,4,10+ Miles,Europe,0,56-65,90.9090909090909
M,F,0,No,Bachelors,Professional,1,4,10+ Miles,Pacific,0,29-34,45.4545454545455
S,M,0,No,Bachelors,Professional,1,3,10+ Miles,Pacific,0,29-34,63.6363636363636
M,M,0,No,Bachelors,Professional,1,3,10+ Miles,Pacific,1,29-34,63.6363636363636
S,M,0,No,Bachelors,Professional,1,3,10+ Miles,Pacific,0,29-34,63.6363636363636
S,M,0,No,Bachelors,Professional,0,4,10+ Miles,Pacific,0,29-34,63.6363636363636
M,F,0,No,Bachelors,Professional,0,4,10+ Miles,Pacific,0,35-40,63.6363636363636
S,M,0,No,Bachelors,Professional,0,3,10+ Miles,Pacific,0,35-40,72.7272727272727
S,F,0,No,Bachelors,Professional,0,2,10+ Miles,Pacific,1,29-34,81.8181818181818
M,F,0,No,Bachelors,Professional,1,4,10+ Miles,Pacific,0,35-40,63.6363636363636
M,F,0,No,Bachelors,Professional,1,3,10+ Miles,Pacific,0,35-40,72.7272727272727
S,F,0,No,Bachelors,Professional,0,3,10+ Miles,Pacific,0,35-40,72.7272727272727
S,M,0,No,Bachelors,Professional,0,2,10+ Miles,Pacific,1,29-34,81.8181818181818
M,M,0,Si,High School,Management,1,1,10+ Miles,Pacific,0,35-40,81.8181818181818
M,F,0,Si,Partial College,Management,1,3,10+ Miles,Pacific,0,35-40,90.9090909090909
M,F,5,Si,Partial High School,Professional,0,4,10+ Miles,Pacific,0,35-40,90.9090909090909
M,M,0,No,Bachelors,Professional,1,3,10+ Miles,Pacific,1,29-34,81.8181818181818
M,F,0,Si,High School,Management,0,2,10+ Miles,Pacific,0,29-34,81.8181818181818
S,M,0,Si,High School,Management,1,2,10+ Miles,Pacific,0,35-40,81.8181818181818
S,M,5,Si,Bachelors,Professional,1,4,0-1 Miles,Pacific,1,35-40,90.9090909090909
S,M,0,No,Bachelors,Professional,0,3,10+ Miles,Pacific,1,29-34,81.8181818181818
M,M,0,Si,High School,Management,0,2,10+ Miles,Pacific,0,29-34,81.8181818181818
S,M,0,Si,High School,Management,1,3,10+ Miles,Pacific,0,35-40,81.8181818181818
M,F,0,No,Bachelors,Professional,1,4,10+ Miles,Pacific,0,29-34,72.7272727272727
S,M,0,No,Bachelors,Professional,0,4,10+ Miles,Pacific,0,35-40,72.7272727272727
S,F,0,Si,High School,Management,1,4,10+ Miles,Pacific,1,35-40,90.9090909090909
M,M,0,Si,High School,Management,1,4,10+ Miles,Pacific,1,35-40,90.9090909090909
S,F,0,No,Bachelors,Professional,1,4,10+ Miles,Pacific,1,35-40,81.8181818181818
S,M,0,Si,High School,Management,1,3,10+ Miles,Pacific,0,35-40,81.8181818181818
M,F,0,Si,High School,Management,1,4,10+ Miles,Pacific,0,35-40,81.8181818181818
M,F,0,No,Bachelors,Professional,1,4,10+ Miles,Pacific,0,29-34,81.8181818181818
M,M,0,Si,Partial High School,Professional,1,4,10+ Miles,Pacific,0,35-40,81.8181818181818
M,M,0,Si,High School,Management,1,4,10+ Miles,Pacific,1,35-40,90.9090909090909
M,M,0,Si,High School,Management,1,4,10+ Miles,Pacific,1,35-40,90.9090909090909
M,M,0,Si,Partial High School,Professional,1,4,10+ Miles,Pacific,1,35-40,90.9090909090909
S,F,0,Si,Partial High School,Professional,1,4,10+ Miles,Pacific,1,35-40,90.9090909090909
M,M,0,Si,Partial High School,Management,0,4,10+ Miles,Pacific,0,35-40,90.9090909090909
S,F,5,No,Bachelors,Management,1,2,10+ Miles,North America,1,65+,63.6363636363636
S,M,2,Si,Bachelors,Management,0,4,0-1 Miles,North America,0,56-65,90.9090909090909
S,M,1,Si,Graduate Degree,Management,0,4,0-1 Miles,North America,0,65+,90.9090909090909
M,M,1,Si,Graduate Degree,Management,1,2,0-1 Miles,North America,0,65+,90.9090909090909
M,F,5,No,Bachelors,Management,1,2,1-2 Miles,North America,1,65+,72.7272727272727
M,M,2,Si,Graduate Degree,Management,1,3,1-2 Miles,North America,0,65+,81.8181818181818
M,F,2,Si,Graduate Degree,Management,1,3,5-10 Miles,North America,0,65+,90.9090909090909
M,F,2,Si,Bachelors,Management,1,4,5-10 Miles,North America,0,65+,90.9090909090909
M,F,2,Si,Bachelors,Management,1,3,5-10 Miles,North America,0,65+,90.9090909090909
M,F,2,Si,Graduate Degree,Management,1,3,5-10 Miles,North America,0,65+,90.9090909090909
M,F,2,Si,Bachelors,Management,1,3,5-10 Miles,North America,0,65+,90.9090909090909
M,F,0,No,Partial College,Skilled Manual,1,2,5-10 Miles,North America,0,29-34,45.4545454545455
M,F,0,No,Partial College,Professional,1,2,5-10 Miles,North America,1,35-40,63.6363636363636
M,F,0,No,Partial College,Professional,1,2,5-10 Miles,North America,1,29-34,63.6363636363636
M,F,0,No,Partial College,Professional,1,2,5-10 Miles,North America,0,29-34,45.4545454545455
M,M,2,No,High School,Skilled Manual,0,2,1-2 Miles,Pacific,1,51-55,72.7272727272727
M,M,2,No,High School,Skilled Manual,0,2,1-2 Miles,Pacific,1,51-55,72.7272727272727
S,F,2,No,High School,Skilled Manual,1,2,5-10 Miles,Pacific,1,51-55,72.7272727272727
S,F,2,No,High School,Skilled Manual,1,2,5-10 Miles,Pacific,1,51-55,72.7272727272727
S,M,2,No,High School,Skilled Manual,0,2,1-2 Miles,Pacific,1,51-55,63.6363636363636
S,M,2,No,High School,Skilled Manual,1,2,5-10 Miles,Pacific,1,51-55,63.6363636363636
S,F,2,No,High School,Professional,0,2,1-2 Miles,Pacific,1,51-55,63.6363636363636
S,F,2,No,High School,Professional,0,2,1-2 Miles,Pacific,1,51-55,63.6363636363636
M,F,0,Si,Graduate Degree,Management,1,1,5-10 Miles,Pacific,1,51-55,90.9090909090909
S,F,0,Si,Graduate Degree,Management,0,2,0-1 Miles,Pacific,0,51-55,90.9090909090909
S,F,0,No,Bachelors,Management,0,1,2-5 Miles,North America,0,35-40,72.7272727272727
S,F,0,No,High School,Professional,1,2,5-10 Miles,North America,0,35-40,18.1818181818182
S,M,0,No,High School,Professional,0,2,1-2 Miles,North America,1,35-40,18.1818181818182
S,M,0,No,Partial College,Professional,1,2,5-10 Miles,North America,0,35-40,45.4545454545455
S,F,0,No,Partial College,Professional,0,2,1-2 Miles,North America,1,35-40,45.4545454545455
S,F,0,No,Partial College,Professional,1,2,5-10 Miles,North America,0,35-40,45.4545454545455
S,F,0,No,Partial College,Professional,1,2,5-10 Miles,North America,0,35-40,45.4545454545455
S,M,0,No,Partial College,Professional,0,2,1-2 Miles,North America,1,35-40,45.4545454545455
M,M,0,Si,Graduate Degree,Management,1,3,0-1 Miles,Pacific,0,41-45,90.9090909090909
S,F,0,No,Graduate Degree,Management,0,3,0-1 Miles,Pacific,1,41-45,90.9090909090909
M,F,0,Si,Graduate Degree,Management,1,3,1-2 Miles,North America,0,35-40,90.9090909090909
M,M,0,Si,Graduate Degree,Management,1,4,0-1 Miles,North America,0,29-34,90.9090909090909
M,M,2,No,Partial High School,Skilled Manual,1,2,5-10 Miles,North America,1,51-55,63.6363636363636
S,F,0,No,Bachelors,Professional,0,1,5-10 Miles,Pacific,0,35-40,63.6363636363636
M,M,0,No,Bachelors,Professional,0,1,0-1 Miles,Pacific,0,46-50,63.6363636363636
S,M,5,Si,Bachelors,Professional,1,4,1-2 Miles,Pacific,0,41-45,72.7272727272727
M,F,4,Si,Bachelors,Professional,1,0,0-1 Miles,Pacific,0,41-45,81.8181818181818
M,F,4,Si,Bachelors,Professional,1,0,0-1 Miles,Pacific,0,41-45,81.8181818181818
M,M,1,No,Bachelors,Professional,1,1,0-1 Miles,Pacific,1,46-50,45.4545454545455
S,F,1,No,Bachelors,Professional,1,1,5-10 Miles,Pacific,1,46-50,45.4545454545455
M,F,1,No,Bachelors,Professional,1,1,5-10 Miles,Pacific,1,46-50,45.4545454545455
S,M,1,No,Partial College,Skilled Manual,0,1,0-1 Miles,Pacific,1,41-45,45.4545454545455
S,F,1,No,Partial College,Skilled Manual,0,1,0-1 Miles,Pacific,1,46-50,45.4545454545455
M,M,1,No,Partial College,Skilled Manual,1,1,5-10 Miles,Pacific,0,46-50,45.4545454545455
M,F,0,No,Graduate Degree,Management,1,1,10+ Miles,Pacific,0,41-45,90.9090909090909
S,F,0,No,Graduate Degree,Management,0,2,1-2 Miles,Pacific,1,41-45,90.9090909090909
M,M,1,No,Partial College,Skilled Manual,1,1,5-10 Miles,Pacific,0,35-40,45.4545454545455
M,M,1,No,Partial College,Skilled Manual,1,1,0-1 Miles,Pacific,1,41-45,45.4545454545455
M,F,1,No,Partial College,Skilled Manual,1,1,5-10 Miles,Pacific,0,46-50,45.4545454545455
M,M,1,No,Bachelors,Professional,1,1,1-2 Miles,Pacific,0,46-50,81.8181818181818
S,F,0,No,Bachelors,Professional,0,1,0-1 Miles,Pacific,1,41-45,63.6363636363636
S,M,5,Si,Bachelors,Professional,1,4,1-2 Miles,Pacific,0,41-45,72.7272727272727
S,F,0,No,Bachelors,Professional,0,1,5-10 Miles,Pacific,0,35-40,63.6363636363636
M,M,5,No,Bachelors,Professional,1,1,10+ Miles,Pacific,0,46-50,81.8181818181818
S,M,0,No,Bachelors,Professional,0,1,5-10 Miles,Pacific,0,41-45,63.6363636363636
S,F,0,No,Bachelors,Professional,0,2,0-1 Miles,Pacific,1,35-40,63.6363636363636
M,F,1,No,Partial College,Skilled Manual,1,1,0-1 Miles,Pacific,1,41-45,45.4545454545455
M,F,1,No,Partial College,Skilled Manual,1,1,5-10 Miles,Pacific,1,46-50,45.4545454545455
M,F,5,Si,Partial College,Skilled Manual,1,2,0-1 Miles,Pacific,0,46-50,63.6363636363636
M,F,5,Si,Bachelors,Professional,0,2,0-1 Miles,Pacific,0,51-55,72.7272727272727
M,F,5,Si,Bachelors,Professional,1,2,1-2 Miles,Pacific,0,51-55,72.7272727272727
S,M,2,No,Bachelors,Professional,1,1,2-5 Miles,Pacific,1,51-55,81.8181818181818
S,F,2,No,Bachelors,Management,0,1,5-10 Miles,Pacific,1,35-40,81.8181818181818
M,M,2,No,Partial College,Clerical,0,2,5-10 Miles,Pacific,0,65+,18.1818181818182
M,F,5,Si,Partial College,Skilled Manual,1,3,10+ Miles,Pacific,0,46-50,63.6363636363636
M,M,5,Si,Partial College,Skilled Manual,1,3,10+ Miles,Pacific,0,46-50,63.6363636363636
S,F,1,No,Partial College,Skilled Manual,0,1,0-1 Miles,Pacific,1,51-55,63.6363636363636
M,M,2,No,Bachelors,Management,1,1,0-1 Miles,Pacific,1,56-65,27.2727272727273
M,M,0,No,High School,Skilled Manual,1,2,5-10 Miles,North America,0,29-34,18.1818181818182
M,F,0,No,High School,Skilled Manual,1,2,5-10 Miles,North America,0,29-34,18.1818181818182
S,M,0,No,High School,Skilled Manual,0,2,0-1 Miles,North America,0,29-34,18.1818181818182
M,F,0,No,High School,Skilled Manual,1,1,5-10 Miles,North America,0,29-34,27.2727272727273
S,M,0,No,High School,Skilled Manual,1,1,5-10 Miles,North America,0,29-34,27.2727272727273
S,M,0,No,High School,Skilled Manual,1,1,5-10 Miles,North America,0,35-40,27.2727272727273
S,F,0,No,High School,Skilled Manual,1,2,5-10 Miles,North America,0,29-34,18.1818181818182
M,M,0,No,High School,Skilled Manual,0,2,0-1 Miles,North America,0,29-34,18.1818181818182
S,M,0,No,High School,Skilled Manual,1,2,5-10 Miles,North America,0,29-34,18.1818181818182
M,F,0,No,High School,Skilled Manual,1,2,5-10 Miles,North America,0,29-34,18.1818181818182
S,M,0,No,High School,Skilled Manual,0,2,0-1 Miles,North America,0,29-34,18.1818181818182
M,M,0,No,High School,Skilled Manual,1,2,5-10 Miles,North America,0,29-34,18.1818181818182
M,M,0,No,High School,Skilled Manual,1,2,5-10 Miles,North America,0,29-34,18.1818181818182
S,M,0,No,High School,Skilled Manual,0,2,0-1 Miles,North America,1,29-34,27.2727272727273
M,M,0,No,High School,Skilled Manual,1,2,5-10 Miles,North America,1,29-34,27.2727272727273
M,M,2,No,Partial College,Clerical,0,2,5-10 Miles,Pacific,0,65+,18.1818181818182
M,F,2,No,Partial College,Clerical,0,2,0-1 Miles,Pacific,0,65+,18.1818181818182
S,F,0,No,Partial High School,Clerical,0,2,5-10 Miles,North America,0,29-34,18.1818181818182
S,F,0,No,High School,Skilled Manual,0,2,0-1 Miles,North America,1,29-34,27.2727272727273
M,M,2,No,Bachelors,Management,1,2,5-10 Miles,Pacific,0,65+,27.2727272727273
S,F,2,No,Bachelors,Management,1,2,5-10 Miles,Pacific,0,65+,27.2727272727273
S,F,0,No,High School,Skilled Manual,0,2,0-1 Miles,North America,0,29-34,27.2727272727273
S,F,0,No,High School,Skilled Manual,0,2,0-1 Miles,North America,0,29-34,27.2727272727273
S,F,0,No,High School,Skilled Manual,1,2,5-10 Miles,North America,0,29-34,27.2727272727273
M,M,2,No,Partial College,Clerical,0,2,5-10 Miles,Pacific,0,65+,18.1818181818182
M,M,2,No,Bachelors,Management,1,2,5-10 Miles,Pacific,0,56-65,27.2727272727273
M,M,2,No,Bachelors,Management,0,2,0-1 Miles,Pacific,1,65+,27.2727272727273
M,M,2,No,Bachelors,Management,0,2,0-1 Miles,Pacific,1,65+,27.2727272727273
M,M,2,No,Bachelors,Management,0,2,0-1 Miles,Pacific,1,65+,27.2727272727273
M,F,2,No,Bachelors,Management,1,2,0-1 Miles,Pacific,1,65+,27.2727272727273
M,F,2,No,Bachelors,Management,1,2,0-1 Miles,Pacific,1,65+,27.2727272727273
S,F,2,No,Graduate Degree,Management,0,1,0-1 Miles,Pacific,1,65+,45.4545454545455
S,F,0,No,High School,Skilled Manual,0,2,1-2 Miles,North America,0,29-34,27.2727272727273
S,M,0,No,High School,Skilled Manual,0,2,1-2 Miles,North America,1,29-34,27.2727272727273
S,M,0,No,High School,Skilled Manual,1,2,5-10 Miles,North America,0,29-34,27.2727272727273
S,M,0,No,Partial College,Skilled Manual,1,1,5-10 Miles,North America,0,35-40,18.1818181818182
M,M,0,No,Partial College,Skilled Manual,1,1,5-10 Miles,North America,0,35-40,18.1818181818182
M,M,0,No,Partial College,Skilled Manual,1,1,5-10 Miles,North America,1,29-34,45.4545454545455
S,M,0,No,Partial College,Skilled Manual,1,1,5-10 Miles,North America,1,35-40,45.4545454545455
S,F,0,No,Partial College,Skilled Manual,1,2,5-10 Miles,North America,1,35-40,63.6363636363636
S,M,0,No,Bachelors,Management,1,1,1-2 Miles,North America,1,35-40,72.7272727272727
M,F,0,No,Bachelors,Management,1,1,1-2 Miles,North America,1,35-40,72.7272727272727
M,M,0,No,Bachelors,Management,0,1,0-1 Miles,North America,1,41-45,72.7272727272727
M,F,0,Si,Graduate Degree,Management,1,0,5-10 Miles,North America,0,41-45,90.9090909090909
M,M,0,Si,Graduate Degree,Management,1,0,1-2 Miles,North America,1,35-40,90.9090909090909
M,F,0,Si,Graduate Degree,Management,0,1,2-5 Miles,North America,0,41-45,90.9090909090909
S,F,4,No,Graduate Degree,Skilled Manual,0,0,0-1 Miles,North America,0,41-45,45.4545454545455
S,M,4,Si,Partial College,Clerical,1,1,1-2 Miles,North America,1,35-40,27.2727272727273
M,M,0,No,Graduate Degree,Skilled Manual,1,0,1-2 Miles,North America,1,35-40,45.4545454545455
M,M,0,No,Graduate Degree,Skilled Manual,1,0,1-2 Miles,North America,1,35-40,45.4545454545455
M,M,0,No,Graduate Degree,Skilled Manual,1,0,1-2 Miles,North America,1,35-40,45.4545454545455
M,M,1,No,Graduate Degree,Skilled Manual,1,0,0-1 Miles,North America,0,35-40,45.4545454545455
S,F,1,No,Graduate Degree,Skilled Manual,1,0,1-2 Miles,North America,0,35-40,45.4545454545455
M,M,1,No,Graduate Degree,Skilled Manual,1,0,0-1 Miles,North America,0,35-40,45.4545454545455
M,M,1,No,Graduate Degree,Skilled Manual,1,0,0-1 Miles,North America,0,35-40,45.4545454545455
M,M,1,No,Graduate Degree,Skilled Manual,1,0,1-2 Miles,North America,0,35-40,45.4545454545455
M,M,1,Si,Graduate Degree,Skilled Manual,1,0,0-1 Miles,North America,1,35-40,45.4545454545455
M,M,1,Si,Graduate Degree,Skilled Manual,1,0,1-2 Miles,North America,0,35-40,45.4545454545455
M,F,1,Si,Graduate Degree,Skilled Manual,1,0,1-2 Miles,North America,0,35-40,45.4545454545455
M,M,1,No,Graduate Degree,Skilled Manual,1,0,0-1 Miles,North America,0,35-40,45.4545454545455
S,M,1,No,Graduate Degree,Skilled Manual,1,0,2-5 Miles,North America,0,29-34,45.4545454545455
M,F,1,No,Graduate Degree,Professional,1,0,0-1 Miles,North America,0,29-34,45.4545454545455
M,M,1,Si,Bachelors,Skilled Manual,1,0,2-5 Miles,North America,1,35-40,45.4545454545455
M,M,4,No,Bachelors,Management,1,2,1-2 Miles,North America,0,56-65,63.6363636363636
S,M,4,No,Graduate Degree,Management,1,2,10+ Miles,North America,1,56-65,45.4545454545455
M,F,5,No,Bachelors,Management,1,2,10+ Miles,North America,1,51-55,63.6363636363636
M,M,5,No,Bachelors,Management,1,2,2-5 Miles,North America,0,56-65,63.6363636363636
M,M,5,No,Bachelors,Management,1,2,10+ Miles,North America,0,56-65,63.6363636363636
M,M,5,No,Bachelors,Management,1,3,2-5 Miles,North America,1,56-65,45.4545454545455
M,F,5,No,Bachelors,Management,1,3,10+ Miles,North America,1,56-65,45.4545454545455
M,F,5,No,Bachelors,Management,1,3,10+ Miles,North America,1,56-65,45.4545454545455
M,M,3,Si,Bachelors,Management,1,1,10+ Miles,North America,1,56-65,63.6363636363636
M,M,4,Si,Bachelors,Management,1,1,10+ Miles,North America,1,56-65,63.6363636363636
S,F,4,Si,Bachelors,Management,1,1,10+ Miles,North America,0,56-65,63.6363636363636
M,M,5,No,Bachelors,Management,1,3,2-5 Miles,North America,0,56-65,45.4545454545455
M,F,5,No,Bachelors,Management,1,3,2-5 Miles,North America,1,56-65,45.4545454545455
M,M,5,No,Bachelors,Management,1,3,2-5 Miles,North America,1,56-65,45.4545454545455
S,M,5,No,Bachelors,Management,1,3,10+ Miles,North America,1,56-65,45.4545454545455
M,F,5,No,Bachelors,Management,1,3,2-5 Miles,North America,1,56-65,45.4545454545455
S,F,2,Si,Bachelors,Management,1,0,10+ Miles,North America,1,56-65,45.4545454545455
M,F,2,Si,Bachelors,Management,1,0,10+ Miles,North America,1,56-65,45.4545454545455
M,F,4,Si,Bachelors,Management,1,1,1-2 Miles,North America,0,56-65,63.6363636363636
S,F,2,Si,Partial College,Professional,1,1,10+ Miles,North America,0,56-65,45.4545454545455
M,M,2,Si,Partial College,Professional,0,1,2-5 Miles,North America,1,56-65,45.4545454545455
M,F,2,Si,Bachelors,Management,1,0,2-5 Miles,North America,1,56-65,45.4545454545455
M,F,2,Si,Bachelors,Management,1,0,2-5 Miles,North America,1,56-65,45.4545454545455
M,F,2,Si,High School,Professional,1,2,2-5 Miles,North America,0,56-65,27.2727272727273
S,F,2,Si,Partial College,Professional,1,2,10+ Miles,North America,0,51-55,45.4545454545455
S,M,2,Si,Partial College,Professional,1,2,10+ Miles,North America,0,56-65,45.4545454545455
M,M,2,Si,Partial College,Professional,0,2,2-5 Miles,North America,1,51-55,45.4545454545455
M,M,2,Si,High School,Professional,1,2,2-5 Miles,North America,1,56-65,45.4545454545455
S,M,2,Si,High School,Professional,1,2,10+ Miles,North America,1,51-55,45.4545454545455
M,M,2,Si,Partial College,Professional,1,1,2-5 Miles,North America,0,56-65,45.4545454545455
M,F,2,Si,Partial College,Professional,1,1,10+ Miles,North America,1,56-65,45.4545454545455
M,F,4,Si,Partial College,Professional,0,1,1-2 Miles,North America,0,56-65,63.6363636363636
S,F,4,Si,Partial College,Professional,1,1,10+ Miles,North America,0,51-55,63.6363636363636
M,M,2,Si,High School,Professional,0,2,2-5 Miles,North America,1,56-65,63.6363636363636
M,M,2,Si,Partial College,Professional,1,1,10+ Miles,North America,1,56-65,45.4545454545455
M,F,2,Si,Partial College,Professional,1,2,2-5 Miles,North America,1,51-55,45.4545454545455
M,M,2,Si,Partial College,Professional,1,2,10+ Miles,North America,0,56-65,45.4545454545455
S,F,4,Si,Partial College,Professional,1,1,10+ Miles,North America,0,51-55,63.6363636363636
M,M,4,Si,Partial College,Professional,1,1,1-2 Miles,North America,0,56-65,63.6363636363636
M,F,4,Si,Partial College,Professional,1,1,10+ Miles,North America,0,51-55,63.6363636363636
M,M,4,Si,Partial College,Professional,1,1,10+ Miles,North America,0,56-65,63.6363636363636
M,F,4,Si,Partial College,Professional,1,2,2-5 Miles,North America,1,56-65,63.6363636363636
M,M,4,Si,Partial College,Professional,1,2,2-5 Miles,North America,1,56-65,63.6363636363636
M,F,5,Si,Partial College,Professional,1,2,10+ Miles,North America,1,56-65,63.6363636363636
M,F,2,Si,Bachelors,Management,0,4,5-10 Miles,Europe,1,51-55,90.9090909090909
M,M,1,Si,Partial College,Professional,0,3,5-10 Miles,Europe,1,51-55,90.9090909090909
M,F,1,Si,Partial College,Professional,0,4,5-10 Miles,Europe,1,51-55,90.9090909090909
M,M,2,Si,High School,Professional,1,4,5-10 Miles,Europe,1,51-55,90.9090909090909
M,F,2,Si,High School,Professional,1,4,5-10 Miles,Europe,0,51-55,90.9090909090909
M,M,3,Si,Partial College,Professional,1,3,5-10 Miles,Europe,1,46-50,90.9090909090909
M,M,3,Si,Bachelors,Management,1,3,0-1 Miles,Europe,1,41-45,90.9090909090909
M,M,2,Si,High School,Professional,1,2,0-1 Miles,Europe,1,46-50,90.9090909090909
M,M,2,Si,High School,Professional,1,2,5-10 Miles,Europe,1,46-50,90.9090909090909
M,F,3,Si,Partial College,Professional,1,3,5-10 Miles,Europe,1,51-55,90.9090909090909
M,M,3,Si,Partial College,Professional,1,3,0-1 Miles,Europe,1,51-55,90.9090909090909
S,M,3,No,Graduate Degree,Management,1,2,5-10 Miles,North America,1,65+,63.6363636363636
M,M,3,No,Graduate Degree,Management,1,1,2-5 Miles,North America,1,65+,81.8181818181818
S,F,2,No,Graduate Degree,Management,1,2,5-10 Miles,North America,1,65+,45.4545454545455
M,M,4,No,Graduate Degree,Management,1,2,5-10 Miles,North America,1,65+,63.6363636363636
M,M,4,Si,Partial College,Professional,1,3,2-5 Miles,North America,1,41-45,81.8181818181818
M,F,4,Si,Partial College,Professional,1,3,2-5 Miles,North America,0,41-45,81.8181818181818
S,M,2,Si,Bachelors,Management,0,3,1-2 Miles,North America,0,41-45,90.9090909090909
M,F,0,No,Graduate Degree,Management,1,2,0-1 Miles,North America,1,41-45,90.9090909090909
M,M,4,Si,Bachelors,Management,1,0,2-5 Miles,North America,0,46-50,72.7272727272727
M,M,4,Si,Partial College,Professional,1,1,2-5 Miles,North America,0,41-45,72.7272727272727
M,F,3,Si,Bachelors,Management,1,4,2-5 Miles,North America,0,35-40,90.9090909090909
S,M,2,Si,Graduate Degree,Management,0,2,0-1 Miles,North America,0,46-50,90.9090909090909
M,F,1,Si,Bachelors,Management,1,2,0-1 Miles,North America,1,35-40,90.9090909090909
S,F,0,No,Graduate Degree,Management,0,3,1-2 Miles,North America,1,35-40,90.9090909090909
S,M,4,Si,Partial College,Professional,1,2,2-5 Miles,North America,0,46-50,72.7272727272727
M,M,4,Si,Partial College,Professional,1,2,2-5 Miles,North America,0,35-40,72.7272727272727
S,F,4,Si,Partial College,Professional,0,2,0-1 Miles,North America,0,35-40,72.7272727272727
M,M,4,Si,Partial College,Professional,1,2,2-5 Miles,North America,0,41-45,72.7272727272727
S,F,0,No,Partial College,Professional,0,2,2-5 Miles,North America,1,46-50,81.8181818181818
S,M,0,Si,Partial College,Professional,1,2,2-5 Miles,North America,1,46-50,81.8181818181818
S,F,4,Si,Bachelors,Management,1,4,5-10 Miles,North America,1,41-45,90.9090909090909
S,F,4,Si,Bachelors,Management,1,0,5-10 Miles,North America,0,46-50,90.9090909090909
M,M,0,No,Graduate Degree,Management,1,3,1-2 Miles,North America,1,35-40,90.9090909090909
M,F,5,Si,Partial College,Professional,1,2,5-10 Miles,North America,0,46-50,72.7272727272727
M,F,5,Si,Partial College,Professional,1,4,5-10 Miles,North America,0,46-50,81.8181818181818
M,M,5,Si,Partial College,Professional,1,4,5-10 Miles,North America,0,41-45,81.8181818181818
M,F,1,Si,Partial College,Professional,1,3,5-10 Miles,North America,0,46-50,81.8181818181818
S,M,1,Si,Partial College,Professional,1,3,5-10 Miles,North America,1,41-45,81.8181818181818
M,F,1,Si,Bachelors,Management,1,2,1-2 Miles,North America,0,46-50,90.9090909090909
S,M,1,Si,Bachelors,Management,0,4,0-1 Miles,North America,0,41-45,90.9090909090909
M,M,1,Si,Bachelors,Management,1,4,0-1 Miles,North America,0,46-50,90.9090909090909
M,F,5,Si,Partial College,Professional,1,3,1-2 Miles,North America,0,46-50,72.7272727272727
S,F,3,Si,Partial College,Professional,1,4,5-10 Miles,North America,1,46-50,81.8181818181818
M,F,1,Si,High School,Professional,1,4,5-10 Miles,North America,1,41-45,90.9090909090909
M,F,1,Si,Bachelors,Management,1,2,2-5 Miles,North America,1,29-34,90.9090909090909
S,F,1,Si,Bachelors,Management,0,3,0-1 Miles,North America,1,46-50,90.9090909090909
M,M,1,Si,Bachelors,Management,0,2,2-5 Miles,North America,1,41-45,90.9090909090909
M,F,0,No,Graduate Degree,Management,1,4,2-5 Miles,North America,1,46-50,90.9090909090909
M,F,2,No,High School,Professional,0,2,1-2 Miles,North America,0,51-55,45.4545454545455
M,F,2,Si,High School,Professional,1,1,10+ Miles,North America,1,46-50,81.8181818181818
M,M,2,No,Partial High School,Skilled Manual,1,2,5-10 Miles,North America,1,35-40,72.7272727272727
M,M,4,No,High School,Professional,0,2,5-10 Miles,North America,1,65+,18.1818181818182
S,F,4,No,Bachelors,Management,1,2,5-10 Miles,North America,0,65+,81.8181818181818
M,F,4,No,Bachelors,Management,1,2,5-10 Miles,North America,0,65+,81.8181818181818
M,M,3,No,Partial College,Professional,0,2,1-2 Miles,North America,0,65+,27.2727272727273
S,F,2,No,Graduate Degree,Management,1,2,1-2 Miles,North America,0,65+,45.4545454545455
S,M,2,No,Graduate Degree,Management,1,2,5-10 Miles,North America,1,65+,45.4545454545455
S,F,2,No,Graduate Degree,Management,1,2,5-10 Miles,North America,1,65+,45.4545454545455
M,M,4,No,Graduate Degree,Management,1,2,5-10 Miles,North America,1,56-65,63.6363636363636
M,M,4,No,Graduate Degree,Management,1,2,5-10 Miles,North America,1,65+,63.6363636363636
S,M,3,Si,Partial College,Professional,1,4,5-10 Miles,North America,1,46-50,81.8181818181818
S,M,4,Si,High School,Professional,1,1,5-10 Miles,North America,0,46-50,90.9090909090909
M,M,2,No,High School,Professional,0,2,5-10 Miles,North America,0,51-55,45.4545454545455
M,M,2,No,Partial High School,Skilled Manual,0,2,1-2 Miles,North America,0,41-45,45.4545454545455
M,M,2,No,Partial High School,Skilled Manual,1,2,5-10 Miles,North America,1,51-55,45.4545454545455
M,M,2,No,Partial High School,Skilled Manual,1,2,5-10 Miles,North America,1,51-55,45.4545454545455
S,F,3,No,Partial High School,Skilled Manual,1,2,5-10 Miles,North America,1,56-65,45.4545454545455
S,M,3,No,Partial High School,Skilled Manual,1,2,5-10 Miles,North America,1,46-50,45.4545454545455
M,M,3,No,Partial High School,Skilled Manual,1,2,5-10 Miles,North America,1,56-65,45.4545454545455
M,F,3,Si,High School,Professional,1,0,5-10 Miles,North America,0,51-55,63.6363636363636
M,F,3,Si,High School,Professional,1,0,5-10 Miles,North America,1,56-65,63.6363636363636
S,M,3,No,Graduate Degree,Management,1,2,5-10 Miles,North America,1,56-65,63.6363636363636
S,F,3,No,Graduate Degree,Management,1,2,5-10 Miles,North America,1,35-40,45.4545454545455
M,F,3,No,Partial College,Professional,0,2,1-2 Miles,North America,1,56-65,27.2727272727273
M,F,3,No,Partial College,Professional,0,2,5-10 Miles,North America,1,56-65,27.2727272727273
S,F,3,No,Partial College,Professional,1,2,5-10 Miles,North America,1,51-55,27.2727272727273
M,M,3,No,Partial College,Professional,0,2,5-10 Miles,North America,1,51-55,27.2727272727273
M,F,2,Si,Graduate Degree,Management,0,4,2-5 Miles,North America,0,65+,90.9090909090909
M,M,2,Si,Graduate Degree,Management,1,3,5-10 Miles,North America,0,65+,90.9090909090909
M,M,2,Si,Bachelors,Management,1,4,2-5 Miles,North America,0,65+,90.9090909090909
S,M,5,No,Bachelors,Management,1,2,5-10 Miles,North America,0,65+,81.8181818181818
S,M,2,Si,Graduate Degree,Management,1,0,5-10 Miles,North America,0,65+,90.9090909090909
M,F,2,Si,Graduate Degree,Management,1,0,5-10 Miles,North America,0,65+,90.9090909090909
M,F,2,Si,Bachelors,Management,1,4,2-5 Miles,North America,0,65+,90.9090909090909
M,F,1,Si,Graduate Degree,Management,1,4,2-5 Miles,North America,1,65+,90.9090909090909
S,F,4,No,Graduate Degree,Management,1,2,5-10 Miles,North America,1,65+,72.7272727272727
S,F,4,No,Graduate Degree,Management,1,2,5-10 Miles,North America,1,65+,72.7272727272727
M,F,5,No,Bachelors,Management,1,2,5-10 Miles,North America,1,65+,81.8181818181818
M,M,2,Si,Graduate Degree,Management,1,3,5-10 Miles,North America,0,65+,90.9090909090909
M,M,5,No,Bachelors,Management,1,2,5-10 Miles,North America,0,65+,81.8181818181818
M,M,5,No,Bachelors,Management,0,2,1-2 Miles,North America,1,65+,81.8181818181818
S,M,2,Si,Graduate Degree,Management,1,3,5-10 Miles,North America,0,65+,81.8181818181818
M,F,3,No,Bachelors,Management,1,3,0-1 Miles,North America,1,41-45,81.8181818181818
M,M,3,No,Bachelors,Management,1,3,0-1 Miles,North America,1,35-40,81.8181818181818
S,F,1,Si,Graduate Degree,Management,0,2,1-2 Miles,North America,1,41-45,90.9090909090909
M,M,1,Si,Bachelors,Management,1,4,0-1 Miles,North America,0,41-45,90.9090909090909
S,F,0,No,High School,Skilled Manual,1,2,5-10 Miles,North America,0,29-34,27.2727272727273
M,F,4,No,High School,Skilled Manual,0,2,1-2 Miles,Pacific,0,56-65,9.09090909090909
M,M,0,No,Partial College,Skilled Manual,0,2,1-2 Miles,North America,1,29-34,45.4545454545455
M,M,0,No,High School,Skilled Manual,1,2,5-10 Miles,North America,1,29-34,27.2727272727273
S,F,0,No,Partial College,Skilled Manual,1,1,5-10 Miles,North America,0,29-34,27.2727272727273
S,M,0,No,Partial College,Skilled Manual,1,1,5-10 Miles,North America,0,29-34,27.2727272727273
S,F,0,No,Partial College,Skilled Manual,0,2,1-2 Miles,North America,1,29-34,45.4545454545455
S,M,0,No,Partial College,Skilled Manual,0,2,1-2 Miles,North America,1,29-34,45.4545454545455
M,M,2,Si,Partial High School,Clerical,1,2,5-10 Miles,Pacific,0,56-65,9.09090909090909
M,F,4,No,High School,Skilled Manual,1,2,5-10 Miles,Pacific,0,56-65,9.09090909090909
S,M,2,No,Partial College,Clerical,1,2,5-10 Miles,Pacific,1,51-55,18.1818181818182
M,F,2,No,Partial College,Clerical,0,2,5-10 Miles,Pacific,1,56-65,18.1818181818182
S,F,4,No,High School,Skilled Manual,1,2,5-10 Miles,Pacific,0,56-65,9.09090909090909
S,M,3,No,Partial College,Clerical,1,2,5-10 Miles,Pacific,1,56-65,18.1818181818182
M,M,1,No,Graduate Degree,Manual,1,0,0-1 Miles,Europe,0,46-50,9.09090909090909
S,M,1,No,Graduate Degree,Manual,1,0,0-1 Miles,Europe,0,41-45,9.09090909090909
S,F,1,No,Graduate Degree,Manual,1,0,0-1 Miles,Europe,0,41-45,9.09090909090909
S,M,1,No,Graduate Degree,Clerical,1,0,0-1 Miles,Europe,0,46-50,9.09090909090909
M,F,1,No,Graduate Degree,Clerical,1,0,0-1 Miles,Europe,0,65+,9.09090909090909
M,M,5,No,Graduate Degree,Clerical,1,0,0-1 Miles,Europe,1,41-45,18.1818181818182
S,F,1,No,Bachelors,Manual,1,0,0-1 Miles,Europe,1,51-55,9.09090909090909
M,F,1,No,Partial College,Manual,1,0,0-1 Miles,Europe,0,46-50,9.09090909090909
S,F,1,No,Bachelors,Clerical,1,0,0-1 Miles,Europe,1,46-50,9.09090909090909
M,F,2,No,Partial College,Manual,1,0,0-1 Miles,Europe,0,41-45,9.09090909090909
M,F,2,No,Partial College,Manual,1,1,0-1 Miles,Europe,1,51-55,9.09090909090909
M,F,1,No,Bachelors,Clerical,1,0,0-1 Miles,Europe,0,65+,9.09090909090909
S,M,1,No,Bachelors,Clerical,1,0,0-1 Miles,Europe,1,65+,9.09090909090909
S,F,1,No,Graduate Degree,Clerical,1,0,0-1 Miles,Europe,1,65+,18.1818181818182
M,F,1,No,Graduate Degree,Clerical,1,0,0-1 Miles,Europe,1,65+,18.1818181818182
M,F,1,Si,Bachelors,Skilled Manual,1,0,2-5 Miles,North America,1,29-34,45.4545454545455
M,F,1,Si,Bachelors,Skilled Manual,1,1,0-1 Miles,North America,0,29-34,45.4545454545455
M,M,1,Si,Bachelors,Skilled Manual,1,1,2-5 Miles,North America,1,29-34,45.4545454545455
M,M,1,Si,Bachelors,Skilled Manual,1,1,0-1 Miles,North America,0,35-40,45.4545454545455
M,F,1,Si,Bachelors,Skilled Manual,1,1,2-5 Miles,North America,1,35-40,45.4545454545455
M,M,1,Si,Bachelors,Skilled Manual,1,1,2-5 Miles,North America,1,29-34,45.4545454545455
M,F,1,No,Graduate Degree,Professional,1,0,2-5 Miles,North America,0,35-40,45.4545454545455
S,M,1,No,Graduate Degree,Professional,1,0,2-5 Miles,North America,0,35-40,45.4545454545455
M,M,2,Si,Bachelors,Skilled Manual,1,0,2-5 Miles,North America,1,35-40,45.4545454545455
M,M,2,Si,Bachelors,Skilled Manual,1,0,2-5 Miles,North America,1,35-40,45.4545454545455
M,M,1,No,Graduate Degree,Professional,1,0,0-1 Miles,North America,0,35-40,45.4545454545455
M,M,1,No,Graduate Degree,Professional,1,0,2-5 Miles,North America,0,29-34,45.4545454545455
M,M,1,No,Graduate Degree,Professional,1,0,2-5 Miles,North America,0,35-40,45.4545454545455
M,F,1,No,Graduate Degree,Professional,1,0,2-5 Miles,North America,0,35-40,45.4545454545455
M,F,2,No,Graduate Degree,Professional,1,0,0-1 Miles,North America,1,29-34,63.6363636363636
M,M,1,No,Graduate Degree,Professional,1,0,0-1 Miles,North America,0,35-40,45.4545454545455
M,F,1,No,Graduate Degree,Professional,1,0,0-1 Miles,North America,0,35-40,45.4545454545455
M,M,1,No,Graduate Degree,Professional,1,0,0-1 Miles,North America,0,35-40,45.4545454545455
S,F,2,Si,Bachelors,Skilled Manual,0,1,0-1 Miles,North America,0,41-45,63.6363636363636
M,F,5,Si,High School,Skilled Manual,0,3,10+ Miles,North America,0,41-45,27.2727272727273
S,M,3,No,Graduate Degree,Professional,1,0,2-5 Miles,North America,1,35-40,63.6363636363636
S,M,2,No,Graduate Degree,Professional,1,0,0-1 Miles,North America,1,35-40,72.7272727272727
M,M,2,No,Graduate Degree,Professional,1,0,0-1 Miles,North America,1,35-40,72.7272727272727
S,F,2,Si,Bachelors,Skilled Manual,1,1,2-5 Miles,North America,1,35-40,45.4545454545455
S,F,2,Si,Bachelors,Skilled Manual,0,1,0-1 Miles,North America,0,41-45,45.4545454545455
S,M,2,Si,Bachelors,Skilled Manual,1,1,2-5 Miles,North America,1,29-34,45.4545454545455
S,F,2,Si,Bachelors,Skilled Manual,1,1,2-5 Miles,North America,1,41-45,45.4545454545455
S,F,2,Si,Bachelors,Skilled Manual,1,1,2-5 Miles,North America,1,35-40,45.4545454545455
M,M,3,Si,Bachelors,Skilled Manual,1,0,2-5 Miles,North America,0,41-45,45.4545454545455
S,F,3,Si,Bachelors,Skilled Manual,0,0,0-1 Miles,North America,1,41-45,45.4545454545455
S,M,0,No,Graduate Degree,Professional,1,0,2-5 Miles,North America,1,41-45,45.4545454545455
M,M,0,No,Graduate Degree,Professional,1,0,0-1 Miles,North America,0,41-45,45.4545454545455
S,F,4,No,Graduate Degree,Professional,1,0,2-5 Miles,North America,1,41-45,63.6363636363636
M,F,4,No,Graduate Degree,Professional,1,0,2-5 Miles,North America,0,41-45,63.6363636363636
M,M,5,No,Graduate Degree,Professional,1,0,0-1 Miles,North America,1,35-40,63.6363636363636
M,F,5,Si,Graduate Degree,Professional,1,2,0-1 Miles,North America,0,35-40,63.6363636363636
M,M,3,No,Graduate Degree,Professional,1,0,0-1 Miles,North America,1,41-45,72.7272727272727
S,M,0,No,Bachelors,Professional,1,1,2-5 Miles,North America,1,35-40,27.2727272727273
S,M,3,Si,Bachelors,Skilled Manual,1,1,2-5 Miles,North America,0,35-40,72.7272727272727
S,F,3,Si,Bachelors,Skilled Manual,1,1,2-5 Miles,North America,0,41-45,72.7272727272727
S,M,3,Si,Bachelors,Skilled Manual,1,2,2-5 Miles,North America,1,41-45,72.7272727272727
S,M,3,Si,Bachelors,Skilled Manual,0,2,0-1 Miles,North America,0,35-40,72.7272727272727
S,F,3,Si,Bachelors,Skilled Manual,1,2,2-5 Miles,North America,1,35-40,72.7272727272727
M,M,0,No,Graduate Degree,Professional,1,0,0-1 Miles,North America,0,41-45,45.4545454545455
S,F,4,Si,Bachelors,Skilled Manual,1,2,2-5 Miles,North America,0,41-45,45.4545454545455
S,M,4,Si,Bachelors,Skilled Manual,1,2,2-5 Miles,North America,0,29-34,45.4545454545455
M,M,4,Si,Bachelors,Skilled Manual,1,3,5-10 Miles,North America,0,35-40,45.4545454545455
S,F,5,Si,Bachelors,Skilled Manual,1,1,2-5 Miles,North America,0,41-45,45.4545454545455
S,F,5,Si,Bachelors,Skilled Manual,1,3,5-10 Miles,North America,1,41-45,45.4545454545455
S,F,5,Si,Bachelors,Skilled Manual,1,3,2-5 Miles,North America,1,41-45,45.4545454545455
S,F,4,Si,Bachelors,Skilled Manual,0,2,0-1 Miles,North America,1,41-45,45.4545454545455
S,F,4,Si,Bachelors,Skilled Manual,0,2,0-1 Miles,North America,1,35-40,45.4545454545455
S,F,4,Si,Bachelors,Skilled Manual,0,2,0-1 Miles,North America,1,35-40,45.4545454545455
S,F,4,Si,Bachelors,Skilled Manual,1,2,2-5 Miles,North America,1,46-50,63.6363636363636
S,F,4,Si,Bachelors,Skilled Manual,0,2,0-1 Miles,North America,1,46-50,63.6363636363636
S,M,4,Si,Bachelors,Professional,1,2,2-5 Miles,North America,1,35-40,63.6363636363636
S,F,4,Si,Bachelors,Professional,0,2,0-1 Miles,North America,1,46-50,63.6363636363636
S,F,4,Si,Bachelors,Professional,1,2,2-5 Miles,North America,1,35-40,63.6363636363636
S,F,4,Si,Bachelors,Professional,1,2,0-1 Miles,North America,1,46-50,63.6363636363636
M,M,4,Si,Bachelors,Professional,1,2,0-1 Miles,North America,1,46-50,63.6363636363636
S,M,0,No,Bachelors,Professional,0,1,2-5 Miles,North America,1,41-45,63.6363636363636
S,M,0,No,Bachelors,Professional,0,1,2-5 Miles,North America,1,41-45,63.6363636363636
S,M,0,No,Bachelors,Professional,1,1,2-5 Miles,North America,1,41-45,63.6363636363636
S,F,0,No,Bachelors,Professional,1,1,2-5 Miles,North America,1,41-45,63.6363636363636
M,F,2,Si,Graduate Degree,Professional,1,0,2-5 Miles,North America,1,35-40,45.4545454545455
M,F,3,Si,Graduate Degree,Professional,1,0,2-5 Miles,North America,1,46-50,45.4545454545455
S,F,1,No,Bachelors,Professional,0,1,0-1 Miles,North America,1,46-50,63.6363636363636
S,M,1,No,Bachelors,Professional,1,1,2-5 Miles,North America,0,41-45,63.6363636363636
S,F,1,No,Bachelors,Professional,1,1,2-5 Miles,North America,0,46-50,63.6363636363636
S,F,1,No,Bachelors,Professional,0,1,2-5 Miles,North America,0,46-50,63.6363636363636
M,M,1,No,Partial College,Skilled Manual,1,1,0-1 Miles,North America,1,46-50,63.6363636363636
M,F,4,Si,High School,Skilled Manual,1,3,2-5 Miles,North America,0,41-45,27.2727272727273
M,F,4,Si,High School,Skilled Manual,1,4,2-5 Miles,North America,0,35-40,27.2727272727273
M,F,4,Si,High School,Skilled Manual,1,2,2-5 Miles,North America,1,46-50,27.2727272727273
M,F,1,No,Partial College,Skilled Manual,1,1,2-5 Miles,North America,1,46-50,45.4545454545455
M,F,1,No,Partial College,Skilled Manual,1,1,2-5 Miles,North America,1,41-45,45.4545454545455
M,M,1,No,Partial College,Skilled Manual,1,1,0-1 Miles,North America,1,41-45,45.4545454545455
M,F,1,No,Partial College,Skilled Manual,1,1,0-1 Miles,North America,1,46-50,45.4545454545455
S,M,0,No,Partial College,Skilled Manual,0,1,2-5 Miles,North America,1,41-45,45.4545454545455
S,M,0,No,Partial College,Skilled Manual,0,1,0-1 Miles,North America,0,41-45,45.4545454545455
S,F,0,No,Partial College,Skilled Manual,0,1,0-1 Miles,North America,0,41-45,45.4545454545455
M,F,1,No,Partial College,Skilled Manual,1,1,2-5 Miles,North America,1,35-40,45.4545454545455
M,F,1,No,Partial College,Skilled Manual,1,1,0-1 Miles,North America,1,35-40,45.4545454545455
M,F,1,No,Partial College,Skilled Manual,1,1,2-5 Miles,North America,1,41-45,45.4545454545455
M,F,5,Si,Bachelors,Professional,1,1,2-5 Miles,North America,0,46-50,45.4545454545455
M,F,5,Si,Bachelors,Professional,1,1,2-5 Miles,North America,0,46-50,45.4545454545455
S,M,5,Si,Bachelors,Professional,1,1,2-5 Miles,North America,0,41-45,45.4545454545455
S,F,4,Si,Bachelors,Professional,1,0,2-5 Miles,North America,1,46-50,45.4545454545455
M,M,4,Si,Bachelors,Professional,1,1,2-5 Miles,North America,0,46-50,45.4545454545455
M,F,5,Si,Graduate Degree,Professional,0,3,10+ Miles,North America,0,41-45,63.6363636363636
M,M,4,No,Graduate Degree,Professional,1,0,0-1 Miles,North America,1,46-50,72.7272727272727
S,M,4,No,Graduate Degree,Professional,1,0,0-1 Miles,North America,1,51-55,72.7272727272727
M,F,1,No,Bachelors,Professional,1,1,2-5 Miles,North America,1,51-55,45.4545454545455
M,M,1,No,Bachelors,Professional,1,1,0-1 Miles,North America,1,46-50,45.4545454545455
M,M,1,No,Bachelors,Professional,1,1,2-5 Miles,North America,1,51-55,45.4545454545455
M,M,1,No,Bachelors,Professional,1,1,2-5 Miles,North America,1,35-40,45.4545454545455
M,F,1,No,Bachelors,Professional,1,1,2-5 Miles,North America,1,41-45,45.4545454545455
M,F,5,Si,Graduate Degree,Management,1,0,0-1 Miles,North America,0,51-55,72.7272727272727
S,M,1,No,Graduate Degree,Management,1,0,0-1 Miles,Pacific,1,35-40,81.8181818181818
M,M,1,No,Graduate Degree,Management,1,0,0-1 Miles,Pacific,1,35-40,81.8181818181818
M,F,1,No,Graduate Degree,Management,1,0,0-1 Miles,Pacific,1,35-40,81.8181818181818
S,F,1,No,Graduate Degree,Management,1,0,0-1 Miles,Pacific,1,29-34,81.8181818181818
M,F,1,No,Graduate Degree,Management,0,0,0-1 Miles,Pacific,1,35-40,81.8181818181818
M,F,4,Si,Graduate Degree,Management,1,1,0-1 Miles,Pacific,1,35-40,72.7272727272727
M,F,2,Si,Bachelors,Professional,1,1,0-1 Miles,Pacific,1,41-45,45.4545454545455
M,M,5,Si,Bachelors,Professional,1,3,10+ Miles,Pacific,0,35-40,63.6363636363636
M,F,5,Si,Bachelors,Professional,1,3,10+ Miles,Pacific,0,41-45,63.6363636363636
M,M,5,Si,Bachelors,Professional,1,3,10+ Miles,Pacific,0,35-40,63.6363636363636
S,M,1,No,Graduate Degree,Management,1,1,1-2 Miles,Pacific,1,29-34,90.9090909090909
S,M,1,No,Graduate Degree,Management,1,1,2-5 Miles,Pacific,1,35-40,90.9090909090909
M,F,1,No,Graduate Degree,Management,1,1,5-10 Miles,Pacific,0,35-40,90.9090909090909
M,F,5,Si,Bachelors,Professional,1,4,10+ Miles,Pacific,0,41-45,63.6363636363636
M,M,5,Si,Bachelors,Professional,1,4,10+ Miles,Pacific,0,35-40,63.6363636363636
M,M,5,Si,Graduate Degree,Management,1,2,0-1 Miles,Pacific,0,41-45,72.7272727272727
M,F,5,Si,Graduate Degree,Management,1,3,0-1 Miles,Pacific,0,35-40,72.7272727272727
M,F,5,Si,Graduate Degree,Management,1,3,0-1 Miles,Pacific,0,41-45,72.7272727272727
M,F,5,Si,Bachelors,Professional,1,4,0-1 Miles,Pacific,0,41-45,72.7272727272727
M,F,0,No,Bachelors,Professional,1,0,2-5 Miles,Pacific,1,35-40,81.8181818181818
M,M,0,No,Graduate Degree,Management,1,0,2-5 Miles,Pacific,1,29-34,81.8181818181818
M,F,3,Si,Bachelors,Professional,1,1,0-1 Miles,Pacific,0,41-45,45.4545454545455
S,F,3,Si,Bachelors,Professional,1,1,5-10 Miles,Pacific,0,35-40,45.4545454545455
S,M,0,No,Bachelors,Professional,0,1,5-10 Miles,Pacific,0,41-45,63.6363636363636
S,F,0,No,Bachelors,Professional,0,1,0-1 Miles,Pacific,1,35-40,63.6363636363636
M,F,5,Si,Bachelors,Professional,1,4,0-1 Miles,Pacific,0,35-40,72.7272727272727
S,F,0,No,Bachelors,Professional,1,1,5-10 Miles,Pacific,1,41-45,63.6363636363636
M,F,3,Si,Bachelors,Professional,1,2,0-1 Miles,Pacific,0,41-45,45.4545454545455
M,M,3,Si,Bachelors,Professional,1,2,5-10 Miles,Pacific,0,46-50,45.4545454545455
M,M,4,Si,Bachelors,Professional,1,2,0-1 Miles,Pacific,0,46-50,45.4545454545455
M,F,4,Si,Bachelors,Professional,1,3,10+ Miles,Pacific,0,41-45,45.4545454545455
M,M,5,Si,Bachelors,Professional,1,3,5-10 Miles,Pacific,0,35-40,45.4545454545455
S,M,3,Si,Bachelors,Professional,0,2,0-1 Miles,Pacific,0,46-50,45.4545454545455
S,F,0,No,Bachelors,Professional,0,1,5-10 Miles,Pacific,0,46-50,63.6363636363636
S,F,0,No,Bachelors,Professional,0,1,0-1 Miles,Pacific,1,46-50,63.6363636363636
S,F,0,No,Partial College,Clerical,1,1,2-5 Miles,Europe,1,29-34,18.1818181818182
S,F,0,No,Partial College,Clerical,0,1,0-1 Miles,Europe,0,29-34,18.1818181818182
S,F,0,No,Partial College,Clerical,0,1,2-5 Miles,Europe,1,35-40,18.1818181818182
S,F,0,No,Partial College,Clerical,1,1,2-5 Miles,Europe,0,29-34,18.1818181818182
S,M,0,No,Partial High School,Manual,0,2,1-2 Miles,Europe,0,29-34,9.09090909090909
M,M,1,Si,Bachelors,Skilled Manual,1,0,0-1 Miles,Europe,1,35-40,27.2727272727273
S,M,0,No,High School,Manual,0,1,1-2 Miles,Europe,1,35-40,18.1818181818182
M,M,0,No,Partial High School,Manual,0,2,0-1 Miles,Europe,0,35-40,9.09090909090909
S,M,0,No,Partial High School,Manual,1,2,1-2 Miles,Europe,0,35-40,9.09090909090909
M,F,0,No,Partial High School,Manual,0,2,0-1 Miles,Europe,0,35-40,9.09090909090909
S,F,0,No,Partial High School,Manual,0,2,1-2 Miles,Europe,0,35-40,9.09090909090909
M,F,0,No,Partial High School,Manual,0,2,0-1 Miles,Europe,0,35-40,9.09090909090909
M,M,1,Si,Bachelors,Skilled Manual,1,0,1-2 Miles,Europe,0,35-40,27.2727272727273
M,M,1,Si,Bachelors,Skilled Manual,1,1,0-1 Miles,Europe,1,35-40,27.2727272727273
S,M,0,No,Graduate Degree,Skilled Manual,1,0,1-2 Miles,Europe,1,35-40,45.4545454545455
S,M,0,No,Partial High School,Manual,0,2,0-1 Miles,Europe,1,35-40,9.09090909090909
M,F,0,No,Partial High School,Manual,0,2,0-1 Miles,Europe,1,35-40,9.09090909090909
S,F,0,No,High School,Manual,0,1,1-2 Miles,Europe,1,35-40,18.1818181818182
S,M,0,No,High School,Manual,0,1,1-2 Miles,Europe,1,35-40,18.1818181818182
S,M,0,No,High School,Manual,0,1,1-2 Miles,Europe,1,35-40,18.1818181818182
S,M,0,No,High School,Manual,1,1,2-5 Miles,Europe,0,35-40,18.1818181818182
S,M,0,No,High School,Manual,1,1,2-5 Miles,Europe,0,35-40,18.1818181818182
S,M,0,No,High School,Manual,1,1,2-5 Miles,Europe,0,35-40,18.1818181818182
M,M,1,Si,Partial College,Clerical,1,1,1-2 Miles,Europe,1,35-40,27.2727272727273
S,M,2,Si,Partial College,Clerical,1,0,0-1 Miles,Europe,0,29-34,27.2727272727273
S,F,0,No,Partial High School,Manual,0,2,1-2 Miles,Europe,0,35-40,9.09090909090909
S,F,0,No,Partial High School,Manual,0,2,1-2 Miles,Europe,0,35-40,9.09090909090909
S,F,0,No,Partial High School,Manual,0,2,1-2 Miles,Europe,1,35-40,9.09090909090909
S,F,0,No,Partial High School,Manual,0,2,0-1 Miles,Europe,0,35-40,9.09090909090909
S,F,0,No,High School,Manual,0,1,2-5 Miles,Europe,1,35-40,18.1818181818182
S,F,0,No,High School,Manual,1,1,2-5 Miles,Europe,0,35-40,18.1818181818182
M,F,2,Si,Partial College,Clerical,0,0,0-1 Miles,Europe,0,35-40,27.2727272727273
M,F,2,Si,Partial College,Clerical,0,0,0-1 Miles,Europe,0,35-40,27.2727272727273
S,M,2,Si,Partial College,Clerical,1,1,0-1 Miles,Europe,0,35-40,27.2727272727273
S,M,2,Si,Partial College,Clerical,1,1,1-2 Miles,Europe,1,29-34,27.2727272727273
M,F,2,Si,Partial College,Clerical,0,2,0-1 Miles,Europe,1,35-40,27.2727272727273
S,F,3,Si,Partial College,Clerical,1,2,1-2 Miles,North America,1,29-34,27.2727272727273
M,F,3,Si,Partial College,Clerical,0,2,0-1 Miles,North America,0,35-40,27.2727272727273
S,F,0,No,Graduate Degree,Skilled Manual,1,0,1-2 Miles,North America,1,35-40,18.1818181818182
S,F,4,Si,Partial College,Clerical,1,1,0-1 Miles,North America,0,29-34,27.2727272727273
S,F,0,No,Graduate Degree,Skilled Manual,1,0,1-2 Miles,North America,1,41-45,45.4545454545455
S,M,0,No,Graduate Degree,Skilled Manual,1,0,1-2 Miles,North America,1,35-40,45.4545454545455
S,F,0,No,Graduate Degree,Skilled Manual,1,0,0-1 Miles,North America,0,41-45,45.4545454545455
M,M,1,No,Bachelors,Skilled Manual,1,1,2-5 Miles,North America,1,56-65,18.1818181818182
M,F,1,No,Bachelors,Skilled Manual,1,1,2-5 Miles,North America,1,56-65,18.1818181818182
M,F,3,No,Partial High School,Manual,0,2,0-1 Miles,North America,1,46-50,9.09090909090909
S,F,4,No,Bachelors,Management,0,2,1-2 Miles,North America,0,56-65,63.6363636363636
S,F,4,No,High School,Professional,1,2,10+ Miles,North America,1,56-65,27.2727272727273
S,M,4,No,High School,Professional,1,2,10+ Miles,North America,1,56-65,27.2727272727273
S,F,4,No,High School,Professional,1,2,10+ Miles,North America,1,56-65,27.2727272727273
S,F,4,No,Bachelors,Management,1,2,10+ Miles,North America,0,56-65,63.6363636363636
S,F,4,No,Bachelors,Management,1,2,2-5 Miles,North America,0,56-65,63.6363636363636
S,F,5,No,Bachelors,Management,1,2,10+ Miles,North America,0,56-65,63.6363636363636
S,M,5,No,Bachelors,Management,1,3,10+ Miles,North America,1,56-65,63.6363636363636
S,F,5,No,Bachelors,Management,0,4,2-5 Miles,North America,1,56-65,63.6363636363636
S,M,5,No,Bachelors,Management,1,4,10+ Miles,North America,1,56-65,63.6363636363636
S,M,5,No,Bachelors,Management,1,4,10+ Miles,North America,1,56-65,63.6363636363636
S,M,4,No,Bachelors,Management,1,2,10+ Miles,North America,0,56-65,45.4545454545455
S,F,4,No,Bachelors,Management,1,2,10+ Miles,North America,0,56-65,45.4545454545455
S,F,2,Si,Partial College,Professional,1,1,2-5 Miles,North America,1,56-65,63.6363636363636
M,M,2,Si,Partial College,Professional,1,1,10+ Miles,North America,1,56-65,63.6363636363636
S,F,2,Si,Partial College,Professional,1,1,2-5 Miles,North America,1,56-65,63.6363636363636
M,M,5,No,Bachelors,Management,1,3,10+ Miles,North America,1,56-65,45.4545454545455
M,M,2,Si,High School,Professional,1,2,10+ Miles,North America,1,56-65,27.2727272727273
M,M,2,Si,Partial College,Professional,1,1,10+ Miles,North America,1,56-65,45.4545454545455
S,F,2,Si,Partial College,Professional,1,2,10+ Miles,North America,0,46-50,45.4545454545455
S,M,2,Si,Bachelors,Management,1,0,10+ Miles,North America,0,56-65,45.4545454545455
S,F,2,Si,High School,Professional,1,2,10+ Miles,North America,1,56-65,27.2727272727273
S,F,2,Si,Partial High School,Skilled Manual,1,2,10+ Miles,North America,1,56-65,27.2727272727273
M,M,2,Si,Partial College,Professional,1,2,2-5 Miles,North America,1,51-55,45.4545454545455
M,M,2,Si,Partial College,Professional,1,2,2-5 Miles,North America,1,51-55,45.4545454545455
S,F,2,Si,Partial College,Professional,1,2,10+ Miles,North America,0,51-55,45.4545454545455
S,M,2,Si,Partial College,Professional,1,2,10+ Miles,North America,0,56-65,45.4545454545455
M,M,2,Si,Bachelors,Management,1,0,2-5 Miles,North America,1,56-65,45.4545454545455
M,M,2,Si,Bachelors,Management,1,0,2-5 Miles,North America,1,56-65,45.4545454545455
M,M,2,Si,Partial College,Professional,1,0,10+ Miles,North America,0,56-65,45.4545454545455
S,F,4,Si,Partial College,Professional,1,2,10+ Miles,North America,1,41-45,63.6363636363636
M,M,5,Si,Partial College,Professional,1,2,10+ Miles,North America,1,56-65,63.6363636363636
M,M,2,Si,Partial College,Professional,1,2,10+ Miles,North America,0,56-65,45.4545454545455
S,F,2,Si,Partial College,Professional,1,2,2-5 Miles,North America,1,56-65,45.4545454545455
M,M,2,Si,Partial College,Professional,1,2,10+ Miles,North America,0,56-65,45.4545454545455
S,F,2,Si,Partial College,Professional,1,2,10+ Miles,North America,0,56-65,45.4545454545455
S,F,2,Si,Partial College,Professional,1,2,10+ Miles,North America,0,56-65,45.4545454545455
M,M,2,Si,Partial College,Professional,1,1,2-5 Miles,North America,1,56-65,45.4545454545455
M,M,2,Si,Partial College,Professional,1,1,2-5 Miles,North America,0,56-65,45.4545454545455
S,M,4,Si,Partial College,Professional,1,1,10+ Miles,North America,0,56-65,63.6363636363636
M,M,2,Si,High School,Professional,1,2,2-5 Miles,North America,0,56-65,45.4545454545455
M,M,2,Si,High School,Professional,1,2,2-5 Miles,North America,1,51-55,45.4545454545455
S,F,2,Si,High School,Professional,1,2,10+ Miles,North America,0,51-55,45.4545454545455
M,F,2,Si,Partial College,Professional,1,2,10+ Miles,North America,0,56-65,45.4545454545455
M,F,2,Si,Partial College,Professional,1,2,10+ Miles,North America,0,56-65,45.4545454545455
S,F,4,Si,Partial College,Professional,1,2,10+ Miles,North America,1,56-65,63.6363636363636
M,M,2,Si,Partial High School,Skilled Manual,1,2,10+ Miles,North America,0,56-65,63.6363636363636
S,M,2,Si,Partial High School,Skilled Manual,1,2,10+ Miles,North America,0,56-65,63.6363636363636
S,F,2,Si,Partial High School,Skilled Manual,1,2,10+ Miles,North America,0,56-65,63.6363636363636
S,F,2,Si,Partial High School,Skilled Manual,1,3,10+ Miles,North America,1,56-65,63.6363636363636
S,M,2,Si,Partial High School,Skilled Manual,1,3,10+ Miles,North America,1,56-65,63.6363636363636
M,M,2,Si,High School,Professional,1,2,10+ Miles,North America,0,56-65,45.4545454545455
M,F,2,Si,High School,Professional,1,2,10+ Miles,North America,0,56-65,45.4545454545455
S,M,2,Si,High School,Professional,1,2,10+ Miles,North America,0,41-45,45.4545454545455
M,M,4,Si,Partial College,Professional,1,1,2-5 Miles,North America,0,56-65,63.6363636363636
M,F,2,Si,Bachelors,Management,0,4,5-10 Miles,Europe,1,46-50,90.9090909090909
S,F,2,Si,Bachelors,Management,0,2,0-1 Miles,Europe,1,51-55,90.9090909090909
M,M,2,Si,Partial College,Professional,1,2,0-1 Miles,Europe,1,46-50,90.9090909090909
M,M,2,Si,Partial College,Professional,1,2,0-1 Miles,Europe,1,51-55,90.9090909090909
M,F,4,Si,Partial College,Professional,0,3,5-10 Miles,Europe,1,51-55,90.9090909090909
M,M,3,Si,High School,Professional,1,4,5-10 Miles,Europe,0,35-40,90.9090909090909
S,M,2,Si,High School,Professional,1,2,10+ Miles,Europe,1,51-55,81.8181818181818
M,F,3,Si,Partial College,Professional,1,4,5-10 Miles,Europe,1,46-50,90.9090909090909
M,M,3,Si,Partial College,Professional,1,4,10+ Miles,Europe,0,46-50,90.9090909090909
S,F,2,Si,Partial High School,Professional,1,4,10+ Miles,Europe,0,46-50,90.9090909090909
S,M,3,Si,Partial College,Professional,0,3,0-1 Miles,Europe,1,51-55,90.9090909090909
S,M,2,Si,High School,Professional,0,3,0-1 Miles,Europe,1,46-50,90.9090909090909
M,F,4,Si,Partial College,Professional,1,1,10+ Miles,Europe,0,51-55,72.7272727272727
M,M,4,Si,Partial College,Professional,1,1,10+ Miles,Europe,0,51-55,72.7272727272727
M,M,5,Si,High School,Professional,1,2,10+ Miles,Europe,1,56-65,63.6363636363636
S,M,5,Si,High School,Professional,1,2,10+ Miles,Europe,1,56-65,63.6363636363636
S,F,5,No,Partial College,Professional,1,2,10+ Miles,Europe,0,65+,81.8181818181818
S,F,5,No,Partial College,Professional,0,2,2-5 Miles,Europe,1,56-65,81.8181818181818
M,M,5,Si,High School,Professional,0,3,2-5 Miles,Europe,1,56-65,63.6363636363636
S,M,5,No,Partial College,Professional,0,2,10+ Miles,Europe,0,56-65,72.7272727272727
S,M,5,No,Partial College,Professional,0,2,10+ Miles,Europe,0,56-65,72.7272727272727
M,F,3,Si,Bachelors,Management,1,4,5-10 Miles,Europe,1,56-65,90.9090909090909
M,F,4,Si,Partial College,Professional,1,4,5-10 Miles,Europe,1,56-65,90.9090909090909
S,F,4,Si,Partial College,Professional,0,4,0-1 Miles,Europe,0,56-65,90.9090909090909
S,F,3,Si,Graduate Degree,Management,0,4,0-1 Miles,Europe,0,51-55,90.9090909090909
M,M,3,Si,High School,Professional,0,2,2-5 Miles,Europe,1,56-65,81.8181818181818
S,M,4,Si,Partial College,Professional,1,1,10+ Miles,Europe,1,56-65,72.7272727272727
M,M,4,Si,Partial College,Professional,1,2,10+ Miles,Europe,0,56-65,72.7272727272727
M,F,4,Si,Partial College,Professional,0,1,2-5 Miles,Europe,1,56-65,81.8181818181818
S,M,3,Si,Partial College,Professional,0,4,0-1 Miles,Europe,0,35-40,90.9090909090909
M,F,3,Si,Bachelors,Management,1,3,10+ Miles,Europe,0,56-65,81.8181818181818
S,F,4,Si,High School,Professional,1,2,10+ Miles,Europe,0,51-55,72.7272727272727
M,M,4,Si,Bachelors,Management,1,3,10+ Miles,Europe,0,56-65,90.9090909090909
M,M,4,Si,High School,Professional,1,3,0-1 Miles,Europe,1,56-65,90.9090909090909
S,M,4,Si,High School,Professional,1,2,10+ Miles,Europe,0,51-55,81.8181818181818
M,F,4,Si,High School,Management,1,3,5-10 Miles,Europe,1,56-65,81.8181818181818
M,F,3,Si,Partial College,Management,1,4,10+ Miles,Europe,0,56-65,81.8181818181818
M,M,4,Si,High School,Management,1,2,10+ Miles,Europe,1,56-65,90.9090909090909
M,F,5,Si,High School,Management,1,3,10+ Miles,Europe,0,56-65,72.7272727272727
M,M,4,Si,High School,Management,0,3,5-10 Miles,Europe,1,56-65,81.8181818181818
M,M,4,Si,High School,Management,0,3,5-10 Miles,Europe,1,56-65,81.8181818181818
M,F,5,Si,Partial High School,Skilled Manual,1,3,10+ Miles,Europe,0,56-65,63.6363636363636
M,M,5,Si,High School,Management,1,4,10+ Miles,Europe,0,56-65,72.7272727272727
M,F,4,Si,Partial High School,Skilled Manual,1,4,10+ Miles,Europe,0,56-65,81.8181818181818
M,M,5,Si,Partial High School,Professional,1,4,10+ Miles,Europe,1,56-65,90.9090909090909
M,M,5,Si,Partial High School,Professional,1,4,10+ Miles,Europe,0,56-65,90.9090909090909
M,F,0,No,Bachelors,Professional,1,4,10+ Miles,Pacific,0,35-40,45.4545454545455
S,F,0,No,Bachelors,Professional,0,4,2-5 Miles,Pacific,0,29-34,45.4545454545455
S,F,0,No,Bachelors,Professional,0,2,5-10 Miles,Pacific,1,29-34,63.6363636363636
M,M,0,No,Bachelors,Professional,1,3,10+ Miles,Pacific,0,29-34,72.7272727272727
S,F,0,No,Bachelors,Professional,0,3,10+ Miles,Pacific,0,35-40,63.6363636363636
M,M,0,No,Bachelors,Professional,1,2,10+ Miles,Pacific,1,29-34,81.8181818181818
M,F,0,No,Bachelors,Professional,1,2,10+ Miles,Pacific,1,29-34,81.8181818181818
S,F,0,No,Bachelors,Professional,1,4,10+ Miles,Pacific,0,35-40,63.6363636363636
S,M,0,No,Bachelors,Professional,0,4,10+ Miles,Pacific,0,35-40,63.6363636363636
S,M,0,No,Partial High School,Professional,0,4,10+ Miles,Pacific,0,35-40,63.6363636363636
S,F,0,No,Bachelors,Professional,0,3,10+ Miles,Pacific,0,35-40,72.7272727272727
S,M,0,No,Bachelors,Professional,1,3,10+ Miles,Pacific,0,35-40,72.7272727272727
M,F,0,Si,High School,Management,0,2,10+ Miles,Pacific,0,35-40,81.8181818181818
M,M,0,Si,Partial College,Management,0,3,10+ Miles,Pacific,1,35-40,90.9090909090909
M,M,0,Si,Partial College,Management,1,3,10+ Miles,Pacific,1,29-34,90.9090909090909
M,M,0,Si,Partial College,Management,1,3,10+ Miles,Pacific,1,29-34,90.9090909090909
M,F,0,Si,High School,Management,1,3,10+ Miles,Pacific,0,35-40,81.8181818181818
M,F,0,Si,High School,Management,1,3,10+ Miles,Pacific,0,29-34,81.8181818181818
M,F,0,No,Bachelors,Professional,1,4,10+ Miles,Pacific,0,35-40,72.7272727272727
S,M,0,No,Bachelors,Professional,1,3,10+ Miles,Pacific,1,35-40,81.8181818181818
M,M,0,No,Bachelors,Professional,1,3,10+ Miles,Pacific,1,35-40,81.8181818181818
M,F,0,Si,Partial High School,Professional,1,4,10+ Miles,Pacific,1,35-40,90.9090909090909
M,M,0,Si,Partial High School,Professional,1,4,10+ Miles,Pacific,1,35-40,90.9090909090909
M,F,0,Si,Partial High School,Professional,1,4,10+ Miles,Pacific,0,29-34,90.9090909090909
M,F,0,Si,High School,Management,1,3,10+ Miles,Pacific,0,29-34,81.8181818181818
M,F,0,Si,High School,Management,1,3,10+ Miles,Pacific,0,35-40,81.8181818181818
M,M,0,Si,High School,Management,1,3,10+ Miles,Pacific,0,35-40,81.8181818181818
M,F,0,Si,High School,Management,0,4,10+ Miles,Pacific,0,35-40,81.8181818181818
M,F,0,Si,Partial High School,Professional,1,4,10+ Miles,Pacific,1,29-34,81.8181818181818
M,M,0,Si,High School,Management,1,4,10+ Miles,Pacific,1,35-40,90.9090909090909
M,M,5,Si,High School,Management,0,4,10+ Miles,Pacific,1,35-40,90.9090909090909
M,M,0,Si,Partial High School,Professional,1,4,10+ Miles,Pacific,1,35-40,90.9090909090909
M,F,0,Si,Partial High School,Management,1,4,10+ Miles,Pacific,1,29-34,90.9090909090909
M,M,5,Si,Partial College,Professional,1,3,0-1 Miles,North America,0,41-45,81.8181818181818
M,M,1,No,Partial College,Skilled Manual,1,1,2-5 Miles,North America,1,46-50,45.4545454545455
M,F,1,No,Partial College,Skilled Manual,1,1,2-5 Miles,North America,1,46-50,45.4545454545455
M,F,1,No,Partial College,Skilled Manual,1,1,2-5 Miles,North America,1,41-45,45.4545454545455
S,M,1,No,Graduate Degree,Professional,1,1,2-5 Miles,North America,1,51-55,63.6363636363636
M,F,5,Si,Graduate Degree,Professional,1,3,10+ Miles,North America,0,51-55,63.6363636363636
M,M,5,Si,Graduate Degree,Professional,1,3,10+ Miles,North America,0,46-50,63.6363636363636
M,F,1,No,Partial College,Skilled Manual,1,1,2-5 Miles,North America,1,46-50,72.7272727272727
M,F,1,No,Partial College,Skilled Manual,1,1,2-5 Miles,North America,1,51-55,72.7272727272727
S,M,3,Si,Bachelors,Professional,0,0,0-1 Miles,North America,1,51-55,45.4545454545455
S,M,3,Si,Bachelors,Professional,0,1,0-1 Miles,North America,1,51-55,45.4545454545455
M,F,1,No,Bachelors,Professional,1,1,0-1 Miles,North America,1,35-40,45.4545454545455
S,F,1,No,Bachelors,Professional,1,1,2-5 Miles,North America,1,51-55,45.4545454545455
M,M,5,Si,Graduate Degree,Professional,1,1,0-1 Miles,North America,0,51-55,63.6363636363636
M,M,5,Si,Graduate Degree,Professional,1,2,2-5 Miles,North America,0,41-45,63.6363636363636
M,M,5,Si,Graduate Degree,Professional,1,0,0-1 Miles,North America,0,51-55,72.7272727272727
S,M,1,No,Graduate Degree,Management,1,1,2-5 Miles,North America,0,65+,45.4545454545455
M,F,1,No,Graduate Degree,Management,1,0,0-1 Miles,Pacific,1,29-34,81.8181818181818
M,F,2,No,Bachelors,Professional,1,0,0-1 Miles,Pacific,1,29-34,81.8181818181818
M,F,2,Si,Bachelors,Professional,1,1,0-1 Miles,Pacific,1,41-45,45.4545454545455
M,F,2,Si,Bachelors,Professional,1,1,2-5 Miles,Pacific,1,35-40,45.4545454545455
S,M,2,Si,Bachelors,Professional,0,1,0-1 Miles,Pacific,0,41-45,45.4545454545455
M,F,4,Si,Graduate Degree,Management,1,1,0-1 Miles,Pacific,0,35-40,72.7272727272727
S,M,2,Si,Bachelors,Professional,0,1,0-1 Miles,Pacific,0,41-45,45.4545454545455
S,M,2,Si,Bachelors,Professional,1,1,2-5 Miles,Pacific,0,41-45,45.4545454545455
M,M,2,Si,Bachelors,Professional,1,1,2-5 Miles,Pacific,1,41-45,45.4545454545455
M,M,2,Si,Bachelors,Professional,1,1,2-5 Miles,Pacific,1,35-40,45.4545454545455
M,M,5,Si,Bachelors,Professional,0,3,10+ Miles,Pacific,0,35-40,63.6363636363636
S,M,1,No,Graduate Degree,Management,0,2,0-1 Miles,Pacific,1,35-40,90.9090909090909
M,F,5,Si,Bachelors,Professional,1,4,10+ Miles,Pacific,0,41-45,63.6363636363636
S,F,5,Si,Graduate Degree,Management,1,2,0-1 Miles,Pacific,0,41-45,72.7272727272727
S,M,5,Si,Graduate Degree,Management,1,3,0-1 Miles,Pacific,0,41-45,72.7272727272727
S,F,5,Si,Graduate Degree,Management,1,3,0-1 Miles,Pacific,0,41-45,72.7272727272727
M,F,0,No,Bachelors,Professional,1,0,2-5 Miles,Pacific,1,41-45,81.8181818181818
M,F,0,No,Bachelors,Professional,1,0,2-5 Miles,Pacific,1,41-45,81.8181818181818
M,M,0,No,Bachelors,Professional,1,0,2-5 Miles,Pacific,1,35-40,81.8181818181818
S,F,3,Si,Bachelors,Professional,0,1,0-1 Miles,Pacific,0,41-45,45.4545454545455
S,M,0,No,Bachelors,Professional,0,1,5-10 Miles,Pacific,0,41-45,63.6363636363636
S,M,0,No,Bachelors,Professional,0,1,5-10 Miles,Pacific,0,41-45,63.6363636363636
S,F,0,No,Bachelors,Professional,1,1,5-10 Miles,Pacific,1,41-45,63.6363636363636
S,M,0,No,Bachelors,Professional,0,1,5-10 Miles,Pacific,0,35-40,63.6363636363636
S,M,0,No,Bachelors,Professional,1,1,5-10 Miles,Pacific,0,41-45,45.4545454545455
S,F,0,No,Bachelors,Professional,1,1,5-10 Miles,Pacific,0,35-40,45.4545454545455
M,M,3,Si,Bachelors,Professional,1,2,0-1 Miles,Pacific,0,29-34,45.4545454545455
S,F,3,Si,Bachelors,Professional,1,2,5-10 Miles,Pacific,0,35-40,45.4545454545455
M,M,3,Si,Bachelors,Professional,1,2,5-10 Miles,Pacific,0,46-50,45.4545454545455
S,M,3,Si,Bachelors,Professional,0,2,0-1 Miles,Pacific,0,46-50,45.4545454545455
M,M,3,Si,Bachelors,Professional,1,0,0-1 Miles,Pacific,0,41-45,81.8181818181818
M,F,1,No,Bachelors,Professional,1,1,0-1 Miles,Pacific,1,41-45,45.4545454545455
S,F,1,No,Bachelors,Professional,1,1,5-10 Miles,Pacific,1,46-50,45.4545454545455
M,M,1,No,Partial College,Skilled Manual,1,1,0-1 Miles,Pacific,1,46-50,45.4545454545455
S,F,0,No,Bachelors,Professional,0,1,5-10 Miles,Pacific,0,41-45,81.8181818181818
S,F,0,No,Graduate Degree,Management,0,2,0-1 Miles,Pacific,1,41-45,90.9090909090909
S,F,0,No,Graduate Degree,Management,0,3,1-2 Miles,Pacific,0,41-45,90.9090909090909
S,F,0,No,Graduate Degree,Management,0,3,1-2 Miles,Pacific,0,41-45,90.9090909090909
M,F,1,No,Partial College,Skilled Manual,1,1,0-1 Miles,Pacific,1,46-50,45.4545454545455
M,M,1,No,Partial College,Skilled Manual,1,1,5-10 Miles,Pacific,0,41-45,45.4545454545455
S,F,0,No,Bachelors,Professional,0,1,5-10 Miles,Pacific,0,41-45,63.6363636363636
M,F,5,Si,Bachelors,Professional,1,4,0-1 Miles,Pacific,0,35-40,72.7272727272727
S,F,0,No,Bachelors,Professional,0,1,5-10 Miles,Pacific,0,46-50,63.6363636363636
S,M,0,No,Bachelors,Professional,0,1,0-1 Miles,Pacific,1,35-40,63.6363636363636
M,F,0,No,Bachelors,Professional,0,1,0-1 Miles,Pacific,0,35-40,63.6363636363636
S,M,0,No,Bachelors,Professional,0,1,5-10 Miles,Pacific,0,35-40,63.6363636363636
M,M,5,No,Bachelors,Professional,1,1,10+ Miles,Pacific,0,29-34,81.8181818181818
M,F,4,No,Bachelors,Professional,1,1,10+ Miles,Pacific,0,46-50,81.8181818181818
M,F,0,No,Bachelors,Professional,0,1,0-1 Miles,Pacific,0,46-50,63.6363636363636
S,F,0,No,Bachelors,Professional,1,1,5-10 Miles,Pacific,1,41-45,63.6363636363636
S,F,0,No,Bachelors,Professional,0,1,5-10 Miles,Pacific,0,46-50,63.6363636363636
S,F,0,No,Bachelors,Professional,0,2,0-1 Miles,Pacific,1,46-50,63.6363636363636
M,F,1,No,Partial College,Skilled Manual,1,1,0-1 Miles,Pacific,1,46-50,45.4545454545455
M,F,5,Si,Bachelors,Professional,1,2,0-1 Miles,Pacific,0,41-45,63.6363636363636
M,M,5,Si,Partial College,Skilled Manual,0,2,0-1 Miles,Pacific,0,41-45,63.6363636363636
S,M,2,No,Bachelors,Professional,1,1,2-5 Miles,Pacific,1,51-55,81.8181818181818
S,F,1,No,Partial College,Skilled Manual,1,1,5-10 Miles,Pacific,0,46-50,63.6363636363636
M,M,1,No,Partial College,Skilled Manual,0,1,0-1 Miles,Pacific,1,51-55,63.6363636363636
M,M,0,No,High School,Skilled Manual,1,2,5-10 Miles,North America,0,29-34,18.1818181818182
S,M,0,No,High School,Skilled Manual,0,2,0-1 Miles,North America,0,29-34,18.1818181818182
S,M,0,No,High School,Skilled Manual,1,1,5-10 Miles,North America,0,29-34,27.2727272727273
M,F,0,No,High School,Skilled Manual,1,2,5-10 Miles,North America,0,29-34,27.2727272727273
S,M,0,No,High School,Skilled Manual,0,2,0-1 Miles,North America,0,29-34,27.2727272727273
S,F,0,No,High School,Skilled Manual,1,2,5-10 Miles,North America,0,29-34,18.1818181818182
S,M,0,No,High School,Skilled Manual,0,2,0-1 Miles,North America,0,29-34,18.1818181818182
S,M,0,No,Partial High School,Clerical,0,2,5-10 Miles,North America,0,29-34,18.1818181818182
S,M,0,No,Partial High School,Clerical,0,2,0-1 Miles,North America,0,29-34,18.1818181818182
S,M,0,No,High School,Skilled Manual,1,2,5-10 Miles,North America,0,29-34,27.2727272727273
M,M,0,No,High School,Skilled Manual,1,2,5-10 Miles,North America,1,29-34,27.2727272727273
M,M,2,No,Partial College,Clerical,0,2,0-1 Miles,Pacific,0,65+,18.1818181818182
S,F,0,No,Partial High School,Clerical,0,2,5-10 Miles,North America,0,29-34,18.1818181818182
S,F,0,No,Partial High School,Clerical,0,2,5-10 Miles,North America,0,29-34,18.1818181818182
M,F,0,No,High School,Skilled Manual,1,2,5-10 Miles,North America,0,29-34,27.2727272727273
S,F,2,No,Bachelors,Management,1,2,5-10 Miles,Pacific,0,56-65,27.2727272727273
M,M,2,No,Bachelors,Management,1,2,5-10 Miles,Pacific,1,65+,27.2727272727273
M,M,2,No,Graduate Degree,Management,1,1,5-10 Miles,Pacific,1,65+,45.4545454545455
M,M,2,No,Graduate Degree,Management,1,1,0-1 Miles,Pacific,1,65+,45.4545454545455
M,M,2,No,Graduate Degree,Management,1,1,5-10 Miles,Pacific,1,65+,45.4545454545455
M,M,5,No,High School,Skilled Manual,1,2,5-10 Miles,Pacific,0,56-65,9.09090909090909
S,F,0,No,High School,Skilled Manual,0,2,1-2 Miles,North America,0,29-34,27.2727272727273
M,M,0,No,High School,Skilled Manual,1,2,5-10 Miles,North America,0,29-34,27.2727272727273
M,F,0,No,Partial College,Skilled Manual,1,1,5-10 Miles,North America,1,29-34,45.4545454545455
M,F,0,No,High School,Skilled Manual,1,2,5-10 Miles,North America,0,35-40,27.2727272727273
M,M,0,No,High School,Skilled Manual,1,2,5-10 Miles,North America,0,35-40,27.2727272727273
M,M,0,No,Partial College,Skilled Manual,1,1,5-10 Miles,North America,1,35-40,45.4545454545455
M,M,0,No,Bachelors,Management,1,1,1-2 Miles,North America,1,35-40,72.7272727272727
M,M,0,No,Bachelors,Management,1,1,1-2 Miles,North America,1,41-45,72.7272727272727
M,M,0,No,Bachelors,Management,0,1,0-1 Miles,North America,1,35-40,72.7272727272727
M,M,0,No,Bachelors,Management,0,1,0-1 Miles,North America,1,41-45,72.7272727272727
M,M,4,Si,Bachelors,Management,1,0,1-2 Miles,North America,0,41-45,81.8181818181818
M,F,4,Si,Bachelors,Management,1,0,0-1 Miles,North America,0,46-50,72.7272727272727
S,F,4,Si,Partial College,Skilled Manual,0,3,0-1 Miles,North America,0,35-40,81.8181818181818
S,M,0,No,Partial College,Skilled Manual,1,1,5-10 Miles,North America,0,29-34,18.1818181818182
M,M,2,No,Partial College,Clerical,0,2,5-10 Miles,Pacific,1,56-65,18.1818181818182
S,F,0,No,High School,Skilled Manual,1,2,5-10 Miles,North America,0,29-34,27.2727272727273
M,F,0,No,High School,Skilled Manual,0,2,1-2 Miles,North America,1,29-34,27.2727272727273
M,M,0,No,High School,Skilled Manual,0,2,1-2 Miles,North America,1,29-34,27.2727272727273
S,M,0,No,Partial High School,Clerical,1,2,5-10 Miles,North America,0,29-34,27.2727272727273
M,F,2,Si,Partial High School,Clerical,1,2,1-2 Miles,Pacific,0,56-65,9.09090909090909
S,F,0,No,Partial College,Skilled Manual,0,1,1-2 Miles,North America,0,29-34,27.2727272727273
S,F,0,No,Partial College,Skilled Manual,0,1,1-2 Miles,North America,0,29-34,27.2727272727273
M,M,0,No,Partial College,Skilled Manual,1,1,5-10 Miles,North America,0,29-34,27.2727272727273
S,F,0,No,Partial College,Skilled Manual,0,1,1-2 Miles,North America,0,29-34,27.2727272727273
S,M,0,No,Partial College,Skilled Manual,1,1,5-10 Miles,North America,0,29-34,27.2727272727273
M,F,4,No,High School,Skilled Manual,1,2,5-10 Miles,Pacific,0,56-65,9.09090909090909
M,M,1,Si,Graduate Degree,Skilled Manual,1,0,1-2 Miles,North America,0,29-34,45.4545454545455
M,M,1,Si,Graduate Degree,Skilled Manual,1,0,1-2 Miles,North America,0,35-40,45.4545454545455
M,M,1,Si,Graduate Degree,Skilled Manual,1,0,0-1 Miles,North America,1,35-40,45.4545454545455
M,F,1,Si,Graduate Degree,Skilled Manual,1,0,1-2 Miles,North America,0,29-34,45.4545454545455
M,F,1,Si,Graduate Degree,Skilled Manual,1,0,0-1 Miles,North America,1,35-40,45.4545454545455
M,M,1,Si,Graduate Degree,Skilled Manual,1,0,1-2 Miles,North America,0,29-34,45.4545454545455
M,M,1,Si,Graduate Degree,Skilled Manual,1,0,0-1 Miles,North America,1,35-40,45.4545454545455
M,F,1,Si,Bachelors,Skilled Manual,1,0,2-5 Miles,North America,1,35-40,45.4545454545455
M,M,1,No,Graduate Degree,Skilled Manual,1,0,2-5 Miles,North America,0,29-34,45.4545454545455
S,F,5,Si,Partial College,Professional,1,0,2-5 Miles,North America,0,41-45,81.8181818181818
M,M,5,Si,Partial College,Professional,1,0,2-5 Miles,North America,0,41-45,81.8181818181818
S,M,3,Si,Bachelors,Management,1,4,2-5 Miles,North America,1,41-45,90.9090909090909
S,F,2,Si,Graduate Degree,Management,0,2,0-1 Miles,North America,0,29-34,90.9090909090909
S,F,2,Si,Graduate Degree,Management,0,2,1-2 Miles,North America,0,35-40,90.9090909090909
M,M,2,Si,Graduate Degree,Management,1,2,0-1 Miles,North America,0,46-50,90.9090909090909
M,F,2,Si,Graduate Degree,Management,1,3,1-2 Miles,North America,0,35-40,90.9090909090909
S,F,0,No,Bachelors,Management,0,3,0-1 Miles,North America,1,41-45,90.9090909090909
M,M,1,No,Bachelors,Management,1,3,0-1 Miles,North America,1,41-45,90.9090909090909
M,F,3,Si,Partial College,Professional,1,0,5-10 Miles,North America,1,51-55,63.6363636363636
M,M,3,No,Partial College,Professional,0,2,2-5 Miles,North America,1,46-50,72.7272727272727
M,M,3,Si,Partial College,Professional,1,0,2-5 Miles,North America,1,46-50,72.7272727272727
S,M,3,Si,Partial College,Professional,1,0,2-5 Miles,North America,1,46-50,72.7272727272727
S,F,2,No,Graduate Degree,Management,1,2,5-10 Miles,North America,1,65+,45.4545454545455
S,F,2,No,Graduate Degree,Management,1,2,5-10 Miles,North America,1,65+,45.4545454545455
M,F,2,No,Graduate Degree,Management,1,2,5-10 Miles,North America,0,65+,45.4545454545455
M,F,4,No,Graduate Degree,Management,1,2,2-5 Miles,North America,0,65+,72.7272727272727
M,M,1,Si,Graduate Degree,Management,1,3,1-2 Miles,North America,0,65+,90.9090909090909
S,F,4,Si,Partial College,Professional,1,2,2-5 Miles,North America,0,46-50,72.7272727272727
M,F,4,Si,Partial College,Professional,1,2,2-5 Miles,North America,0,41-45,72.7272727272727
M,F,4,Si,Partial College,Professional,1,2,2-5 Miles,North America,0,41-45,72.7272727272727
M,F,0,No,Partial College,Professional,0,2,0-1 Miles,North America,1,46-50,81.8181818181818
S,F,0,No,Partial College,Professional,0,2,2-5 Miles,North America,1,46-50,81.8181818181818
M,M,0,No,Partial College,Professional,0,2,0-1 Miles,North America,1,46-50,81.8181818181818
M,F,0,Si,Partial College,Professional,1,2,2-5 Miles,North America,1,35-40,81.8181818181818
M,M,0,Si,Partial College,Professional,1,2,2-5 Miles,North America,1,41-45,81.8181818181818
M,M,0,Si,Partial College,Professional,1,2,5-10 Miles,North America,1,46-50,81.8181818181818
M,F,4,Si,Bachelors,Management,1,4,1-2 Miles,North America,0,35-40,90.9090909090909
M,F,4,Si,Bachelors,Management,1,4,5-10 Miles,North America,0,46-50,90.9090909090909
M,M,2,No,Bachelors,Management,1,4,1-2 Miles,North America,1,35-40,90.9090909090909
M,F,3,Si,Bachelors,Management,1,3,0-1 Miles,North America,1,46-50,90.9090909090909
M,M,5,Si,Partial College,Professional,1,2,5-10 Miles,North America,0,46-50,72.7272727272727
S,F,1,Si,Partial College,Professional,1,3,5-10 Miles,North America,1,46-50,81.8181818181818
M,M,1,Si,Partial College,Professional,1,3,5-10 Miles,North America,1,41-45,81.8181818181818
M,M,1,Si,Partial College,Professional,1,3,5-10 Miles,North America,1,46-50,81.8181818181818
S,F,1,Si,Bachelors,Management,0,1,1-2 Miles,North America,0,41-45,90.9090909090909
M,M,1,Si,Partial College,Professional,1,4,5-10 Miles,North America,1,41-45,90.9090909090909
S,M,1,Si,Bachelors,Management,0,4,0-1 Miles,North America,0,46-50,90.9090909090909
M,M,5,Si,Partial College,Professional,1,3,5-10 Miles,North America,0,46-50,72.7272727272727
M,M,5,Si,Partial College,Professional,1,3,5-10 Miles,North America,0,46-50,72.7272727272727
M,F,5,Si,Partial College,Professional,1,3,1-2 Miles,North America,0,46-50,72.7272727272727
M,F,4,Si,High School,Professional,1,2,1-2 Miles,North America,0,41-45,81.8181818181818
M,M,3,Si,Partial College,Professional,1,4,5-10 Miles,North America,1,41-45,81.8181818181818
M,F,1,Si,Partial College,Professional,0,4,2-5 Miles,North America,0,41-45,90.9090909090909
S,M,0,No,Graduate Degree,Management,0,4,0-1 Miles,North America,0,46-50,90.9090909090909
M,M,2,No,High School,Professional,0,2,1-2 Miles,North America,0,51-55,45.4545454545455
M,F,2,No,High School,Professional,0,2,1-2 Miles,North America,0,51-55,45.4545454545455
M,M,2,No,High School,Professional,0,2,5-10 Miles,North America,0,51-55,45.4545454545455
M,F,3,Si,Partial College,Professional,0,1,1-2 Miles,North America,1,51-55,72.7272727272727
S,M,2,No,Partial High School,Skilled Manual,0,2,1-2 Miles,North America,0,51-55,72.7272727272727
S,F,2,No,Partial High School,Skilled Manual,1,2,5-10 Miles,North America,1,51-55,72.7272727272727
M,M,4,No,High School,Professional,0,2,1-2 Miles,North America,0,65+,18.1818181818182
S,F,2,No,Graduate Degree,Management,1,2,5-10 Miles,North America,1,65+,45.4545454545455
S,F,2,No,Graduate Degree,Management,1,2,1-2 Miles,North America,0,65+,45.4545454545455
M,F,2,No,Graduate Degree,Management,1,2,5-10 Miles,North America,1,65+,45.4545454545455
M,F,4,No,Graduate Degree,Management,1,2,5-10 Miles,North America,1,65+,63.6363636363636
M,F,4,No,Graduate Degree,Management,1,2,5-10 Miles,North America,0,65+,72.7272727272727
M,M,1,Si,Graduate Degree,Management,1,4,2-5 Miles,North America,0,65+,90.9090909090909
M,M,2,No,Graduate Degree,Management,1,2,5-10 Miles,North America,0,65+,45.4545454545455
M,M,5,Si,Partial College,Professional,1,3,5-10 Miles,North America,0,46-50,72.7272727272727
M,F,4,Si,High School,Professional,1,3,1-2 Miles,North America,0,46-50,81.8181818181818
M,M,4,Si,High School,Professional,1,3,5-10 Miles,North America,0,46-50,81.8181818181818
S,F,4,Si,High School,Professional,1,3,5-10 Miles,North America,1,41-45,81.8181818181818
M,M,3,Si,Partial College,Professional,0,4,2-5 Miles,North America,0,46-50,90.9090909090909
M,M,3,Si,Partial College,Professional,1,4,5-10 Miles,North America,0,46-50,90.9090909090909
M,M,2,No,Partial High School,Skilled Manual,1,2,5-10 Miles,North America,0,51-55,72.7272727272727
M,F,3,No,Partial High School,Skilled Manual,0,2,1-2 Miles,North America,0,35-40,45.4545454545455
S,M,3,Si,High School,Professional,1,0,5-10 Miles,North America,1,46-50,63.6363636363636
M,F,3,Si,High School,Professional,1,0,5-10 Miles,North America,0,51-55,63.6363636363636
M,F,3,Si,High School,Professional,1,1,1-2 Miles,North America,1,51-55,63.6363636363636
M,F,3,Si,High School,Professional,1,1,1-2 Miles,North America,1,51-55,63.6363636363636
M,M,3,No,Graduate Degree,Management,1,2,5-10 Miles,North America,1,56-65,63.6363636363636
M,M,3,No,Graduate Degree,Management,1,2,5-10 Miles,North America,1,51-55,45.4545454545455
M,M,3,No,Graduate Degree,Management,1,2,5-10 Miles,North America,1,56-65,45.4545454545455
S,F,3,No,Partial College,Professional,1,2,5-10 Miles,North America,1,56-65,27.2727272727273
M,M,3,No,Graduate Degree,Management,1,2,1-2 Miles,North America,0,65+,45.4545454545455
S,M,3,No,Graduate Degree,Management,1,2,10+ Miles,North America,0,65+,45.4545454545455
M,M,3,No,Graduate Degree,Management,1,2,10+ Miles,North America,0,65+,45.4545454545455
M,M,3,No,Graduate Degree,Management,0,2,1-2 Miles,North America,0,65+,45.4545454545455
M,F,4,No,Graduate Degree,Management,0,2,1-2 Miles,North America,1,65+,63.6363636363636
S,F,4,No,Graduate Degree,Management,1,2,5-10 Miles,North America,0,65+,72.7272727272727
S,F,3,No,Graduate Degree,Management,1,2,10+ Miles,North America,0,65+,45.4545454545455
M,F,3,No,Graduate Degree,Management,0,2,1-2 Miles,North America,0,65+,45.4545454545455
S,M,5,No,Graduate Degree,Management,1,2,10+ Miles,North America,1,65+,63.6363636363636
M,M,5,No,Graduate Degree,Management,1,2,10+ Miles,North America,1,65+,63.6363636363636
M,F,3,No,Graduate Degree,Management,0,2,1-2 Miles,North America,1,65+,45.4545454545455
S,F,4,No,Bachelors,Management,0,2,1-2 Miles,North America,1,65+,45.4545454545455
M,F,3,No,Partial College,Clerical,0,2,1-2 Miles,Pacific,1,56-65,18.1818181818182
M,F,2,Si,Partial High School,Clerical,1,2,5-10 Miles,Pacific,0,56-65,9.09090909090909
S,M,0,No,Partial College,Skilled Manual,1,2,5-10 Miles,North America,1,29-34,45.4545454545455
S,F,0,No,Partial High School,Clerical,1,2,5-10 Miles,North America,0,29-34,27.2727272727273
S,F,0,No,Partial High School,Clerical,1,2,5-10 Miles,North America,0,29-34,27.2727272727273
S,M,0,No,Partial High School,Clerical,0,2,1-2 Miles,North America,0,29-34,27.2727272727273
M,M,4,No,High School,Skilled Manual,1,2,5-10 Miles,Pacific,0,51-55,9.09090909090909
M,M,0,No,Partial College,Skilled Manual,1,1,5-10 Miles,North America,0,29-34,18.1818181818182
S,F,0,No,Partial College,Skilled Manual,0,1,1-2 Miles,North America,0,29-34,18.1818181818182
S,M,0,No,Partial College,Skilled Manual,1,1,5-10 Miles,North America,0,29-34,18.1818181818182
S,M,0,No,Partial College,Skilled Manual,0,2,1-2 Miles,North America,0,29-34,27.2727272727273
S,M,0,No,Partial College,Skilled Manual,0,2,1-2 Miles,North America,0,29-34,45.4545454545455
S,F,0,No,Partial College,Skilled Manual,0,2,1-2 Miles,North America,0,29-34,45.4545454545455
S,M,0,No,Partial College,Skilled Manual,1,2,5-10 Miles,North America,0,29-34,45.4545454545455
S,F,0,No,Partial College,Skilled Manual,0,2,1-2 Miles,North America,0,29-34,45.4545454545455
M,F,2,Si,Partial High School,Clerical,1,2,1-2 Miles,Pacific,0,56-65,9.09090909090909
M,M,2,Si,Partial High School,Clerical,1,2,5-10 Miles,Pacific,0,56-65,9.09090909090909
M,M,2,Si,Partial High School,Clerical,1,2,1-2 Miles,Pacific,0,51-55,9.09090909090909
M,F,2,Si,Partial High School,Clerical,1,2,5-10 Miles,Pacific,0,56-65,9.09090909090909
S,F,0,No,Partial High School,Clerical,0,2,5-10 Miles,North America,1,29-34,27.2727272727273
S,M,0,No,Partial College,Skilled Manual,0,2,1-2 Miles,North America,1,29-34,9.09090909090909
S,M,3,No,Bachelors,Management,1,3,2-5 Miles,North America,1,29-34,81.8181818181818
S,M,3,No,High School,Skilled Manual,1,2,5-10 Miles,Pacific,0,51-55,18.1818181818182
M,M,3,No,High School,Skilled Manual,1,2,5-10 Miles,Pacific,0,51-55,18.1818181818182
S,M,3,No,Partial High School,Clerical,1,2,5-10 Miles,Pacific,1,51-55,27.2727272727273
M,F,3,No,Partial High School,Clerical,0,2,1-2 Miles,Pacific,0,51-55,27.2727272727273
S,F,2,No,Partial College,Skilled Manual,1,2,5-10 Miles,Pacific,1,46-50,72.7272727272727
S,M,0,No,High School,Skilled Manual,1,2,5-10 Miles,North America,0,29-34,18.1818181818182
M,F,0,No,Partial College,Skilled Manual,1,2,5-10 Miles,North America,0,35-40,45.4545454545455
M,F,0,No,Partial College,Professional,1,2,5-10 Miles,North America,0,35-40,45.4545454545455
S,F,0,No,Partial College,Professional,0,2,0-1 Miles,North America,1,35-40,63.6363636363636
S,F,0,No,Partial College,Professional,0,2,1-2 Miles,North America,0,29-34,45.4545454545455
S,M,2,No,High School,Skilled Manual,1,2,5-10 Miles,Pacific,1,46-50,72.7272727272727
S,F,2,No,High School,Skilled Manual,1,2,5-10 Miles,Pacific,1,46-50,72.7272727272727
M,M,2,No,High School,Skilled Manual,1,2,5-10 Miles,Pacific,1,46-50,63.6363636363636
S,M,2,No,High School,Skilled Manual,1,2,5-10 Miles,Pacific,1,51-55,63.6363636363636
M,M,4,Si,Bachelors,Management,1,3,2-5 Miles,Pacific,1,51-55,90.9090909090909
S,F,0,No,Graduate Degree,Management,0,3,0-1 Miles,Pacific,1,41-45,90.9090909090909
S,M,0,No,Bachelors,Management,0,1,2-5 Miles,North America,0,35-40,72.7272727272727
S,M,0,No,Bachelors,Management,1,1,2-5 Miles,North America,0,35-40,72.7272727272727
S,F,0,No,Partial High School,Skilled Manual,0,2,1-2 Miles,North America,1,35-40,18.1818181818182
M,F,0,No,Partial College,Professional,1,2,5-10 Miles,North America,0,29-34,45.4545454545455
S,M,0,No,Partial College,Professional,1,2,5-10 Miles,North America,0,29-34,45.4545454545455
M,F,0,No,High School,Professional,0,2,1-2 Miles,North America,1,35-40,45.4545454545455
M,M,4,Si,Bachelors,Management,1,1,2-5 Miles,Pacific,0,51-55,90.9090909090909
M,M,0,Si,Graduate Degree,Management,1,4,0-1 Miles,North America,0,29-34,90.9090909090909
S,M,0,No,Graduate Degree,Management,0,3,0-1 Miles,North America,1,41-45,90.9090909090909
M,M,1,Si,Graduate Degree,Management,1,4,0-1 Miles,North America,0,51-55,90.9090909090909
S,M,2,No,High School,Professional,1,2,5-10 Miles,North America,0,51-55,45.4545454545455
S,F,2,No,High School,Professional,1,2,5-10 Miles,North America,0,51-55,45.4545454545455
M,F,2,Si,Partial College,Professional,1,0,5-10 Miles,North America,0,51-55,63.6363636363636
M,F,2,Si,Partial College,Professional,1,0,5-10 Miles,North America,0,51-55,81.8181818181818
M,M,2,No,High School,Professional,0,2,5-10 Miles,North America,0,51-55,45.4545454545455
M,M,2,No,High School,Professional,0,2,5-10 Miles,North America,0,51-55,45.4545454545455
M,M,2,No,High School,Professional,0,2,1-2 Miles,North America,0,51-55,45.4545454545455
M,M,3,No,Partial College,Professional,0,2,5-10 Miles,North America,1,65+,27.2727272727273
S,M,5,Si,Partial College,Professional,0,3,0-1 Miles,North America,0,41-45,81.8181818181818
S,F,5,Si,Partial College,Professional,1,3,2-5 Miles,North America,1,35-40,81.8181818181818
S,M,3,Si,Bachelors,Management,0,4,1-2 Miles,North America,1,35-40,90.9090909090909
S,F,0,No,Graduate Degree,Management,0,4,1-2 Miles,North America,1,41-45,90.9090909090909
S,F,0,No,Graduate Degree,Management,1,4,0-1 Miles,North America,0,35-40,90.9090909090909
M,F,4,Si,Bachelors,Management,1,1,2-5 Miles,North America,0,41-45,72.7272727272727
M,F,4,Si,High School,Skilled Manual,1,2,2-5 Miles,North America,0,41-45,27.2727272727273
M,F,4,Si,High School,Skilled Manual,1,2,2-5 Miles,North America,0,46-50,27.2727272727273
S,F,1,No,Bachelors,Professional,0,1,0-1 Miles,North America,1,35-40,63.6363636363636
S,F,1,No,Bachelors,Professional,0,1,0-1 Miles,North America,1,41-45,63.6363636363636
M,M,1,No,Partial College,Skilled Manual,1,1,2-5 Miles,North America,1,46-50,63.6363636363636
M,M,1,No,Partial College,Skilled Manual,0,1,0-1 Miles,North America,1,46-50,63.6363636363636
M,F,1,No,Partial College,Skilled Manual,1,1,0-1 Miles,North America,1,41-45,63.6363636363636
M,M,4,Si,High School,Skilled Manual,1,3,10+ Miles,North America,0,46-50,27.2727272727273
M,F,4,Si,High School,Skilled Manual,1,2,2-5 Miles,North America,1,41-45,27.2727272727273
M,M,3,No,Graduate Degree,Management,1,2,1-2 Miles,North America,0,65+,45.4545454545455
S,M,3,No,Graduate Degree,Management,1,2,10+ Miles,North America,0,56-65,45.4545454545455
M,F,3,No,Graduate Degree,Management,1,2,10+ Miles,North America,0,65+,45.4545454545455
M,F,5,No,Bachelors,Management,1,2,10+ Miles,North America,1,56-65,63.6363636363636
M,F,5,No,Bachelors,Management,1,2,1-2 Miles,North America,1,56-65,63.6363636363636
M,F,3,No,Graduate Degree,Management,1,2,1-2 Miles,North America,0,56-65,45.4545454545455
M,M,5,No,Bachelors,Management,1,2,1-2 Miles,North America,1,65+,63.6363636363636
M,F,5,No,Partial High School,Clerical,0,2,10+ Miles,North America,0,56-65,18.1818181818182
S,M,5,No,Partial High School,Clerical,1,2,10+ Miles,North America,1,56-65,18.1818181818182
S,M,4,No,High School,Professional,1,2,10+ Miles,North America,1,51-55,27.2727272727273
S,F,4,No,High School,Professional,1,2,10+ Miles,North America,1,51-55,27.2727272727273
M,F,1,No,Graduate Degree,Skilled Manual,1,0,2-5 Miles,North America,0,29-34,45.4545454545455
M,F,1,No,Graduate Degree,Skilled Manual,1,0,0-1 Miles,North America,1,35-40,45.4545454545455
M,M,1,No,Graduate Degree,Professional,1,0,2-5 Miles,North America,0,29-34,45.4545454545455
S,M,1,No,Graduate Degree,Professional,1,0,2-5 Miles,North America,1,29-34,63.6363636363636
M,F,1,Si,Bachelors,Skilled Manual,1,0,0-1 Miles,North America,1,35-40,45.4545454545455
M,F,1,Si,Bachelors,Skilled Manual,1,0,0-1 Miles,North America,1,35-40,45.4545454545455
M,F,1,Si,Bachelors,Skilled Manual,1,0,0-1 Miles,North America,1,35-40,45.4545454545455
M,M,1,Si,Bachelors,Skilled Manual,1,1,2-5 Miles,North America,1,35-40,45.4545454545455
M,M,1,Si,Bachelors,Skilled Manual,1,1,2-5 Miles,North America,1,35-40,45.4545454545455
S,F,1,No,Graduate Degree,Professional,1,0,2-5 Miles,North America,0,35-40,45.4545454545455
M,M,1,No,Graduate Degree,Professional,1,0,2-5 Miles,North America,0,35-40,45.4545454545455
M,M,1,Si,Bachelors,Skilled Manual,1,1,2-5 Miles,North America,1,35-40,45.4545454545455
S,M,2,Si,Bachelors,Skilled Manual,1,0,2-5 Miles,North America,1,35-40,45.4545454545455
S,F,2,Si,Bachelors,Skilled Manual,0,0,0-1 Miles,North America,1,35-40,45.4545454545455
S,M,2,Si,Bachelors,Skilled Manual,0,0,0-1 Miles,North America,1,35-40,45.4545454545455
S,M,2,Si,Bachelors,Skilled Manual,1,0,2-5 Miles,North America,1,29-34,45.4545454545455
M,M,2,Si,Bachelors,Skilled Manual,1,0,2-5 Miles,North America,1,35-40,45.4545454545455
S,M,1,No,Graduate Degree,Professional,1,0,2-5 Miles,North America,0,35-40,45.4545454545455
M,F,1,No,Graduate Degree,Professional,1,0,2-5 Miles,North America,0,29-34,45.4545454545455
M,M,1,No,Graduate Degree,Professional,1,0,2-5 Miles,North America,0,35-40,45.4545454545455
M,M,3,No,Graduate Degree,Professional,1,0,0-1 Miles,North America,1,35-40,63.6363636363636
M,M,3,No,Graduate Degree,Professional,1,0,0-1 Miles,North America,1,35-40,63.6363636363636
S,F,2,Si,Bachelors,Skilled Manual,0,0,0-1 Miles,North America,1,41-45,63.6363636363636
S,F,2,Si,Bachelors,Skilled Manual,0,1,0-1 Miles,North America,0,35-40,63.6363636363636
S,F,2,Si,Bachelors,Skilled Manual,0,1,0-1 Miles,North America,0,41-45,63.6363636363636
S,M,2,Si,Bachelors,Skilled Manual,0,1,0-1 Miles,North America,0,41-45,63.6363636363636
S,F,0,No,Bachelors,Professional,1,1,2-5 Miles,North America,1,41-45,27.2727272727273
M,M,2,No,Graduate Degree,Professional,1,0,0-1 Miles,North America,0,29-34,45.4545454545455
M,M,2,No,Graduate Degree,Professional,1,0,2-5 Miles,North America,0,35-40,45.4545454545455
S,F,2,No,Graduate Degree,Professional,1,0,2-5 Miles,North America,0,35-40,45.4545454545455
M,M,2,No,Graduate Degree,Professional,1,0,0-1 Miles,North America,0,29-34,45.4545454545455
M,M,4,No,Graduate Degree,Professional,1,0,2-5 Miles,North America,1,35-40,63.6363636363636
M,M,4,No,Graduate Degree,Professional,1,0,2-5 Miles,North America,1,29-34,63.6363636363636
M,M,4,No,Graduate Degree,Professional,1,0,2-5 Miles,North America,1,35-40,63.6363636363636
M,F,4,No,Graduate Degree,Professional,1,0,2-5 Miles,North America,1,35-40,63.6363636363636
M,M,2,Si,Bachelors,Skilled Manual,1,1,2-5 Miles,North America,1,29-34,45.4545454545455
S,F,3,Si,Bachelors,Skilled Manual,1,1,2-5 Miles,North America,1,41-45,45.4545454545455
S,F,3,Si,Bachelors,Skilled Manual,1,1,2-5 Miles,North America,1,41-45,45.4545454545455
M,M,0,No,Graduate Degree,Professional,1,0,0-1 Miles,North America,0,35-40,45.4545454545455
M,M,0,No,Graduate Degree,Professional,1,0,0-1 Miles,North America,0,41-45,45.4545454545455
S,M,0,No,Graduate Degree,Professional,1,0,2-5 Miles,North America,1,41-45,45.4545454545455
M,M,0,No,Graduate Degree,Professional,1,0,0-1 Miles,North America,0,41-45,45.4545454545455
M,M,0,No,Graduate Degree,Professional,1,0,0-1 Miles,North America,0,41-45,45.4545454545455
M,F,5,No,Graduate Degree,Professional,1,0,2-5 Miles,North America,0,35-40,63.6363636363636
S,M,5,No,Graduate Degree,Professional,1,0,2-5 Miles,North America,1,35-40,63.6363636363636
M,M,5,Si,Graduate Degree,Professional,1,2,2-5 Miles,North America,0,41-45,63.6363636363636
M,F,5,Si,Graduate Degree,Professional,1,2,2-5 Miles,North America,0,35-40,63.6363636363636
S,M,0,No,Bachelors,Professional,0,1,2-5 Miles,North America,0,35-40,27.2727272727273
S,M,0,No,Bachelors,Professional,0,1,0-1 Miles,North America,1,41-45,27.2727272727273
S,M,0,No,Bachelors,Professional,0,1,0-1 Miles,North America,1,35-40,27.2727272727273
S,F,3,Si,Bachelors,Skilled Manual,1,1,2-5 Miles,North America,0,41-45,72.7272727272727
S,M,3,Si,Bachelors,Skilled Manual,0,2,0-1 Miles,North America,0,41-45,72.7272727272727
S,F,3,Si,Bachelors,Skilled Manual,1,2,2-5 Miles,North America,1,41-45,72.7272727272727
S,M,3,Si,Bachelors,Skilled Manual,1,3,10+ Miles,North America,1,41-45,72.7272727272727
S,M,0,No,Graduate Degree,Professional,1,0,2-5 Miles,North America,1,41-45,45.4545454545455
S,F,0,No,Bachelors,Professional,0,1,0-1 Miles,North America,1,41-45,27.2727272727273
S,M,4,Si,Bachelors,Skilled Manual,0,2,0-1 Miles,North America,0,29-34,45.4545454545455
S,F,4,Si,Bachelors,Skilled Manual,1,3,10+ Miles,North America,1,41-45,45.4545454545455
M,M,4,Si,Bachelors,Skilled Manual,1,3,10+ Miles,North America,0,35-40,45.4545454545455
M,F,5,Si,Partial High School,Skilled Manual,1,0,2-5 Miles,North America,0,65+,45.4545454545455
S,F,4,Si,Bachelors,Skilled Manual,1,2,2-5 Miles,North America,1,46-50,45.4545454545455
S,F,0,No,Bachelors,Professional,1,1,2-5 Miles,North America,1,46-50,27.2727272727273
S,F,4,Si,Bachelors,Skilled Manual,1,2,2-5 Miles,North America,1,41-45,63.6363636363636
S,M,0,No,Bachelors,Professional,0,1,2-5 Miles,North America,1,41-45,63.6363636363636
S,F,0,No,Bachelors,Professional,0,1,0-1 Miles,North America,1,46-50,63.6363636363636
M,M,0,No,Bachelors,Professional,0,1,0-1 Miles,North America,1,46-50,63.6363636363636
M,M,1,Si,Bachelors,Skilled Manual,1,0,1-2 Miles,Europe,1,35-40,27.2727272727273
M,M,1,Si,Bachelors,Skilled Manual,1,0,0-1 Miles,Europe,1,35-40,27.2727272727273
S,M,0,No,Partial High School,Manual,1,2,1-2 Miles,Europe,0,35-40,9.09090909090909
S,F,0,No,Partial High School,Manual,1,2,1-2 Miles,Europe,1,29-34,9.09090909090909
M,M,1,Si,Bachelors,Skilled Manual,1,1,1-2 Miles,Europe,0,35-40,27.2727272727273
M,F,1,Si,Bachelors,Skilled Manual,1,1,1-2 Miles,Europe,0,35-40,27.2727272727273
M,M,1,Si,Bachelors,Skilled Manual,1,1,0-1 Miles,Europe,1,35-40,27.2727272727273
S,M,0,No,Partial High School,Manual,0,2,1-2 Miles,Europe,1,35-40,9.09090909090909
S,F,0,No,Partial High School,Manual,0,2,0-1 Miles,Europe,1,35-40,9.09090909090909
S,M,0,No,High School,Manual,0,1,1-2 Miles,Europe,1,35-40,18.1818181818182
S,M,0,No,High School,Manual,1,1,2-5 Miles,Europe,0,35-40,18.1818181818182
S,M,0,No,High School,Manual,0,1,2-5 Miles,Europe,0,29-34,18.1818181818182
S,M,0,No,High School,Manual,1,1,2-5 Miles,Europe,0,35-40,18.1818181818182
S,F,2,Si,Partial College,Clerical,1,0,1-2 Miles,Europe,1,29-34,27.2727272727273
M,F,1,No,High School,Manual,1,1,1-2 Miles,Europe,0,65+,18.1818181818182
S,M,0,No,Partial High School,Manual,0,2,1-2 Miles,Europe,1,35-40,9.09090909090909
S,M,0,No,Partial High School,Manual,0,2,1-2 Miles,Europe,0,35-40,9.09090909090909
S,M,0,No,Partial High School,Manual,1,2,1-2 Miles,Europe,0,35-40,9.09090909090909
S,F,0,No,High School,Manual,0,1,2-5 Miles,Europe,1,35-40,18.1818181818182
S,M,0,No,High School,Manual,0,1,2-5 Miles,Europe,0,35-40,18.1818181818182
S,F,0,No,High School,Manual,0,1,2-5 Miles,Europe,1,29-34,18.1818181818182
S,F,2,Si,Partial College,Clerical,1,1,1-2 Miles,Europe,1,35-40,27.2727272727273
S,M,2,Si,Partial College,Clerical,1,1,1-2 Miles,Europe,1,35-40,27.2727272727273
S,M,2,Si,Partial College,Clerical,1,1,0-1 Miles,Europe,0,35-40,27.2727272727273
S,F,2,Si,Partial College,Clerical,1,2,1-2 Miles,Europe,0,29-34,27.2727272727273
S,M,2,Si,Partial College,Clerical,1,2,0-1 Miles,Europe,1,35-40,27.2727272727273
M,M,0,No,Graduate Degree,Skilled Manual,0,0,0-1 Miles,Europe,0,35-40,45.4545454545455
S,F,0,No,Graduate Degree,Skilled Manual,1,0,0-1 Miles,Europe,0,29-34,45.4545454545455
S,F,3,Si,Partial College,Clerical,1,1,1-2 Miles,North America,1,29-34,27.2727272727273
S,F,3,Si,Partial College,Clerical,1,1,1-2 Miles,North America,1,35-40,27.2727272727273
S,F,0,No,Graduate Degree,Skilled Manual,1,0,1-2 Miles,North America,1,35-40,18.1818181818182
M,M,4,Si,Partial College,Clerical,0,0,0-1 Miles,North America,0,29-34,27.2727272727273
M,F,2,No,High School,Manual,0,2,1-2 Miles,North America,0,65+,9.09090909090909
S,F,0,No,Graduate Degree,Skilled Manual,1,0,1-2 Miles,North America,1,41-45,45.4545454545455
M,M,0,No,Graduate Degree,Skilled Manual,1,0,1-2 Miles,North America,1,41-45,45.4545454545455
M,F,1,No,Partial College,Clerical,1,1,1-2 Miles,North America,1,51-55,27.2727272727273
M,M,1,No,Partial College,Clerical,1,1,1-2 Miles,North America,1,46-50,27.2727272727273
M,F,1,No,High School,Clerical,0,2,0-1 Miles,North America,0,46-50,18.1818181818182
S,M,2,No,High School,Clerical,1,2,1-2 Miles,North America,1,41-45,18.1818181818182
M,M,2,No,High School,Clerical,0,2,0-1 Miles,North America,0,51-55,18.1818181818182
M,M,1,No,Partial College,Clerical,1,1,1-2 Miles,North America,1,46-50,27.2727272727273
M,M,1,No,Partial College,Clerical,1,1,1-2 Miles,North America,1,51-55,27.2727272727273
S,M,2,No,High School,Skilled Manual,1,2,1-2 Miles,North America,1,51-55,18.1818181818182
M,F,2,No,High School,Skilled Manual,0,2,0-1 Miles,North America,1,51-55,18.1818181818182
M,F,2,No,High School,Skilled Manual,1,2,1-2 Miles,North America,1,51-55,18.1818181818182
M,F,2,No,High School,Skilled Manual,1,2,1-2 Miles,North America,1,51-55,18.1818181818182
M,M,2,No,High School,Skilled Manual,0,2,0-1 Miles,North America,1,51-55,18.1818181818182
M,F,1,No,Partial College,Clerical,1,1,1-2 Miles,North America,0,51-55,27.2727272727273
M,M,2,No,High School,Skilled Manual,0,2,0-1 Miles,North America,0,35-40,18.1818181818182
M,F,2,No,High School,Skilled Manual,0,2,0-1 Miles,North America,0,51-55,18.1818181818182
M,M,2,No,High School,Skilled Manual,0,2,0-1 Miles,North America,1,51-55,18.1818181818182
S,M,2,No,Partial College,Clerical,1,1,1-2 Miles,North America,1,51-55,27.2727272727273
S,M,2,No,Partial College,Clerical,1,1,1-2 Miles,North America,1,51-55,27.2727272727273
M,M,2,No,Partial College,Clerical,1,1,0-1 Miles,North America,0,51-55,27.2727272727273
M,F,2,No,Partial College,Clerical,1,1,0-1 Miles,North America,0,51-55,27.2727272727273
M,M,2,No,Partial College,Clerical,1,1,1-2 Miles,North America,1,35-40,27.2727272727273
S,F,5,No,Graduate Degree,Skilled Manual,1,0,0-1 Miles,North America,0,46-50,72.7272727272727
S,F,4,No,Graduate Degree,Skilled Manual,1,0,0-1 Miles,North America,0,35-40,72.7272727272727
S,F,4,No,Graduate Degree,Skilled Manual,1,0,0-1 Miles,North America,0,51-55,72.7272727272727
S,F,4,No,Graduate Degree,Skilled Manual,1,0,0-1 Miles,North America,0,51-55,72.7272727272727
S,M,4,No,Graduate Degree,Skilled Manual,1,0,1-2 Miles,North America,0,51-55,45.4545454545455
M,M,4,No,Graduate Degree,Skilled Manual,1,0,0-1 Miles,North America,0,51-55,45.4545454545455
M,M,4,No,Graduate Degree,Skilled Manual,1,0,0-1 Miles,North America,0,46-50,45.4545454545455
S,F,0,No,Graduate Degree,Skilled Manual,1,0,0-1 Miles,North America,0,35-40,45.4545454545455
S,F,0,No,Graduate Degree,Skilled Manual,1,0,1-2 Miles,North America,1,35-40,45.4545454545455
S,F,0,No,Graduate Degree,Skilled Manual,1,0,1-2 Miles,North America,1,35-40,45.4545454545455
S,F,0,No,Graduate Degree,Skilled Manual,0,0,0-1 Miles,North America,0,35-40,45.4545454545455
S,M,1,No,Graduate Degree,Skilled Manual,1,0,1-2 Miles,North America,0,29-34,45.4545454545455
S,F,1,No,Graduate Degree,Skilled Manual,1,0,1-2 Miles,North America,0,29-34,45.4545454545455
S,M,1,No,Graduate Degree,Skilled Manual,1,0,1-2 Miles,North America,0,35-40,45.4545454545455
S,F,1,No,Graduate Degree,Skilled Manual,1,0,1-2 Miles,North America,0,35-40,45.4545454545455
S,M,1,No,Graduate Degree,Skilled Manual,1,0,1-2 Miles,North America,0,35-40,45.4545454545455
M,M,1,No,Graduate Degree,Skilled Manual,1,0,1-2 Miles,North America,0,35-40,45.4545454545455
M,M,1,No,Graduate Degree,Skilled Manual,0,0,0-1 Miles,North America,0,29-34,45.4545454545455
S,M,0,No,Graduate Degree,Manual,1,0,0-1 Miles,Europe,1,35-40,9.09090909090909
M,F,1,No,Graduate Degree,Manual,1,0,0-1 Miles,Europe,0,35-40,9.09090909090909
M,M,1,No,Graduate Degree,Manual,1,0,0-1 Miles,Europe,0,35-40,9.09090909090909
M,F,1,No,Graduate Degree,Manual,1,0,0-1 Miles,Europe,0,41-45,9.09090909090909
M,M,1,No,Graduate Degree,Manual,1,0,0-1 Miles,Europe,0,46-50,9.09090909090909
M,M,1,No,Graduate Degree,Clerical,1,0,0-1 Miles,Europe,0,46-50,9.09090909090909
M,M,1,No,Bachelors,Manual,1,0,0-1 Miles,Europe,0,41-45,9.09090909090909
S,F,1,No,Bachelors,Manual,1,0,0-1 Miles,Europe,0,46-50,9.09090909090909
M,M,1,No,Graduate Degree,Clerical,1,0,0-1 Miles,Europe,0,46-50,9.09090909090909
M,M,1,No,Graduate Degree,Clerical,1,0,0-1 Miles,Europe,0,41-45,9.09090909090909
M,F,1,No,Graduate Degree,Clerical,1,0,0-1 Miles,Europe,0,65+,18.1818181818182
M,F,1,No,Graduate Degree,Clerical,1,0,0-1 Miles,Europe,0,46-50,9.09090909090909
S,M,1,No,Bachelors,Manual,1,0,0-1 Miles,Europe,0,51-55,9.09090909090909
S,M,2,No,Partial College,Manual,1,0,0-1 Miles,Europe,0,51-55,9.09090909090909
M,F,1,No,Bachelors,Clerical,1,0,0-1 Miles,Europe,1,46-50,9.09090909090909
M,M,1,No,Bachelors,Clerical,1,0,0-1 Miles,Europe,1,51-55,9.09090909090909
M,M,1,No,Bachelors,Clerical,1,0,0-1 Miles,Europe,1,51-55,9.09090909090909
S,M,2,No,Partial College,Manual,1,1,0-1 Miles,Europe,1,46-50,9.09090909090909
M,F,1,No,Graduate Degree,Clerical,1,0,0-1 Miles,Europe,0,65+,9.09090909090909
M,M,2,No,Bachelors,Clerical,1,1,2-5 Miles,Europe,0,65+,9.09090909090909
S,F,1,No,Bachelors,Clerical,1,0,0-1 Miles,Europe,1,65+,18.1818181818182
M,F,2,No,Partial College,Manual,1,1,2-5 Miles,Europe,0,56-65,9.09090909090909
M,M,1,No,Partial College,Manual,1,0,0-1 Miles,Europe,1,65+,9.09090909090909
M,M,1,No,Bachelors,Clerical,1,0,0-1 Miles,Europe,0,56-65,18.1818181818182
M,F,0,No,Partial College,Manual,1,1,2-5 Miles,Pacific,0,29-34,9.09090909090909
S,M,0,No,Partial College,Manual,1,1,1-2 Miles,Pacific,1,29-34,9.09090909090909
S,F,0,No,Partial College,Manual,1,1,1-2 Miles,Pacific,1,29-34,9.09090909090909
M,F,0,No,Partial College,Manual,1,1,2-5 Miles,Pacific,0,29-34,9.09090909090909
S,F,0,No,Partial College,Manual,0,1,0-1 Miles,Pacific,1,29-34,9.09090909090909
M,M,0,No,Partial College,Manual,0,1,0-1 Miles,Pacific,0,29-34,9.09090909090909
S,F,0,No,Partial College,Manual,1,1,2-5 Miles,Pacific,1,29-34,9.09090909090909
M,F,0,No,Partial College,Manual,0,1,1-2 Miles,Pacific,0,29-34,9.09090909090909
M,M,0,No,Bachelors,Clerical,1,0,0-1 Miles,Pacific,1,29-34,9.09090909090909
M,M,0,No,Bachelors,Clerical,1,0,0-1 Miles,Pacific,1,29-34,9.09090909090909
M,F,0,No,Bachelors,Clerical,1,0,0-1 Miles,Pacific,1,29-34,9.09090909090909
S,M,1,Si,High School,Manual,0,0,2-5 Miles,Pacific,1,29-34,9.09090909090909
S,F,1,Si,High School,Manual,0,0,1-2 Miles,Pacific,1,29-34,9.09090909090909
M,F,2,No,Partial College,Manual,1,0,1-2 Miles,Europe,0,56-65,9.09090909090909
S,M,2,No,Partial College,Manual,1,0,1-2 Miles,Europe,0,65+,9.09090909090909
S,M,1,Si,Partial College,Manual,0,0,0-1 Miles,Europe,1,41-45,9.09090909090909
S,F,1,Si,Partial College,Manual,0,0,1-2 Miles,Europe,0,41-45,9.09090909090909
M,M,4,No,Graduate Degree,Clerical,1,0,0-1 Miles,Europe,1,46-50,18.1818181818182
S,M,4,No,Graduate Degree,Clerical,1,0,0-1 Miles,Europe,1,46-50,18.1818181818182
S,M,3,No,Graduate Degree,Clerical,1,0,0-1 Miles,Europe,1,29-34,18.1818181818182
M,M,3,No,Graduate Degree,Clerical,1,0,0-1 Miles,Europe,1,46-50,18.1818181818182
M,F,1,Si,Partial College,Manual,1,0,1-2 Miles,Europe,0,46-50,9.09090909090909
M,M,1,Si,Partial College,Manual,1,0,1-2 Miles,Europe,0,46-50,9.09090909090909
M,M,3,No,Graduate Degree,Clerical,1,0,0-1 Miles,Europe,1,46-50,18.1818181818182
S,M,1,Si,High School,Manual,0,1,1-2 Miles,Europe,0,35-40,9.09090909090909
M,F,1,Si,High School,Manual,1,1,2-5 Miles,Europe,0,41-45,9.09090909090909
M,F,2,No,Partial College,Manual,1,1,0-1 Miles,Europe,1,46-50,9.09090909090909
S,M,2,No,Partial College,Manual,1,1,2-5 Miles,Europe,0,51-55,9.09090909090909
M,F,2,No,Partial College,Manual,1,1,2-5 Miles,Europe,1,51-55,9.09090909090909
S,F,3,No,Bachelors,Clerical,1,0,0-1 Miles,Europe,1,46-50,18.1818181818182
S,F,3,No,Bachelors,Clerical,1,0,0-1 Miles,Europe,1,41-45,18.1818181818182
M,F,3,No,Bachelors,Clerical,1,0,0-1 Miles,Europe,1,46-50,18.1818181818182
M,F,1,No,Bachelors,Clerical,1,0,0-1 Miles,Europe,1,51-55,18.1818181818182
S,M,0,No,Partial College,Manual,1,1,2-5 Miles,Europe,0,29-34,9.09090909090909
M,F,0,No,Partial College,Manual,0,1,1-2 Miles,Europe,0,35-40,9.09090909090909
S,M,0,No,Partial College,Manual,0,1,2-5 Miles,Europe,0,29-34,9.09090909090909
S,F,0,No,Partial College,Manual,0,1,2-5 Miles,Europe,0,29-34,9.09090909090909
M,M,0,No,Bachelors,Clerical,0,0,0-1 Miles,Europe,1,29-34,18.1818181818182
S,F,2,Si,High School,Manual,1,1,0-1 Miles,Europe,1,35-40,9.09090909090909
S,F,0,No,Partial College,Manual,0,1,2-5 Miles,Europe,0,35-40,9.09090909090909
M,M,0,No,Bachelors,Clerical,1,0,0-1 Miles,Europe,1,35-40,18.1818181818182
M,F,1,No,Bachelors,Clerical,1,0,1-2 Miles,Europe,1,41-45,18.1818181818182
M,M,0,No,Graduate Degree,Clerical,1,0,0-1 Miles,Europe,1,35-40,27.2727272727273
M,M,0,No,Graduate Degree,Clerical,1,0,0-1 Miles,Europe,1,35-40,27.2727272727273
S,M,3,No,Partial College,Manual,1,2,0-1 Miles,Europe,1,51-55,9.09090909090909
S,M,3,No,Partial College,Manual,1,2,0-1 Miles,Europe,1,51-55,9.09090909090909
S,M,3,No,Partial College,Manual,1,2,0-1 Miles,Europe,1,51-55,9.09090909090909
M,F,3,No,Partial College,Manual,0,2,0-1 Miles,Europe,0,51-55,9.09090909090909
S,M,2,No,Partial College,Manual,1,1,2-5 Miles,Europe,1,51-55,9.09090909090909
S,F,3,Si,High School,Manual,1,0,0-1 Miles,Europe,1,41-45,9.09090909090909
M,F,1,Si,Partial College,Manual,1,0,2-5 Miles,Europe,0,29-34,9.09090909090909
S,M,1,Si,Partial College,Manual,0,1,1-2 Miles,Europe,1,35-40,9.09090909090909
S,F,1,Si,Partial College,Manual,0,1,0-1 Miles,Europe,0,41-45,9.09090909090909
M,M,1,No,Bachelors,Clerical,1,0,1-2 Miles,Europe,1,41-45,18.1818181818182
M,F,0,No,Graduate Degree,Clerical,1,0,0-1 Miles,Europe,1,35-40,27.2727272727273
M,F,0,No,Graduate Degree,Clerical,1,0,0-1 Miles,Europe,1,41-45,27.2727272727273
M,F,0,No,Graduate Degree,Clerical,1,0,0-1 Miles,Europe,1,41-45,27.2727272727273
M,M,0,No,Graduate Degree,Clerical,1,0,0-1 Miles,Europe,1,41-45,27.2727272727273
M,F,0,No,Graduate Degree,Clerical,1,0,0-1 Miles,Europe,1,41-45,27.2727272727273
S,F,3,Si,Partial High School,Manual,1,1,0-1 Miles,Europe,0,41-45,9.09090909090909
S,F,4,Si,Partial High School,Manual,1,0,0-1 Miles,Europe,1,41-45,9.09090909090909
M,M,1,Si,Partial College,Manual,1,1,2-5 Miles,Europe,0,35-40,9.09090909090909
S,F,1,Si,Partial College,Manual,0,1,0-1 Miles,Europe,0,35-40,9.09090909090909
S,M,1,Si,Partial College,Manual,0,1,1-2 Miles,Europe,1,41-45,9.09090909090909
M,M,1,Si,High School,Manual,1,1,2-5 Miles,Europe,0,35-40,9.09090909090909
S,F,1,Si,Bachelors,Clerical,0,0,1-2 Miles,Europe,1,41-45,18.1818181818182
S,M,1,Si,Bachelors,Clerical,0,1,0-1 Miles,Europe,1,35-40,18.1818181818182
M,F,1,Si,Bachelors,Clerical,1,1,2-5 Miles,Europe,0,41-45,18.1818181818182
M,F,0,No,Bachelors,Clerical,1,0,0-1 Miles,Europe,1,41-45,27.2727272727273
M,F,0,No,Bachelors,Clerical,1,0,0-1 Miles,Europe,1,29-34,27.2727272727273
M,M,1,Si,Bachelors,Clerical,1,1,2-5 Miles,Europe,1,41-45,18.1818181818182
M,F,1,Si,Bachelors,Skilled Manual,1,2,0-1 Miles,Europe,1,41-45,18.1818181818182
S,M,4,Si,Partial High School,Manual,1,2,0-1 Miles,Europe,1,41-45,9.09090909090909
S,F,2,Si,High School,Manual,1,0,0-1 Miles,Europe,0,41-45,9.09090909090909
S,F,2,Si,High School,Manual,1,0,0-1 Miles,Europe,1,41-45,9.09090909090909
S,M,2,Si,High School,Manual,1,0,0-1 Miles,Europe,1,41-45,9.09090909090909
S,F,2,Si,High School,Manual,1,1,0-1 Miles,Europe,0,41-45,9.09090909090909
S,F,2,Si,High School,Manual,1,1,0-1 Miles,Europe,0,35-40,9.09090909090909
S,M,4,Si,Partial High School,Manual,1,2,0-1 Miles,Europe,0,41-45,9.09090909090909
S,F,5,Si,Partial High School,Manual,1,1,0-1 Miles,Europe,1,35-40,9.09090909090909
S,F,5,Si,Partial High School,Manual,1,1,0-1 Miles,Europe,0,46-50,9.09090909090909
S,M,2,Si,High School,Manual,1,2,0-1 Miles,Europe,0,41-45,9.09090909090909
M,M,2,Si,High School,Manual,0,2,0-1 Miles,Europe,0,41-45,9.09090909090909
S,M,2,Si,High School,Manual,1,2,0-1 Miles,Europe,0,41-45,9.09090909090909
S,F,3,Si,Partial High School,Manual,1,2,0-1 Miles,Europe,0,46-50,9.09090909090909
S,M,3,Si,Partial High School,Manual,1,2,0-1 Miles,Europe,0,41-45,9.09090909090909
M,M,3,Si,Partial High School,Manual,0,2,0-1 Miles,Europe,0,46-50,9.09090909090909
M,F,0,No,Bachelors,Professional,0,0,0-1 Miles,Europe,1,41-45,27.2727272727273
M,F,0,No,Bachelors,Professional,1,0,0-1 Miles,Europe,1,41-45,27.2727272727273
M,M,2,Si,Partial College,Clerical,0,0,0-1 Miles,Europe,1,46-50,18.1818181818182
M,F,2,Si,Partial College,Clerical,0,0,0-1 Miles,Europe,0,41-45,18.1818181818182
S,M,1,No,Partial College,Clerical,1,1,2-5 Miles,Europe,1,41-45,18.1818181818182
S,F,2,No,Partial College,Clerical,1,1,2-5 Miles,Europe,0,65+,9.09090909090909
M,F,1,No,Bachelors,Skilled Manual,1,1,2-5 Miles,Europe,0,65+,18.1818181818182
M,M,1,No,Bachelors,Skilled Manual,1,0,0-1 Miles,Europe,0,41-45,27.2727272727273
M,M,1,No,Bachelors,Skilled Manual,1,0,0-1 Miles,Europe,0,41-45,27.2727272727273
M,F,1,No,Bachelors,Skilled Manual,1,0,0-1 Miles,Europe,0,41-45,27.2727272727273
M,M,1,No,Bachelors,Skilled Manual,1,0,0-1 Miles,Europe,0,29-34,27.2727272727273
S,F,2,Si,Partial College,Clerical,1,2,0-1 Miles,Europe,0,46-50,18.1818181818182
M,M,3,Si,Partial College,Clerical,0,0,0-1 Miles,Europe,0,46-50,18.1818181818182
S,M,3,Si,Partial College,Clerical,1,0,0-1 Miles,Europe,1,46-50,18.1818181818182
M,M,1,No,Bachelors,Skilled Manual,1,0,0-1 Miles,Europe,1,46-50,27.2727272727273
S,F,0,No,Partial High School,Manual,1,2,0-1 Miles,Europe,0,29-34,9.09090909090909
S,F,4,Si,High School,Manual,1,3,0-1 Miles,Europe,1,29-34,9.09090909090909
M,F,1,No,Bachelors,Skilled Manual,1,0,0-1 Miles,Europe,1,35-40,27.2727272727273
M,F,1,No,Bachelors,Skilled Manual,1,0,0-1 Miles,Europe,1,46-50,27.2727272727273
M,M,1,No,Partial College,Clerical,1,1,0-1 Miles,Europe,1,46-50,18.1818181818182
M,M,1,No,Partial College,Clerical,1,1,0-1 Miles,Europe,1,41-45,18.1818181818182
M,M,1,No,Partial College,Clerical,1,1,2-5 Miles,Europe,0,46-50,18.1818181818182
M,F,1,No,Bachelors,Skilled Manual,1,1,0-1 Miles,Europe,1,41-45,27.2727272727273
M,F,1,No,Bachelors,Skilled Manual,1,1,0-1 Miles,Europe,1,46-50,27.2727272727273
M,M,4,Si,Partial College,Clerical,0,3,0-1 Miles,Europe,0,29-34,18.1818181818182
S,F,0,No,High School,Manual,1,1,2-5 Miles,Europe,0,29-34,9.09090909090909
S,F,0,No,Partial College,Clerical,1,1,2-5 Miles,Europe,0,29-34,18.1818181818182
S,F,0,No,Partial High School,Manual,0,2,0-1 Miles,Europe,0,29-34,9.09090909090909
S,F,0,No,Partial High School,Manual,1,2,0-1 Miles,Europe,0,29-34,9.09090909090909
S,M,0,No,Partial High School,Manual,0,2,0-1 Miles,Europe,0,29-34,9.09090909090909
S,M,0,No,Partial College,Clerical,0,1,0-1 Miles,Europe,1,29-34,18.1818181818182
S,M,0,No,Partial High School,Manual,1,1,2-5 Miles,Europe,0,29-34,9.09090909090909
S,F,0,No,Partial High School,Manual,0,2,0-1 Miles,Europe,0,35-40,9.09090909090909
S,F,0,No,Partial High School,Manual,0,2,0-1 Miles,Europe,0,35-40,9.09090909090909
S,F,0,No,Partial High School,Manual,0,2,1-2 Miles,Europe,0,29-34,9.09090909090909
S,M,0,No,Partial College,Clerical,0,1,0-1 Miles,Europe,0,35-40,18.1818181818182
S,M,0,No,Partial College,Clerical,0,1,2-5 Miles,Europe,1,29-34,18.1818181818182
S,M,0,No,Partial College,Clerical,0,1,2-5 Miles,Europe,1,29-34,18.1818181818182
M,M,1,Si,Bachelors,Skilled Manual,1,0,1-2 Miles,Europe,1,29-34,27.2727272727273
S,M,0,No,Partial High School,Manual,0,2,0-1 Miles,Europe,0,35-40,9.09090909090909
S,M,0,No,Partial High School,Manual,1,2,1-2 Miles,Europe,0,29-34,9.09090909090909
M,F,0,No,Partial High School,Manual,0,2,0-1 Miles,Europe,0,29-34,9.09090909090909
S,M,0,No,Partial High School,Manual,1,2,1-2 Miles,Europe,0,35-40,9.09090909090909
S,M,0,No,Partial College,Clerical,1,1,2-5 Miles,Europe,0,35-40,18.1818181818182
S,M,0,No,Partial High School,Manual,0,2,1-2 Miles,Europe,0,29-34,9.09090909090909
S,M,0,No,Partial High School,Manual,0,2,0-1 Miles,Europe,0,29-34,9.09090909090909
S,F,0,No,Partial High School,Manual,0,2,0-1 Miles,Europe,0,29-34,9.09090909090909
M,M,4,Si,High School,Skilled Manual,1,2,2-5 Miles,North America,1,46-50,27.2727272727273
M,M,1,No,Partial College,Skilled Manual,1,1,0-1 Miles,North America,1,46-50,45.4545454545455
M,M,1,No,Partial College,Skilled Manual,1,1,0-1 Miles,North America,1,41-45,45.4545454545455
S,F,4,Si,High School,Skilled Manual,1,2,2-5 Miles,North America,1,41-45,27.2727272727273
M,M,4,Si,High School,Skilled Manual,1,2,2-5 Miles,North America,1,35-40,27.2727272727273
S,F,0,No,Bachelors,Professional,1,1,2-5 Miles,North America,0,35-40,27.2727272727273
M,F,1,No,Partial College,Skilled Manual,1,1,2-5 Miles,North America,1,41-45,45.4545454545455
M,M,1,No,Partial College,Skilled Manual,0,1,0-1 Miles,North America,1,46-50,45.4545454545455
M,M,1,No,Partial College,Skilled Manual,1,1,0-1 Miles,North America,1,46-50,45.4545454545455
S,F,0,No,Partial College,Skilled Manual,0,1,0-1 Miles,North America,0,35-40,45.4545454545455
S,M,0,No,Graduate Degree,Professional,0,1,0-1 Miles,North America,1,41-45,45.4545454545455
S,M,0,No,Graduate Degree,Professional,0,1,0-1 Miles,North America,1,35-40,45.4545454545455
S,F,0,No,Graduate Degree,Professional,0,1,0-1 Miles,North America,1,35-40,45.4545454545455
M,F,1,No,Partial College,Skilled Manual,1,1,0-1 Miles,North America,1,46-50,45.4545454545455
M,M,1,No,Graduate Degree,Skilled Manual,1,0,1-2 Miles,North America,0,35-40,45.4545454545455
M,M,0,No,Graduate Degree,Manual,1,0,0-1 Miles,Europe,1,35-40,9.09090909090909
S,F,1,No,Graduate Degree,Manual,1,0,0-1 Miles,Europe,0,41-45,9.09090909090909
M,M,1,No,Graduate Degree,Manual,1,0,0-1 Miles,Europe,0,41-45,9.09090909090909
M,M,1,No,Graduate Degree,Manual,1,0,0-1 Miles,Europe,0,46-50,9.09090909090909
S,M,1,No,Bachelors,Manual,1,0,0-1 Miles,Europe,0,41-45,9.09090909090909
M,F,1,No,Bachelors,Manual,1,0,0-1 Miles,Europe,0,41-45,9.09090909090909
M,M,1,No,Bachelors,Manual,1,0,0-1 Miles,Europe,0,41-45,9.09090909090909
M,F,1,No,Graduate Degree,Clerical,1,0,0-1 Miles,Europe,0,46-50,9.09090909090909
M,F,1,No,Graduate Degree,Clerical,1,0,0-1 Miles,Europe,0,35-40,9.09090909090909
M,M,1,No,Graduate Degree,Clerical,1,0,0-1 Miles,Europe,0,46-50,9.09090909090909
M,F,1,No,Graduate Degree,Clerical,1,0,0-1 Miles,Europe,0,65+,9.09090909090909
M,F,1,No,Graduate Degree,Clerical,1,0,0-1 Miles,Europe,0,65+,18.1818181818182
M,M,4,No,Graduate Degree,Clerical,1,0,0-1 Miles,Europe,1,46-50,18.1818181818182
M,F,1,No,Bachelors,Manual,1,0,0-1 Miles,Europe,0,51-55,9.09090909090909
M,M,1,No,Bachelors,Manual,1,0,0-1 Miles,Europe,0,35-40,9.09090909090909
S,F,1,No,Bachelors,Manual,1,0,0-1 Miles,Europe,0,46-50,9.09090909090909
M,M,1,No,Bachelors,Manual,1,0,0-1 Miles,Europe,1,51-55,9.09090909090909
M,M,2,No,Partial College,Manual,1,1,0-1 Miles,Europe,1,46-50,9.09090909090909
M,F,2,No,Partial College,Manual,1,1,0-1 Miles,Europe,1,51-55,9.09090909090909
M,M,1,No,Bachelors,Clerical,1,0,0-1 Miles,Europe,1,51-55,9.09090909090909
M,M,1,No,Bachelors,Clerical,1,0,0-1 Miles,Europe,1,51-55,9.09090909090909
M,F,1,No,Bachelors,Clerical,1,0,0-1 Miles,Europe,1,46-50,9.09090909090909
M,M,2,No,Partial College,Manual,1,1,2-5 Miles,Europe,0,56-65,9.09090909090909
S,F,2,No,Partial College,Manual,1,1,0-1 Miles,Europe,1,46-50,9.09090909090909
S,M,2,No,Bachelors,Clerical,1,1,0-1 Miles,Europe,1,65+,9.09090909090909
S,F,1,No,Bachelors,Clerical,1,0,0-1 Miles,Europe,1,65+,9.09090909090909
M,F,1,No,Bachelors,Clerical,1,0,0-1 Miles,Europe,0,65+,9.09090909090909
S,F,3,No,Partial College,Manual,1,1,1-2 Miles,Europe,1,65+,9.09090909090909
M,M,1,No,Partial College,Manual,1,0,0-1 Miles,Europe,0,56-65,9.09090909090909
M,F,1,No,Partial College,Manual,1,0,0-1 Miles,Europe,1,65+,9.09090909090909
M,F,1,No,Bachelors,Clerical,1,0,0-1 Miles,Europe,0,56-65,18.1818181818182
S,F,0,No,Partial College,Manual,0,1,0-1 Miles,Pacific,1,29-34,9.09090909090909
M,M,0,No,Partial College,Manual,1,1,2-5 Miles,Pacific,0,29-34,9.09090909090909
M,M,0,No,Partial College,Manual,1,1,2-5 Miles,Pacific,0,29-34,9.09090909090909
M,F,0,No,Partial College,Manual,1,1,2-5 Miles,Pacific,0,29-34,9.09090909090909
M,M,0,No,Partial College,Manual,1,1,2-5 Miles,Pacific,0,29-34,9.09090909090909
S,F,0,No,High School,Manual,0,1,1-2 Miles,Pacific,1,29-34,9.09090909090909
M,M,0,No,High School,Manual,1,2,0-1 Miles,Pacific,1,29-34,9.09090909090909
M,M,1,Si,High School,Manual,1,0,2-5 Miles,Pacific,1,29-34,9.09090909090909
M,M,1,Si,High School,Manual,1,0,2-5 Miles,Pacific,1,29-34,9.09090909090909
S,F,1,Si,High School,Manual,0,0,1-2 Miles,Pacific,1,29-34,9.09090909090909
M,M,0,No,Bachelors,Clerical,1,0,0-1 Miles,Pacific,1,29-34,9.09090909090909
S,F,1,Si,High School,Manual,0,0,2-5 Miles,Pacific,1,29-34,9.09090909090909
S,F,1,Si,High School,Manual,0,0,1-2 Miles,Pacific,1,29-34,9.09090909090909
S,F,0,No,Bachelors,Clerical,1,0,0-1 Miles,Pacific,1,29-34,9.09090909090909
M,F,0,No,Bachelors,Clerical,1,0,0-1 Miles,Pacific,1,29-34,9.09090909090909
S,M,0,No,Bachelors,Clerical,1,0,0-1 Miles,Pacific,1,29-34,9.09090909090909
S,M,0,No,Bachelors,Clerical,1,0,0-1 Miles,Pacific,1,29-34,9.09090909090909
M,F,0,No,Bachelors,Clerical,1,0,0-1 Miles,Pacific,1,29-34,9.09090909090909
M,M,0,No,Bachelors,Clerical,1,0,0-1 Miles,Pacific,1,29-34,9.09090909090909
S,M,1,Si,High School,Manual,0,0,1-2 Miles,Pacific,1,29-34,9.09090909090909
S,F,1,Si,High School,Manual,0,0,1-2 Miles,Pacific,1,29-34,9.09090909090909
S,M,0,No,Bachelors,Clerical,1,0,0-1 Miles,Pacific,1,29-34,9.09090909090909
M,F,0,No,Bachelors,Clerical,0,0,0-1 Miles,Pacific,1,29-34,9.09090909090909
S,M,0,No,Partial College,Manual,1,0,0-1 Miles,Pacific,1,29-34,9.09090909090909
M,M,2,No,Partial College,Manual,1,1,1-2 Miles,Europe,1,65+,9.09090909090909
M,M,2,No,Partial College,Manual,1,1,1-2 Miles,Europe,1,65+,9.09090909090909
M,F,1,Si,Partial College,Manual,1,0,1-2 Miles,Europe,0,35-40,9.09090909090909
M,M,1,Si,Partial College,Manual,1,0,1-2 Miles,Europe,0,35-40,9.09090909090909
M,M,4,No,Graduate Degree,Clerical,1,0,0-1 Miles,Europe,1,41-45,18.1818181818182
M,F,3,No,Graduate Degree,Clerical,1,0,0-1 Miles,Europe,1,46-50,18.1818181818182
S,M,1,Si,Partial College,Manual,0,0,0-1 Miles,Europe,1,41-45,9.09090909090909
M,F,1,Si,Partial College,Manual,1,0,1-2 Miles,Europe,0,46-50,9.09090909090909
M,F,1,Si,Partial College,Manual,1,0,2-5 Miles,Europe,0,41-45,9.09090909090909
M,F,3,No,Graduate Degree,Clerical,1,0,0-1 Miles,Europe,1,46-50,18.1818181818182
S,M,1,Si,High School,Manual,0,1,1-2 Miles,Europe,0,46-50,9.09090909090909
S,F,1,Si,High School,Manual,0,1,2-5 Miles,Europe,0,46-50,9.09090909090909
M,M,2,No,Partial College,Manual,1,1,0-1 Miles,Europe,1,51-55,9.09090909090909
M,M,2,No,Partial College,Manual,1,1,0-1 Miles,Europe,1,46-50,9.09090909090909
M,M,2,No,Partial College,Manual,1,1,2-5 Miles,Europe,1,41-45,9.09090909090909
S,M,3,No,Graduate Degree,Clerical,1,0,0-1 Miles,Europe,1,41-45,18.1818181818182
M,F,2,No,Partial College,Manual,1,1,0-1 Miles,Europe,1,41-45,9.09090909090909
M,M,1,No,Graduate Degree,Clerical,1,0,0-1 Miles,Europe,1,46-50,18.1818181818182
M,F,1,No,Graduate Degree,Clerical,1,0,0-1 Miles,Europe,1,41-45,18.1818181818182
S,M,1,No,Graduate Degree,Clerical,1,0,0-1 Miles,Europe,1,51-55,18.1818181818182
S,F,3,No,Bachelors,Clerical,1,0,0-1 Miles,Europe,1,46-50,18.1818181818182
M,F,3,No,Graduate Degree,Clerical,1,0,0-1 Miles,Europe,1,46-50,27.2727272727273
M,M,1,No,Bachelors,Clerical,1,0,0-1 Miles,Europe,1,51-55,18.1818181818182
M,M,1,Si,High School,Manual,1,1,5-10 Miles,Europe,0,35-40,9.09090909090909
S,M,2,Si,High School,Manual,1,0,0-1 Miles,Europe,1,35-40,9.09090909090909
S,F,2,Si,High School,Manual,1,0,0-1 Miles,Europe,0,35-40,9.09090909090909
S,F,0,No,Partial College,Manual,0,1,0-1 Miles,Europe,0,35-40,9.09090909090909
S,M,0,No,Partial College,Manual,1,1,2-5 Miles,Europe,0,35-40,9.09090909090909
S,M,0,No,Bachelors,Clerical,1,0,0-1 Miles,Europe,1,29-34,18.1818181818182
S,F,0,No,Bachelors,Clerical,1,0,0-1 Miles,Europe,1,35-40,18.1818181818182
M,M,0,No,Bachelors,Clerical,1,0,0-1 Miles,Europe,1,35-40,18.1818181818182
M,F,0,No,Bachelors,Clerical,1,0,0-1 Miles,Europe,1,35-40,18.1818181818182
M,F,0,No,Graduate Degree,Clerical,1,0,0-1 Miles,Europe,1,35-40,27.2727272727273
S,F,0,No,Partial College,Manual,0,1,0-1 Miles,Europe,0,35-40,9.09090909090909
M,M,0,No,Bachelors,Clerical,1,0,0-1 Miles,Europe,1,35-40,18.1818181818182
S,F,0,No,Bachelors,Clerical,0,0,1-2 Miles,Europe,1,35-40,18.1818181818182
M,M,0,No,Graduate Degree,Clerical,1,0,0-1 Miles,Europe,1,35-40,27.2727272727273
M,M,0,No,Graduate Degree,Clerical,1,0,0-1 Miles,Europe,1,29-34,27.2727272727273
S,F,0,No,Graduate Degree,Skilled Manual,1,0,0-1 Miles,Europe,1,35-40,45.4545454545455
M,F,3,No,Partial College,Manual,0,2,0-1 Miles,Europe,0,51-55,9.09090909090909
M,F,2,No,Partial College,Manual,1,1,2-5 Miles,Europe,1,51-55,9.09090909090909
M,M,2,No,Partial College,Manual,1,1,2-5 Miles,Europe,1,56-65,9.09090909090909
S,M,2,Si,High School,Manual,1,2,0-1 Miles,Europe,0,56-65,9.09090909090909
S,F,2,Si,High School,Manual,1,1,0-1 Miles,Europe,1,41-45,9.09090909090909
S,F,1,Si,Partial College,Manual,0,1,0-1 Miles,Europe,1,35-40,9.09090909090909
M,M,1,No,Bachelors,Clerical,1,0,1-2 Miles,Europe,1,29-34,18.1818181818182
M,F,1,Si,Bachelors,Clerical,1,0,2-5 Miles,Europe,1,41-45,18.1818181818182
S,F,0,No,Graduate Degree,Clerical,1,0,0-1 Miles,Europe,1,35-40,27.2727272727273
M,F,0,No,Graduate Degree,Clerical,1,0,0-1 Miles,Europe,1,41-45,27.2727272727273
M,F,0,No,Graduate Degree,Clerical,1,0,0-1 Miles,Europe,1,41-45,27.2727272727273
M,M,0,No,Graduate Degree,Clerical,1,0,0-1 Miles,Europe,1,41-45,27.2727272727273
M,F,0,No,Bachelors,Clerical,0,0,0-1 Miles,Europe,1,41-45,27.2727272727273
S,F,1,Si,Bachelors,Clerical,0,1,0-1 Miles,Europe,1,41-45,18.1818181818182
M,M,1,Si,Bachelors,Clerical,1,1,2-5 Miles,Europe,1,35-40,18.1818181818182
S,M,0,No,Bachelors,Clerical,1,0,0-1 Miles,Europe,1,41-45,27.2727272727273
M,F,0,No,Bachelors,Clerical,1,0,0-1 Miles,Europe,1,41-45,27.2727272727273
M,F,0,No,Bachelors,Clerical,1,0,0-1 Miles,Europe,1,41-45,27.2727272727273
M,M,0,No,Bachelors,Clerical,1,0,0-1 Miles,Europe,1,41-45,27.2727272727273
M,F,0,No,Bachelors,Clerical,1,0,0-1 Miles,Europe,1,35-40,27.2727272727273
M,F,1,Si,Bachelors,Clerical,1,1,2-5 Miles,Europe,1,41-45,18.1818181818182
S,M,2,Si,High School,Manual,1,1,0-1 Miles,Europe,0,41-45,9.09090909090909
S,F,2,Si,High School,Manual,1,1,0-1 Miles,Europe,1,41-45,9.09090909090909
S,F,2,Si,High School,Manual,1,1,0-1 Miles,Europe,1,29-34,9.09090909090909
M,M,1,Si,Bachelors,Skilled Manual,1,2,0-1 Miles,Europe,0,35-40,18.1818181818182
S,F,5,Si,Partial High School,Manual,1,1,0-1 Miles,Europe,0,41-45,9.09090909090909
M,M,4,No,High School,Manual,0,2,0-1 Miles,Europe,0,65+,9.09090909090909
S,M,2,Si,High School,Manual,1,2,0-1 Miles,Europe,0,41-45,9.09090909090909
S,F,2,Si,High School,Manual,1,2,0-1 Miles,Europe,0,41-45,9.09090909090909
S,M,3,Si,High School,Manual,1,0,0-1 Miles,Europe,1,35-40,9.09090909090909
S,F,3,Si,High School,Manual,1,0,0-1 Miles,Europe,0,35-40,9.09090909090909
S,F,3,Si,High School,Manual,1,1,0-1 Miles,Europe,1,41-45,9.09090909090909
S,M,3,Si,High School,Manual,1,1,0-1 Miles,Europe,1,46-50,9.09090909090909
S,M,3,Si,High School,Manual,1,1,0-1 Miles,Europe,1,46-50,9.09090909090909
S,M,3,Si,High School,Manual,1,2,0-1 Miles,Europe,0,46-50,9.09090909090909
M,F,2,No,Partial College,Manual,1,1,2-5 Miles,Europe,0,65+,9.09090909090909
M,M,1,No,Bachelors,Skilled Manual,1,1,2-5 Miles,Europe,0,65+,18.1818181818182
M,F,0,No,Bachelors,Professional,0,0,0-1 Miles,Europe,1,41-45,27.2727272727273
M,F,0,No,Bachelors,Professional,1,0,0-1 Miles,Europe,1,41-45,27.2727272727273
M,M,1,No,Graduate Degree,Skilled Manual,1,0,0-1 Miles,Europe,0,65+,27.2727272727273
M,F,1,No,Graduate Degree,Skilled Manual,1,0,0-1 Miles,Europe,0,65+,27.2727272727273
S,F,2,Si,Partial College,Clerical,1,1,0-1 Miles,Europe,1,41-45,18.1818181818182
S,F,2,Si,Partial College,Clerical,1,1,0-1 Miles,Europe,1,41-45,18.1818181818182
S,M,2,Si,Partial College,Clerical,1,1,0-1 Miles,Europe,1,35-40,18.1818181818182
S,M,2,Si,Partial College,Clerical,1,1,0-1 Miles,Europe,1,41-45,18.1818181818182
M,F,1,No,Bachelors,Skilled Manual,1,0,0-1 Miles,Europe,0,41-45,27.2727272727273
M,F,1,No,Bachelors,Skilled Manual,1,0,0-1 Miles,Europe,0,29-34,27.2727272727273
S,M,2,Si,Partial College,Clerical,1,2,0-1 Miles,Europe,0,46-50,18.1818181818182
S,F,2,Si,Partial College,Clerical,1,2,0-1 Miles,Europe,0,41-45,18.1818181818182
M,F,2,Si,Partial College,Clerical,0,2,0-1 Miles,Europe,0,35-40,18.1818181818182
S,M,2,Si,Partial College,Clerical,1,2,0-1 Miles,Europe,0,35-40,18.1818181818182
S,M,3,Si,Partial College,Clerical,1,0,0-1 Miles,Europe,0,41-45,18.1818181818182
M,F,1,No,Bachelors,Skilled Manual,1,0,0-1 Miles,Europe,1,46-50,27.2727272727273
S,M,0,No,High School,Manual,1,1,2-5 Miles,Europe,0,29-34,9.09090909090909
S,F,4,Si,High School,Manual,1,1,0-1 Miles,Europe,1,29-34,9.09090909090909
S,M,5,Si,High School,Manual,1,2,0-1 Miles,Europe,0,29-34,9.09090909090909
S,M,5,Si,High School,Manual,1,2,0-1 Miles,Europe,0,29-34,9.09090909090909
S,F,3,Si,Partial College,Clerical,1,2,0-1 Miles,Europe,0,29-34,18.1818181818182
S,M,3,Si,Partial College,Clerical,1,2,0-1 Miles,Europe,0,29-34,18.1818181818182
M,F,1,No,Bachelors,Skilled Manual,1,0,0-1 Miles,Europe,1,46-50,27.2727272727273
M,F,1,No,Partial College,Clerical,1,1,0-1 Miles,Europe,1,35-40,18.1818181818182
M,M,1,No,Bachelors,Skilled Manual,1,1,0-1 Miles,Europe,1,35-40,27.2727272727273
S,F,0,No,Partial College,Clerical,1,1,2-5 Miles,Europe,0,29-34,18.1818181818182
S,M,0,No,High School,Manual,0,1,1-2 Miles,Europe,0,29-34,9.09090909090909
S,F,0,No,Partial High School,Manual,1,2,0-1 Miles,Europe,0,35-40,9.09090909090909
M,F,0,No,High School,Manual,0,1,2-5 Miles,Europe,0,29-34,9.09090909090909
S,F,0,No,Partial College,Clerical,0,1,2-5 Miles,Europe,0,29-34,18.1818181818182
M,M,4,No,High School,Manual,0,2,0-1 Miles,Europe,0,65+,9.09090909090909
S,F,0,No,Partial High School,Manual,1,2,1-2 Miles,Europe,0,35-40,9.09090909090909
S,M,0,No,Partial High School,Manual,0,2,0-1 Miles,Europe,0,29-34,9.09090909090909
S,M,0,No,Partial High School,Manual,0,2,0-1 Miles,Europe,0,35-40,9.09090909090909
S,F,0,No,Partial College,Clerical,0,1,2-5 Miles,Europe,1,29-34,18.1818181818182
M,M,0,No,Partial College,Clerical,0,1,0-1 Miles,Europe,1,29-34,18.1818181818182
M,M,0,No,Partial High School,Manual,0,2,0-1 Miles,Europe,0,35-40,9.09090909090909
S,F,0,No,Partial High School,Manual,1,2,1-2 Miles,Europe,0,35-40,9.09090909090909
S,M,0,No,Partial High School,Manual,1,2,1-2 Miles,Europe,0,35-40,9.09090909090909
S,F,0,No,Partial High School,Manual,0,2,1-2 Miles,Europe,0,29-34,9.09090909090909
S,F,0,No,Partial High School,Manual,0,2,1-2 Miles,Europe,0,29-34,9.09090909090909
S,F,0,No,Partial College,Clerical,1,1,2-5 Miles,Europe,1,29-34,18.1818181818182
S,M,0,No,Partial College,Clerical,0,1,2-5 Miles,Europe,1,35-40,18.1818181818182
M,F,0,No,Partial College,Clerical,0,1,0-1 Miles,Europe,1,35-40,18.1818181818182
S,F,0,No,Partial College,Clerical,0,1,1-2 Miles,Europe,0,35-40,18.1818181818182
S,M,4,Si,High School,Skilled Manual,1,2,2-5 Miles,North America,1,35-40,27.2727272727273
M,F,1,No,Partial College,Skilled Manual,1,1,0-1 Miles,North America,1,46-50,45.4545454545455
M,F,1,No,Partial College,Skilled Manual,1,1,2-5 Miles,North America,1,46-50,45.4545454545455
M,F,1,No,Partial College,Skilled Manual,1,1,0-1 Miles,North America,1,41-45,45.4545454545455
S,F,0,No,Bachelors,Professional,0,1,2-5 Miles,North America,0,46-50,27.2727272727273
S,M,0,No,Bachelors,Professional,0,1,0-1 Miles,North America,0,41-45,27.2727272727273
S,M,0,No,Partial College,Skilled Manual,0,1,0-1 Miles,North America,0,41-45,45.4545454545455
S,F,0,No,Graduate Degree,Professional,0,1,0-1 Miles,North America,1,35-40,45.4545454545455
M,M,0,No,Graduate Degree,Professional,0,1,0-1 Miles,North America,1,29-34,45.4545454545455
S,F,3,No,High School,Skilled Manual,1,2,2-5 Miles,North America,0,65+,9.09090909090909
M,F,1,No,Partial College,Skilled Manual,1,1,0-1 Miles,North America,1,46-50,45.4545454545455
M,F,1,No,Partial College,Skilled Manual,1,1,2-5 Miles,North America,1,46-50,45.4545454545455
M,M,4,No,High School,Professional,0,2,1-2 Miles,North America,0,56-65,27.2727272727273
M,M,4,No,Bachelors,Management,0,2,1-2 Miles,North America,0,51-55,63.6363636363636
S,F,4,No,Bachelors,Management,1,2,10+ Miles,North America,0,56-65,63.6363636363636
M,F,4,No,High School,Professional,0,2,2-5 Miles,North America,0,56-65,27.2727272727273
S,F,5,No,Bachelors,Management,1,2,2-5 Miles,North America,0,56-65,63.6363636363636
S,M,5,No,Bachelors,Management,1,3,10+ Miles,North America,1,56-65,63.6363636363636
M,M,5,No,Bachelors,Management,1,4,10+ Miles,North America,1,56-65,63.6363636363636
M,M,5,No,Bachelors,Management,0,4,2-5 Miles,North America,1,56-65,63.6363636363636
M,M,5,No,Bachelors,Management,1,4,10+ Miles,North America,0,56-65,63.6363636363636
M,F,4,No,Bachelors,Management,1,2,10+ Miles,North America,0,56-65,45.4545454545455
M,F,4,No,Bachelors,Management,1,2,2-5 Miles,North America,0,56-65,45.4545454545455
S,F,4,No,Bachelors,Management,1,2,10+ Miles,North America,0,56-65,45.4545454545455
M,M,4,No,Bachelors,Management,1,2,10+ Miles,North America,0,56-65,45.4545454545455
S,F,2,Si,Partial College,Professional,1,1,10+ Miles,North America,0,56-65,63.6363636363636
S,F,2,Si,Partial College,Professional,1,1,2-5 Miles,North America,1,56-65,63.6363636363636
M,M,2,Si,Partial College,Professional,1,1,10+ Miles,North America,0,46-50,63.6363636363636
M,M,2,Si,Partial College,Professional,1,1,10+ Miles,North America,0,56-65,63.6363636363636
M,M,2,Si,Partial College,Professional,1,1,10+ Miles,North America,0,56-65,63.6363636363636
M,F,5,No,Bachelors,Management,1,3,10+ Miles,North America,1,56-65,45.4545454545455
M,F,5,No,Bachelors,Management,1,3,2-5 Miles,North America,1,56-65,45.4545454545455
M,F,2,Si,High School,Professional,1,2,2-5 Miles,North America,0,56-65,27.2727272727273
M,M,2,Si,Partial College,Professional,1,1,10+ Miles,North America,0,46-50,45.4545454545455
M,M,2,Si,Partial College,Professional,1,1,10+ Miles,North America,0,56-65,45.4545454545455
S,F,2,Si,Partial College,Professional,0,1,2-5 Miles,North America,1,56-65,45.4545454545455
S,F,2,Si,Partial College,Professional,0,2,2-5 Miles,North America,1,56-65,45.4545454545455
S,F,2,Si,Partial College,Professional,1,2,2-5 Miles,North America,1,56-65,45.4545454545455
S,M,2,Si,Bachelors,Management,1,0,10+ Miles,North America,0,56-65,45.4545454545455
M,M,2,Si,Bachelors,Management,0,0,2-5 Miles,North America,1,56-65,45.4545454545455
M,F,2,Si,High School,Professional,1,2,10+ Miles,North America,1,56-65,27.2727272727273
M,M,2,Si,High School,Professional,1,2,2-5 Miles,North America,0,51-55,27.2727272727273
S,M,2,Si,High School,Professional,1,2,10+ Miles,North America,1,51-55,27.2727272727273
M,M,2,Si,Partial High School,Skilled Manual,1,2,10+ Miles,North America,1,56-65,27.2727272727273
S,F,2,Si,Partial College,Professional,1,2,10+ Miles,North America,0,56-65,45.4545454545455
S,M,2,Si,Bachelors,Management,1,0,10+ Miles,North America,0,56-65,45.4545454545455
M,M,2,Si,Bachelors,Management,1,0,10+ Miles,North America,0,56-65,45.4545454545455
M,F,2,Si,Bachelors,Management,0,0,2-5 Miles,North America,1,56-65,45.4545454545455
S,F,2,Si,Partial College,Professional,1,2,10+ Miles,North America,0,51-55,45.4545454545455
M,M,2,Si,High School,Professional,1,2,2-5 Miles,North America,1,56-65,45.4545454545455
M,M,2,Si,Partial College,Professional,1,1,2-5 Miles,North America,0,51-55,45.4545454545455
M,M,4,Si,Partial College,Professional,1,1,10+ Miles,North America,0,56-65,63.6363636363636
M,F,4,Si,Partial College,Professional,1,1,10+ Miles,North America,0,56-65,63.6363636363636
M,M,3,Si,Bachelors,Management,1,1,1-2 Miles,North America,0,56-65,72.7272727272727
S,F,2,Si,High School,Professional,0,2,2-5 Miles,North America,1,56-65,45.4545454545455
M,F,2,Si,Partial College,Professional,1,1,2-5 Miles,North America,0,56-65,45.4545454545455
M,F,2,Si,Partial College,Professional,1,1,10+ Miles,North America,0,51-55,45.4545454545455
M,M,2,Si,Partial College,Professional,1,1,10+ Miles,North America,0,56-65,45.4545454545455
M,F,2,Si,Partial College,Professional,1,2,10+ Miles,North America,0,56-65,45.4545454545455
M,M,2,Si,Partial College,Professional,1,2,2-5 Miles,North America,1,56-65,45.4545454545455
S,M,2,Si,Partial College,Professional,1,2,10+ Miles,North America,0,56-65,45.4545454545455
M,M,2,Si,Partial College,Professional,1,2,10+ Miles,North America,0,51-55,45.4545454545455
M,M,4,Si,Partial College,Professional,0,1,1-2 Miles,North America,0,51-55,63.6363636363636
M,F,4,Si,Partial College,Professional,1,1,2-5 Miles,North America,0,56-65,63.6363636363636
M,F,4,Si,Partial College,Professional,1,2,10+ Miles,North America,1,56-65,63.6363636363636
S,F,2,Si,Partial High School,Skilled Manual,1,2,10+ Miles,North America,0,51-55,63.6363636363636
M,M,2,Si,Partial High School,Skilled Manual,1,2,10+ Miles,North America,0,56-65,63.6363636363636
M,M,2,Si,Partial High School,Skilled Manual,1,3,2-5 Miles,North America,1,56-65,63.6363636363636
S,M,2,Si,High School,Professional,1,2,10+ Miles,North America,0,46-50,45.4545454545455
M,F,2,Si,High School,Professional,0,2,2-5 Miles,North America,1,56-65,45.4545454545455
M,M,2,Si,High School,Professional,1,2,10+ Miles,North America,0,51-55,45.4545454545455
M,F,2,Si,High School,Professional,1,2,2-5 Miles,North America,1,56-65,45.4545454545455
M,F,2,Si,High School,Professional,1,2,2-5 Miles,North America,1,35-40,45.4545454545455
S,M,4,Si,Partial College,Professional,1,1,10+ Miles,North America,1,56-65,63.6363636363636
M,F,4,Si,Partial College,Professional,1,1,2-5 Miles,North America,0,51-55,63.6363636363636
M,M,2,Si,Bachelors,Management,1,4,0-1 Miles,Europe,0,35-40,90.9090909090909
M,F,2,Si,Bachelors,Management,1,4,5-10 Miles,Europe,1,35-40,90.9090909090909
M,M,2,Si,Partial College,Professional,1,2,5-10 Miles,Europe,1,51-55,90.9090909090909
M,M,2,Si,Partial College,Professional,1,2,5-10 Miles,Europe,1,51-55,90.9090909090909
M,M,2,Si,High School,Professional,0,1,2-5 Miles,Europe,0,51-55,81.8181818181818
M,F,2,Si,Partial College,Professional,1,4,5-10 Miles,Europe,0,51-55,81.8181818181818
S,F,3,Si,Partial College,Professional,0,2,0-1 Miles,Europe,1,51-55,90.9090909090909
S,F,2,Si,Partial College,Professional,1,4,5-10 Miles,Europe,1,51-55,90.9090909090909
M,F,2,Si,Partial College,Professional,1,4,5-10 Miles,Europe,1,51-55,90.9090909090909
S,F,3,Si,High School,Professional,1,4,5-10 Miles,Europe,1,35-40,90.9090909090909
M,F,3,Si,High School,Professional,1,4,5-10 Miles,Europe,1,46-50,90.9090909090909
M,M,3,Si,Partial High School,Professional,1,4,5-10 Miles,Europe,1,46-50,90.9090909090909
M,M,3,Si,Partial College,Professional,0,3,5-10 Miles,Europe,1,46-50,90.9090909090909
M,M,2,Si,High School,Professional,1,2,10+ Miles,Europe,1,51-55,81.8181818181818
M,M,2,Si,High School,Professional,1,4,2-5 Miles,Europe,0,51-55,81.8181818181818
M,F,3,Si,Partial High School,Professional,1,4,5-10 Miles,Europe,1,41-45,90.9090909090909
M,M,3,Si,Partial College,Professional,0,3,5-10 Miles,Europe,1,51-55,90.9090909090909
M,F,3,Si,Partial College,Professional,1,3,0-1 Miles,Europe,1,46-50,90.9090909090909
S,F,3,Si,Partial College,Professional,1,2,10+ Miles,Europe,0,51-55,72.7272727272727
S,M,5,Si,High School,Professional,1,2,10+ Miles,Europe,1,56-65,63.6363636363636
M,F,5,No,Bachelors,Management,1,2,2-5 Miles,Europe,0,56-65,72.7272727272727
M,M,5,No,Bachelors,Management,0,2,2-5 Miles,Europe,0,51-55,72.7272727272727
S,M,5,No,Partial College,Professional,0,2,10+ Miles,Europe,0,56-65,81.8181818181818
M,F,3,Si,Bachelors,Management,1,3,0-1 Miles,Europe,1,56-65,90.9090909090909
M,F,3,Si,Partial High School,Skilled Manual,1,3,2-5 Miles,Europe,1,56-65,45.4545454545455
M,F,2,Si,Bachelors,Management,0,4,2-5 Miles,Europe,0,51-55,81.8181818181818
S,M,5,No,Partial College,Professional,1,2,10+ Miles,Europe,0,56-65,72.7272727272727
S,M,5,No,Partial College,Professional,0,2,10+ Miles,Europe,0,56-65,72.7272727272727
S,M,5,No,Partial College,Professional,0,2,2-5 Miles,Europe,0,56-65,81.8181818181818
M,F,2,Si,Bachelors,Management,1,4,10+ Miles,Europe,0,56-65,81.8181818181818
S,M,2,Si,Bachelors,Management,1,4,10+ Miles,Europe,0,56-65,81.8181818181818
M,F,4,Si,Partial College,Professional,1,1,10+ Miles,Europe,0,51-55,72.7272727272727
M,F,4,Si,Partial College,Professional,1,2,10+ Miles,Europe,0,46-50,72.7272727272727
S,F,3,Si,Partial College,Professional,1,1,10+ Miles,Europe,1,56-65,81.8181818181818
M,M,4,Si,Partial College,Professional,1,1,10+ Miles,Europe,1,56-65,81.8181818181818
M,F,3,Si,High School,Professional,1,3,10+ Miles,Europe,0,46-50,81.8181818181818
M,M,3,Si,High School,Professional,1,4,5-10 Miles,Europe,1,46-50,90.9090909090909
M,F,4,Si,Partial College,Professional,1,2,2-5 Miles,Europe,0,56-65,81.8181818181818
M,F,4,Si,Partial College,Professional,1,2,10+ Miles,Europe,0,56-65,81.8181818181818
M,M,3,Si,Bachelors,Management,1,3,2-5 Miles,Europe,1,56-65,81.8181818181818
M,F,3,Si,Bachelors,Management,1,2,10+ Miles,Europe,1,56-65,90.9090909090909
M,M,3,Si,Bachelors,Management,1,3,10+ Miles,Europe,0,56-65,90.9090909090909
M,M,2,Si,Graduate Degree,Management,1,2,10+ Miles,Europe,1,56-65,90.9090909090909
M,M,4,Si,High School,Professional,0,2,2-5 Miles,Europe,1,56-65,81.8181818181818
S,M,4,Si,Partial College,Professional,0,3,0-1 Miles,Europe,1,41-45,90.9090909090909
S,F,5,Si,High School,Professional,1,2,10+ Miles,Europe,0,51-55,72.7272727272727
M,M,4,Si,High School,Professional,1,3,10+ Miles,Europe,0,56-65,81.8181818181818
M,M,4,Si,Partial College,Professional,1,2,10+ Miles,Europe,1,56-65,90.9090909090909
M,M,4,Si,High School,Professional,1,3,0-1 Miles,Europe,0,56-65,90.9090909090909
S,M,4,Si,High School,Professional,0,3,0-1 Miles,Europe,1,56-65,90.9090909090909
M,F,4,Si,High School,Management,1,3,10+ Miles,Europe,0,51-55,81.8181818181818
M,F,4,Si,High School,Management,0,3,5-10 Miles,Europe,1,56-65,81.8181818181818
M,M,4,Si,Partial College,Management,1,2,10+ Miles,Europe,1,56-65,90.9090909090909
M,M,4,Si,High School,Management,1,3,0-1 Miles,Europe,1,51-55,90.9090909090909
M,F,2,Si,Partial College,Management,1,3,10+ Miles,Europe,0,56-65,90.9090909090909
S,F,5,Si,High School,Management,1,3,10+ Miles,Europe,0,56-65,72.7272727272727
M,M,4,Si,High School,Management,1,3,10+ Miles,Europe,0,56-65,90.9090909090909
M,M,4,Si,High School,Management,1,4,0-1 Miles,Europe,0,51-55,90.9090909090909
S,F,4,Si,Partial High School,Skilled Manual,1,4,10+ Miles,Europe,0,56-65,81.8181818181818
M,F,4,Si,Partial High School,Skilled Manual,1,4,5-10 Miles,Europe,1,56-65,81.8181818181818
M,M,5,No,Partial High School,Skilled Manual,0,2,5-10 Miles,Europe,0,56-65,81.8181818181818
M,F,4,Si,Partial High School,Professional,0,3,10+ Miles,Europe,1,56-65,90.9090909090909
M,F,5,Si,Partial High School,Professional,1,4,10+ Miles,Europe,0,56-65,90.9090909090909
S,M,5,Si,Bachelors,Professional,0,4,0-1 Miles,Europe,0,56-65,90.9090909090909
M,M,0,No,Bachelors,Professional,1,3,10+ Miles,Pacific,1,35-40,45.4545454545455
M,F,0,No,Bachelors,Professional,1,2,10+ Miles,Pacific,1,29-34,63.6363636363636
M,M,0,No,Bachelors,Professional,0,3,10+ Miles,Pacific,0,29-34,63.6363636363636
M,F,0,No,Bachelors,Professional,1,2,10+ Miles,Pacific,0,29-34,72.7272727272727
M,M,0,No,Bachelors,Professional,1,4,10+ Miles,Pacific,0,35-40,45.4545454545455
S,M,0,No,Bachelors,Professional,1,2,10+ Miles,Pacific,1,29-34,81.8181818181818
M,F,0,No,Bachelors,Professional,1,4,10+ Miles,Pacific,0,35-40,63.6363636363636
M,M,0,No,Bachelors,Professional,1,4,10+ Miles,Pacific,0,29-34,63.6363636363636
M,M,0,Si,High School,Management,0,2,10+ Miles,Pacific,1,35-40,81.8181818181818
M,F,0,Si,Partial College,Management,1,3,10+ Miles,Pacific,0,35-40,90.9090909090909
S,M,5,Si,Partial High School,Professional,1,4,10+ Miles,Pacific,1,35-40,90.9090909090909
S,F,4,Si,High School,Management,1,4,0-1 Miles,Pacific,0,35-40,90.9090909090909
M,M,0,No,Bachelors,Professional,0,3,10+ Miles,Pacific,1,35-40,81.8181818181818
M,F,0,Si,High School,Management,1,2,10+ Miles,Pacific,1,35-40,81.8181818181818
M,F,0,Si,High School,Management,0,2,10+ Miles,Pacific,1,35-40,81.8181818181818
S,M,0,Si,High School,Management,1,2,10+ Miles,Pacific,1,35-40,81.8181818181818
M,F,0,Si,Partial High School,Professional,1,4,10+ Miles,Pacific,1,35-40,90.9090909090909
M,F,0,No,Bachelors,Professional,1,3,10+ Miles,Pacific,1,29-34,81.8181818181818
M,M,0,Si,High School,Management,1,3,10+ Miles,Pacific,0,29-34,81.8181818181818
M,M,0,Si,High School,Management,1,3,10+ Miles,Pacific,1,35-40,81.8181818181818
M,F,0,No,Bachelors,Professional,1,3,10+ Miles,Pacific,1,35-40,81.8181818181818
S,F,0,Si,High School,Management,1,3,10+ Miles,Pacific,1,35-40,90.9090909090909
M,F,4,Si,High School,Management,1,4,0-1 Miles,Pacific,1,29-34,90.9090909090909
M,F,4,Si,High School,Management,1,4,10+ Miles,Pacific,0,35-40,90.9090909090909
M,M,0,No,Bachelors,Professional,1,4,10+ Miles,Pacific,1,35-40,81.8181818181818
S,F,0,Si,High School,Management,1,3,10+ Miles,Pacific,1,35-40,81.8181818181818
M,M,0,Si,High School,Management,0,4,10+ Miles,Pacific,1,35-40,81.8181818181818
S,F,0,No,Bachelors,Professional,1,4,10+ Miles,Pacific,0,35-40,81.8181818181818
M,F,0,No,Bachelors,Professional,1,4,10+ Miles,Pacific,0,29-34,81.8181818181818
M,M,0,Si,High School,Management,1,4,10+ Miles,Pacific,1,35-40,90.9090909090909
M,M,0,Si,High School,Management,0,4,10+ Miles,Pacific,1,29-34,90.9090909090909
M,F,0,Si,Partial High School,Professional,1,4,10+ Miles,Pacific,1,29-34,90.9090909090909
M,M,0,Si,Partial High School,Professional,1,4,10+ Miles,Pacific,1,35-40,90.9090909090909
M,M,5,Si,Partial High School,Management,0,4,10+ Miles,Pacific,0,35-40,90.9090909090909
M,F,0,Si,Bachelors,Management,1,4,0-1 Miles,Pacific,1,35-40,90.9090909090909
M,M,5,Si,Partial College,Professional,1,3,0-1 Miles,North America,0,35-40,81.8181818181818
S,F,0,No,Partial College,Professional,0,1,5-10 Miles,North America,1,41-45,81.8181818181818
S,F,0,No,Partial College,Professional,0,1,5-10 Miles,North America,1,41-45,81.8181818181818
M,M,1,No,Partial College,Skilled Manual,1,1,2-5 Miles,North America,1,41-45,45.4545454545455
M,F,1,No,Partial College,Skilled Manual,1,1,0-1 Miles,North America,1,35-40,45.4545454545455
M,M,1,No,Partial College,Skilled Manual,1,1,2-5 Miles,North America,1,46-50,45.4545454545455
M,F,1,No,Partial College,Skilled Manual,1,1,2-5 Miles,North America,1,46-50,45.4545454545455
M,F,5,Si,Bachelors,Professional,1,1,0-1 Miles,North America,0,41-45,45.4545454545455
M,F,2,No,Graduate Degree,Professional,1,0,0-1 Miles,North America,1,46-50,72.7272727272727
M,F,1,No,Partial College,Skilled Manual,1,1,0-1 Miles,North America,1,35-40,72.7272727272727
S,F,3,Si,Bachelors,Professional,1,0,2-5 Miles,North America,1,51-55,45.4545454545455
M,F,1,No,Bachelors,Professional,1,1,2-5 Miles,North America,1,51-55,45.4545454545455
M,M,5,Si,Graduate Degree,Professional,1,2,0-1 Miles,North America,0,35-40,63.6363636363636
M,M,5,No,Graduate Degree,Professional,1,0,0-1 Miles,North America,1,46-50,72.7272727272727
M,F,5,No,Graduate Degree,Professional,1,0,0-1 Miles,North America,1,35-40,72.7272727272727
M,M,1,No,Graduate Degree,Management,1,0,0-1 Miles,Pacific,1,35-40,81.8181818181818
M,F,1,No,Graduate Degree,Management,1,0,0-1 Miles,Pacific,1,35-40,81.8181818181818
M,M,1,No,Graduate Degree,Management,1,0,0-1 Miles,Pacific,1,35-40,81.8181818181818
M,M,1,No,Graduate Degree,Management,1,0,0-1 Miles,Pacific,1,41-45,81.8181818181818
M,F,1,No,Graduate Degree,Management,1,0,0-1 Miles,Pacific,1,35-40,81.8181818181818
M,M,1,No,Graduate Degree,Management,1,0,0-1 Miles,Pacific,1,29-34,81.8181818181818
M,F,1,No,Graduate Degree,Management,1,0,0-1 Miles,Pacific,1,35-40,81.8181818181818
S,F,2,Si,Bachelors,Professional,1,1,2-5 Miles,Pacific,1,41-45,45.4545454545455
M,M,2,No,Bachelors,Professional,1,0,2-5 Miles,Pacific,1,35-40,81.8181818181818
M,F,5,Si,Bachelors,Professional,1,3,10+ Miles,Pacific,0,41-45,63.6363636363636
M,M,1,No,Graduate Degree,Management,1,0,0-1 Miles,Pacific,1,35-40,90.9090909090909
M,F,1,No,Graduate Degree,Management,1,1,5-10 Miles,Pacific,1,35-40,90.9090909090909
S,M,5,Si,Bachelors,Professional,1,3,10+ Miles,Pacific,1,41-45,63.6363636363636
S,M,5,Si,Bachelors,Professional,1,4,10+ Miles,Pacific,1,35-40,63.6363636363636
M,M,5,Si,Graduate Degree,Management,1,3,0-1 Miles,Pacific,1,35-40,72.7272727272727
M,F,5,Si,Graduate Degree,Management,1,3,0-1 Miles,Pacific,0,41-45,72.7272727272727
S,M,0,No,Graduate Degree,Management,1,0,1-2 Miles,Pacific,1,41-45,81.8181818181818
S,F,2,Si,Bachelors,Professional,1,1,2-5 Miles,Pacific,1,35-40,45.4545454545455
M,M,3,Si,Bachelors,Professional,1,1,0-1 Miles,Pacific,0,41-45,45.4545454545455
M,F,5,Si,Bachelors,Professional,1,4,10+ Miles,Pacific,0,41-45,63.6363636363636
S,F,0,No,Bachelors,Professional,0,1,5-10 Miles,Pacific,0,35-40,63.6363636363636
S,F,0,No,Bachelors,Professional,0,1,5-10 Miles,Pacific,0,29-34,63.6363636363636
S,F,0,No,Bachelors,Professional,0,1,0-1 Miles,Pacific,1,35-40,63.6363636363636
S,F,0,No,Bachelors,Professional,0,1,5-10 Miles,Pacific,0,29-34,63.6363636363636
S,F,3,Si,Bachelors,Professional,1,2,5-10 Miles,Pacific,0,46-50,45.4545454545455
M,F,3,Si,Bachelors,Professional,1,2,5-10 Miles,Pacific,0,35-40,45.4545454545455
S,M,4,Si,Bachelors,Professional,1,3,10+ Miles,Pacific,0,41-45,45.4545454545455
M,F,4,Si,Bachelors,Professional,1,3,10+ Miles,Pacific,0,35-40,45.4545454545455
S,F,4,Si,Bachelors,Professional,1,3,5-10 Miles,Pacific,0,46-50,45.4545454545455
M,M,3,Si,Bachelors,Professional,1,2,5-10 Miles,Pacific,0,46-50,45.4545454545455
M,M,3,Si,Bachelors,Professional,1,2,5-10 Miles,Pacific,1,46-50,45.4545454545455
S,F,3,Si,Bachelors,Professional,1,2,5-10 Miles,Pacific,1,41-45,45.4545454545455
S,F,0,No,Bachelors,Professional,0,1,5-10 Miles,Pacific,0,46-50,63.6363636363636
M,M,0,No,Bachelors,Professional,0,1,0-1 Miles,Pacific,0,35-40,63.6363636363636
M,F,3,Si,Bachelors,Professional,1,0,1-2 Miles,Pacific,1,41-45,81.8181818181818
M,F,4,Si,Bachelors,Professional,1,0,1-2 Miles,Pacific,1,41-45,81.8181818181818
M,F,4,Si,Bachelors,Professional,1,0,0-1 Miles,Pacific,0,35-40,81.8181818181818
S,F,1,No,Partial College,Skilled Manual,0,1,0-1 Miles,Pacific,1,46-50,63.6363636363636
S,F,1,No,Bachelors,Professional,1,1,5-10 Miles,Pacific,1,41-45,45.4545454545455
M,M,1,No,Bachelors,Professional,1,1,0-1 Miles,Pacific,1,46-50,45.4545454545455
M,M,1,No,Partial College,Skilled Manual,1,1,5-10 Miles,Pacific,0,46-50,45.4545454545455
S,F,1,No,Partial College,Skilled Manual,1,1,5-10 Miles,Pacific,0,46-50,45.4545454545455
M,M,1,No,Partial College,Skilled Manual,1,1,5-10 Miles,Pacific,0,46-50,45.4545454545455
S,F,1,No,Partial College,Skilled Manual,0,1,0-1 Miles,Pacific,1,35-40,45.4545454545455
S,F,0,No,Bachelors,Professional,0,1,5-10 Miles,Pacific,0,41-45,81.8181818181818
S,F,0,No,Bachelors,Professional,0,1,5-10 Miles,Pacific,0,41-45,81.8181818181818
S,M,0,No,Bachelors,Professional,0,1,2-5 Miles,Pacific,1,41-45,81.8181818181818
M,M,1,No,Partial College,Skilled Manual,1,1,5-10 Miles,Pacific,0,46-50,45.4545454545455
M,F,1,No,Partial College,Skilled Manual,1,1,5-10 Miles,Pacific,0,35-40,45.4545454545455
M,F,2,No,Bachelors,Professional,1,1,5-10 Miles,Pacific,0,65+,27.2727272727273
S,F,0,No,Bachelors,Professional,0,1,0-1 Miles,Pacific,1,41-45,63.6363636363636
M,F,5,Si,Bachelors,Professional,1,4,0-1 Miles,Pacific,0,41-45,72.7272727272727
S,F,0,No,Bachelors,Professional,0,1,5-10 Miles,Pacific,0,35-40,63.6363636363636
S,F,0,No,Bachelors,Professional,0,1,5-10 Miles,Pacific,0,46-50,63.6363636363636
S,M,0,No,Bachelors,Professional,0,1,5-10 Miles,Pacific,0,35-40,63.6363636363636
M,M,1,No,Bachelors,Professional,1,1,5-10 Miles,Pacific,0,46-50,81.8181818181818
M,F,1,No,Bachelors,Professional,1,1,5-10 Miles,Pacific,0,46-50,81.8181818181818
M,F,2,No,Bachelors,Professional,1,1,5-10 Miles,Pacific,0,46-50,81.8181818181818
S,F,0,No,Bachelors,Professional,0,1,0-1 Miles,Pacific,1,46-50,63.6363636363636
S,F,0,No,Bachelors,Professional,0,2,5-10 Miles,Pacific,1,41-45,63.6363636363636
S,M,5,Si,Bachelors,Professional,1,2,5-10 Miles,Pacific,0,41-45,63.6363636363636
M,M,5,Si,Partial College,Skilled Manual,1,2,5-10 Miles,Pacific,0,46-50,63.6363636363636
M,F,1,No,Partial College,Skilled Manual,1,1,5-10 Miles,Pacific,0,46-50,45.4545454545455
S,F,2,No,Bachelors,Management,0,1,2-5 Miles,Pacific,1,51-55,81.8181818181818
S,M,2,No,Bachelors,Management,0,1,5-10 Miles,Pacific,1,46-50,81.8181818181818
S,M,2,No,Bachelors,Management,0,1,5-10 Miles,Pacific,1,51-55,81.8181818181818
S,F,1,No,Partial College,Skilled Manual,1,1,5-10 Miles,Pacific,0,51-55,63.6363636363636
M,M,2,No,Bachelors,Management,1,1,0-1 Miles,Pacific,0,65+,27.2727272727273
M,F,5,Si,Partial College,Skilled Manual,0,3,5-10 Miles,Pacific,0,35-40,63.6363636363636
S,F,1,No,Partial College,Skilled Manual,1,1,5-10 Miles,Pacific,1,51-55,63.6363636363636
S,F,1,No,Partial College,Skilled Manual,1,1,5-10 Miles,Pacific,1,46-50,63.6363636363636
S,F,1,No,Partial College,Skilled Manual,1,1,5-10 Miles,Pacific,1,51-55,63.6363636363636
M,M,2,Si,High School,Skilled Manual,1,2,5-10 Miles,Pacific,0,56-65,9.09090909090909
M,F,0,No,High School,Skilled Manual,1,1,5-10 Miles,North America,0,29-34,27.2727272727273
S,M,0,No,High School,Skilled Manual,0,2,0-1 Miles,North America,0,35-40,27.2727272727273
S,F,0,No,High School,Skilled Manual,0,2,0-1 Miles,North America,0,29-34,18.1818181818182
S,M,0,No,High School,Skilled Manual,0,2,0-1 Miles,North America,0,29-34,18.1818181818182
M,F,0,No,High School,Skilled Manual,1,2,5-10 Miles,North America,0,29-34,18.1818181818182
S,M,0,No,High School,Skilled Manual,0,2,0-1 Miles,North America,0,29-34,18.1818181818182
M,F,0,No,High School,Skilled Manual,1,2,5-10 Miles,North America,0,29-34,18.1818181818182
M,M,0,No,High School,Skilled Manual,1,2,5-10 Miles,North America,1,29-34,27.2727272727273
S,F,2,No,Partial College,Clerical,1,2,5-10 Miles,Pacific,0,65+,18.1818181818182
M,M,0,No,Partial High School,Clerical,0,2,0-1 Miles,North America,0,29-34,18.1818181818182
S,M,0,No,Partial High School,Clerical,0,2,5-10 Miles,North America,0,29-34,18.1818181818182
S,M,0,No,Partial High School,Clerical,0,2,0-1 Miles,North America,0,29-34,18.1818181818182
S,M,0,No,High School,Skilled Manual,1,2,5-10 Miles,North America,0,29-34,27.2727272727273
S,M,0,No,High School,Skilled Manual,0,2,0-1 Miles,North America,1,29-34,27.2727272727273
M,F,2,No,Bachelors,Management,1,2,0-1 Miles,Pacific,0,65+,27.2727272727273
M,M,2,No,Bachelors,Management,0,2,0-1 Miles,Pacific,0,65+,27.2727272727273
S,M,0,No,Partial High School,Clerical,1,2,5-10 Miles,North America,0,29-34,18.1818181818182
M,M,0,No,High School,Skilled Manual,1,2,5-10 Miles,North America,0,29-34,27.2727272727273
S,M,0,No,Partial High School,Clerical,0,2,5-10 Miles,North America,0,29-34,18.1818181818182
S,F,2,No,Graduate Degree,Management,1,1,5-10 Miles,Pacific,0,56-65,45.4545454545455
M,M,2,No,Partial College,Clerical,0,2,0-1 Miles,Pacific,1,56-65,18.1818181818182
M,M,2,No,Partial College,Clerical,0,2,0-1 Miles,Pacific,1,65+,18.1818181818182
S,F,2,No,Partial College,Clerical,1,2,5-10 Miles,Pacific,0,56-65,18.1818181818182
M,M,2,No,Partial College,Clerical,0,2,0-1 Miles,Pacific,1,65+,18.1818181818182
M,M,2,No,Bachelors,Management,1,2,5-10 Miles,Pacific,1,56-65,27.2727272727273
M,F,2,No,Bachelors,Management,1,2,5-10 Miles,Pacific,1,65+,27.2727272727273
S,F,2,No,Graduate Degree,Management,1,1,5-10 Miles,Pacific,1,56-65,45.4545454545455
S,F,2,No,Graduate Degree,Management,1,1,5-10 Miles,Pacific,1,56-65,45.4545454545455
S,F,0,No,Partial College,Skilled Manual,1,1,5-10 Miles,North America,0,29-34,27.2727272727273
S,F,0,No,Partial College,Skilled Manual,1,1,5-10 Miles,North America,0,29-34,27.2727272727273
S,M,0,No,Partial College,Skilled Manual,0,1,1-2 Miles,North America,0,29-34,27.2727272727273
S,F,0,No,Partial College,Skilled Manual,1,1,5-10 Miles,North America,0,29-34,27.2727272727273
S,M,0,No,Partial College,Skilled Manual,0,1,1-2 Miles,North America,0,29-34,27.2727272727273
S,M,0,No,Partial College,Skilled Manual,1,1,5-10 Miles,North America,1,29-34,45.4545454545455
M,F,0,No,High School,Skilled Manual,1,2,5-10 Miles,North America,0,29-34,27.2727272727273
S,F,0,No,Partial College,Skilled Manual,0,1,1-2 Miles,North America,0,29-34,18.1818181818182
S,F,0,No,Partial College,Skilled Manual,0,1,1-2 Miles,North America,0,35-40,18.1818181818182
S,F,0,No,Partial College,Skilled Manual,0,1,1-2 Miles,North America,0,35-40,18.1818181818182
S,M,0,No,Partial College,Skilled Manual,1,1,5-10 Miles,North America,0,35-40,18.1818181818182
M,F,0,No,Partial College,Skilled Manual,1,1,5-10 Miles,North America,1,35-40,45.4545454545455
M,M,0,No,Partial College,Skilled Manual,1,2,5-10 Miles,North America,1,35-40,63.6363636363636
M,M,0,No,Bachelors,Management,1,1,1-2 Miles,North America,1,35-40,72.7272727272727
M,M,0,No,Bachelors,Management,1,1,1-2 Miles,North America,1,35-40,72.7272727272727
M,M,0,No,Graduate Degree,Management,1,0,0-1 Miles,North America,0,41-45,90.9090909090909
M,M,4,Si,Bachelors,Management,1,1,0-1 Miles,North America,0,41-45,81.8181818181818
M,M,4,Si,Partial College,Skilled Manual,1,2,1-2 Miles,North America,0,41-45,81.8181818181818
M,F,2,No,Bachelors,Management,1,3,0-1 Miles,North America,1,41-45,81.8181818181818
M,M,0,No,Partial College,Skilled Manual,0,1,1-2 Miles,North America,0,29-34,18.1818181818182
S,F,0,No,Partial College,Skilled Manual,0,1,1-2 Miles,North America,0,29-34,45.4545454545455
M,M,0,No,Partial College,Skilled Manual,1,1,5-10 Miles,North America,1,29-34,45.4545454545455
S,M,0,No,Partial College,Skilled Manual,0,2,1-2 Miles,North America,1,29-34,45.4545454545455
M,F,0,No,High School,Skilled Manual,0,2,1-2 Miles,North America,1,29-34,27.2727272727273
M,M,0,No,High School,Skilled Manual,1,2,5-10 Miles,North America,1,29-34,27.2727272727273
M,M,0,No,Partial College,Skilled Manual,0,1,1-2 Miles,North America,0,29-34,27.2727272727273
M,M,0,No,Partial College,Skilled Manual,1,1,5-10 Miles,North America,0,29-34,27.2727272727273
M,F,0,No,Partial College,Skilled Manual,0,2,1-2 Miles,North America,1,29-34,45.4545454545455
M,M,2,Si,Partial High School,Clerical,1,2,1-2 Miles,Pacific,0,56-65,9.09090909090909
M,M,1,Si,Graduate Degree,Skilled Manual,1,0,0-1 Miles,North America,1,35-40,45.4545454545455
M,F,1,Si,Graduate Degree,Skilled Manual,1,0,1-2 Miles,North America,1,35-40,45.4545454545455
M,M,1,Si,Graduate Degree,Skilled Manual,1,0,0-1 Miles,North America,1,35-40,45.4545454545455
M,F,1,Si,Graduate Degree,Skilled Manual,1,0,1-2 Miles,North America,1,35-40,45.4545454545455
M,M,1,Si,Graduate Degree,Skilled Manual,1,0,0-1 Miles,North America,1,35-40,45.4545454545455
M,F,1,Si,Bachelors,Skilled Manual,1,0,0-1 Miles,North America,1,29-34,45.4545454545455
M,M,5,Si,Partial College,Professional,1,0,0-1 Miles,North America,0,29-34,81.8181818181818
M,F,2,No,Bachelors,Management,1,4,1-2 Miles,North America,1,41-45,90.9090909090909
M,F,3,Si,Partial College,Professional,1,0,5-10 Miles,North America,1,46-50,63.6363636363636
S,F,3,Si,Partial College,Professional,1,1,5-10 Miles,North America,1,46-50,63.6363636363636
M,M,3,No,Partial College,Professional,0,2,2-5 Miles,North America,1,46-50,72.7272727272727
M,F,3,No,Partial College,Professional,0,2,0-1 Miles,North America,1,41-45,72.7272727272727
M,F,2,Si,Partial College,Professional,1,1,0-1 Miles,North America,0,51-55,72.7272727272727
S,F,2,Si,Partial College,Professional,1,1,5-10 Miles,North America,1,51-55,81.8181818181818
M,F,4,Si,Partial College,Professional,1,2,0-1 Miles,North America,0,46-50,72.7272727272727
S,F,0,No,Partial College,Professional,1,1,5-10 Miles,North America,0,41-45,81.8181818181818
S,F,0,No,Partial College,Professional,0,1,10+ Miles,North America,0,41-45,81.8181818181818
M,M,4,Si,Bachelors,Management,1,4,1-2 Miles,North America,0,35-40,90.9090909090909
M,M,4,Si,Partial College,Professional,1,3,5-10 Miles,North America,1,46-50,90.9090909090909
M,M,3,Si,Bachelors,Management,1,4,0-1 Miles,North America,0,41-45,90.9090909090909
M,F,3,Si,Bachelors,Management,1,2,1-2 Miles,North America,1,46-50,90.9090909090909
S,M,5,Si,Partial College,Professional,0,2,0-1 Miles,North America,1,46-50,72.7272727272727
M,M,5,Si,Partial College,Professional,1,2,0-1 Miles,North America,0,41-45,72.7272727272727
S,F,5,Si,Partial College,Professional,1,2,5-10 Miles,North America,0,46-50,72.7272727272727
S,F,5,Si,Partial College,Professional,0,2,0-1 Miles,North America,1,41-45,72.7272727272727
M,F,1,Si,Partial College,Professional,1,3,5-10 Miles,North America,1,46-50,81.8181818181818
M,M,1,Si,Partial College,Professional,1,3,5-10 Miles,North America,1,46-50,81.8181818181818
M,M,1,Si,Partial College,Professional,1,4,5-10 Miles,North America,1,46-50,81.8181818181818
M,M,1,Si,Partial College,Professional,1,4,1-2 Miles,North America,0,41-45,81.8181818181818
M,M,3,Si,Partial College,Professional,1,4,1-2 Miles,North America,0,46-50,81.8181818181818
S,M,1,Si,Bachelors,Management,1,3,5-10 Miles,North America,1,46-50,90.9090909090909
S,F,1,Si,Partial College,Professional,1,4,5-10 Miles,North America,1,46-50,90.9090909090909
S,M,1,Si,High School,Professional,1,4,5-10 Miles,North America,1,41-45,90.9090909090909
S,M,5,Si,Partial College,Professional,1,3,5-10 Miles,North America,1,46-50,63.6363636363636
M,F,5,Si,Partial College,Professional,1,3,5-10 Miles,North America,0,46-50,72.7272727272727
S,F,5,Si,Partial College,Professional,1,3,5-10 Miles,North America,1,46-50,72.7272727272727
M,F,5,Si,Partial College,Professional,1,3,1-2 Miles,North America,0,46-50,72.7272727272727
M,F,1,Si,Bachelors,Management,1,3,2-5 Miles,North America,0,46-50,90.9090909090909
S,M,1,Si,Bachelors,Management,0,2,0-1 Miles,North America,1,41-45,90.9090909090909
M,F,2,No,High School,Professional,0,2,5-10 Miles,North America,0,51-55,45.4545454545455
S,M,2,No,High School,Professional,1,2,5-10 Miles,North America,0,51-55,45.4545454545455
M,F,2,No,High School,Professional,0,2,5-10 Miles,North America,1,51-55,45.4545454545455
M,M,2,No,High School,Professional,0,2,1-2 Miles,North America,0,51-55,45.4545454545455
M,M,2,No,High School,Professional,0,2,5-10 Miles,North America,0,51-55,45.4545454545455
S,F,4,Si,High School,Professional,1,0,5-10 Miles,North America,1,51-55,63.6363636363636
M,M,3,Si,Partial College,Professional,1,1,1-2 Miles,North America,1,51-55,72.7272727272727
M,F,3,No,Partial College,Professional,0,2,1-2 Miles,North America,1,65+,27.2727272727273
M,F,4,No,Graduate Degree,Management,1,2,1-2 Miles,North America,1,65+,63.6363636363636
M,F,3,Si,Partial College,Professional,1,4,5-10 Miles,North America,1,46-50,81.8181818181818
M,M,5,Si,Partial College,Professional,1,4,5-10 Miles,North America,0,35-40,90.9090909090909
S,F,3,Si,Partial College,Professional,1,4,5-10 Miles,North America,1,41-45,90.9090909090909
M,F,1,Si,High School,Professional,1,4,2-5 Miles,North America,0,46-50,90.9090909090909
M,F,1,Si,Partial College,Professional,0,3,2-5 Miles,North America,1,35-40,90.9090909090909
M,F,1,No,Graduate Degree,Management,1,4,0-1 Miles,North America,0,46-50,90.9090909090909
S,F,1,Si,Bachelors,Management,0,3,0-1 Miles,North America,1,46-50,90.9090909090909
S,M,2,No,Partial High School,Skilled Manual,0,2,1-2 Miles,North America,0,51-55,72.7272727272727
S,M,2,No,High School,Professional,1,2,5-10 Miles,North America,0,51-55,45.4545454545455
M,M,2,No,High School,Professional,0,2,5-10 Miles,North America,0,51-55,45.4545454545455
M,M,3,No,Graduate Degree,Management,1,2,1-2 Miles,North America,1,56-65,63.6363636363636
M,M,3,No,Graduate Degree,Management,1,2,5-10 Miles,North America,1,51-55,63.6363636363636
S,F,3,No,Graduate Degree,Management,1,2,1-2 Miles,North America,1,56-65,63.6363636363636
S,F,3,No,Graduate Degree,Management,1,2,5-10 Miles,North America,1,56-65,63.6363636363636
M,F,3,No,Partial College,Professional,0,2,5-10 Miles,North America,1,56-65,27.2727272727273
M,M,3,No,Partial College,Professional,0,2,5-10 Miles,North America,1,56-65,27.2727272727273
M,F,5,No,Graduate Degree,Management,1,2,10+ Miles,North America,1,65+,63.6363636363636
M,M,5,No,Graduate Degree,Management,0,2,1-2 Miles,North America,1,65+,63.6363636363636
M,M,4,No,Graduate Degree,Management,1,2,5-10 Miles,North America,0,65+,72.7272727272727
S,F,5,No,Graduate Degree,Management,1,2,10+ Miles,North America,1,65+,63.6363636363636
M,M,4,No,Graduate Degree,Management,0,2,1-2 Miles,North America,1,65+,72.7272727272727
M,F,5,No,Graduate Degree,Management,1,2,10+ Miles,North America,1,56-65,63.6363636363636
M,F,3,No,Graduate Degree,Management,1,2,10+ Miles,North America,1,65+,45.4545454545455
M,F,3,No,Graduate Degree,Management,1,2,10+ Miles,North America,1,65+,45.4545454545455
M,M,3,No,Graduate Degree,Management,1,2,1-2 Miles,North America,1,65+,45.4545454545455
M,F,5,No,Graduate Degree,Management,1,2,10+ Miles,North America,1,56-65,63.6363636363636
S,M,5,No,Graduate Degree,Management,1,2,10+ Miles,North America,1,65+,63.6363636363636
M,M,2,Si,Partial High School,Clerical,1,2,5-10 Miles,Pacific,0,46-50,9.09090909090909
S,F,4,No,High School,Skilled Manual,1,2,5-10 Miles,Pacific,0,56-65,9.09090909090909
M,M,4,No,High School,Skilled Manual,1,2,5-10 Miles,Pacific,0,56-65,9.09090909090909
M,M,4,No,High School,Skilled Manual,0,2,1-2 Miles,Pacific,0,56-65,9.09090909090909
M,F,2,Si,Partial High School,Clerical,1,2,5-10 Miles,Pacific,0,56-65,9.09090909090909
M,F,0,No,Partial College,Skilled Manual,1,2,5-10 Miles,North America,1,29-34,45.4545454545455
M,M,0,No,Partial High School,Clerical,0,2,1-2 Miles,North America,0,29-34,27.2727272727273
M,M,2,Si,Partial High School,Clerical,1,2,5-10 Miles,Pacific,0,56-65,9.09090909090909
M,M,2,Si,Partial High School,Clerical,1,2,5-10 Miles,Pacific,0,56-65,9.09090909090909
M,M,3,No,Partial College,Clerical,0,2,1-2 Miles,Pacific,1,56-65,18.1818181818182
S,F,0,No,Partial College,Skilled Manual,1,1,5-10 Miles,North America,0,29-34,27.2727272727273
S,M,0,No,Partial College,Skilled Manual,1,2,5-10 Miles,North America,0,29-34,45.4545454545455
M,M,0,No,Partial College,Skilled Manual,0,2,1-2 Miles,North America,0,29-34,45.4545454545455
S,M,0,No,Partial College,Skilled Manual,0,2,1-2 Miles,North America,0,29-34,45.4545454545455
M,F,3,No,Partial College,Clerical,0,2,1-2 Miles,Pacific,1,51-55,18.1818181818182
S,M,3,No,Partial College,Clerical,1,2,5-10 Miles,Pacific,1,51-55,18.1818181818182
S,F,0,No,Partial College,Skilled Manual,0,2,1-2 Miles,North America,1,29-34,18.1818181818182
S,F,0,No,Partial College,Skilled Manual,0,2,0-1 Miles,North America,1,29-34,63.6363636363636
M,F,3,No,High School,Skilled Manual,0,2,1-2 Miles,Pacific,1,56-65,18.1818181818182
M,M,3,No,High School,Skilled Manual,1,2,5-10 Miles,Pacific,1,56-65,18.1818181818182
M,F,3,No,High School,Skilled Manual,1,2,5-10 Miles,Pacific,1,56-65,18.1818181818182
M,F,3,No,High School,Skilled Manual,1,2,5-10 Miles,Pacific,1,56-65,18.1818181818182
S,F,3,No,High School,Skilled Manual,1,2,5-10 Miles,Pacific,1,51-55,18.1818181818182
M,F,2,No,Partial College,Skilled Manual,1,2,5-10 Miles,Pacific,0,51-55,27.2727272727273
S,M,3,No,Partial College,Skilled Manual,1,2,5-10 Miles,Pacific,1,41-45,27.2727272727273
S,M,3,No,Partial College,Skilled Manual,1,2,5-10 Miles,Pacific,1,56-65,27.2727272727273
S,F,2,No,Partial College,Skilled Manual,0,2,1-2 Miles,Pacific,1,56-65,72.7272727272727
S,F,2,No,Partial College,Skilled Manual,0,2,1-2 Miles,Pacific,1,51-55,72.7272727272727
S,F,0,No,Partial College,Skilled Manual,0,2,1-2 Miles,North America,1,29-34,18.1818181818182
S,F,0,No,High School,Skilled Manual,1,2,5-10 Miles,North America,0,29-34,18.1818181818182
M,M,0,No,Partial College,Skilled Manual,1,2,5-10 Miles,North America,0,29-34,45.4545454545455
M,M,0,No,Partial College,Skilled Manual,1,2,5-10 Miles,North America,0,29-34,45.4545454545455
S,F,0,No,High School,Skilled Manual,0,2,1-2 Miles,North America,1,35-40,18.1818181818182
S,F,0,No,High School,Skilled Manual,0,2,1-2 Miles,North America,1,29-34,18.1818181818182
S,F,0,No,Partial College,Skilled Manual,0,2,1-2 Miles,North America,0,35-40,45.4545454545455
M,M,0,No,Partial College,Professional,1,2,5-10 Miles,North America,1,29-34,63.6363636363636
M,F,0,No,Partial College,Professional,1,2,5-10 Miles,North America,1,35-40,63.6363636363636
S,F,0,No,Partial College,Professional,1,2,5-10 Miles,North America,1,35-40,63.6363636363636
M,F,0,No,Partial College,Professional,1,2,5-10 Miles,North America,1,35-40,63.6363636363636
S,F,2,No,High School,Skilled Manual,0,2,1-2 Miles,Pacific,1,51-55,72.7272727272727
S,M,2,No,High School,Skilled Manual,0,2,1-2 Miles,Pacific,1,41-45,72.7272727272727
S,M,2,No,High School,Skilled Manual,0,2,1-2 Miles,Pacific,1,41-45,72.7272727272727
S,M,2,No,High School,Skilled Manual,1,2,5-10 Miles,Pacific,1,51-55,72.7272727272727
S,F,2,No,High School,Skilled Manual,1,2,5-10 Miles,Pacific,1,51-55,63.6363636363636
S,F,2,No,High School,Skilled Manual,0,2,1-2 Miles,Pacific,1,51-55,63.6363636363636
M,M,2,No,High School,Skilled Manual,1,2,5-10 Miles,Pacific,1,51-55,63.6363636363636
M,M,2,No,High School,Skilled Manual,1,2,5-10 Miles,Pacific,1,41-45,63.6363636363636
S,M,2,No,High School,Professional,0,2,5-10 Miles,Pacific,1,46-50,63.6363636363636
S,F,2,No,High School,Professional,1,2,5-10 Miles,Pacific,1,51-55,63.6363636363636
S,F,1,Si,Bachelors,Management,1,2,2-5 Miles,Pacific,0,51-55,81.8181818181818
M,F,1,Si,Bachelors,Management,1,3,2-5 Miles,Pacific,1,46-50,81.8181818181818
M,M,5,Si,Bachelors,Management,1,4,2-5 Miles,Pacific,1,51-55,90.9090909090909
S,M,5,Si,Bachelors,Management,1,4,2-5 Miles,Pacific,1,46-50,90.9090909090909
S,M,0,No,Graduate Degree,Management,1,3,0-1 Miles,Pacific,1,46-50,90.9090909090909
S,M,0,No,Bachelors,Management,0,1,0-1 Miles,North America,1,35-40,72.7272727272727
S,M,0,No,Bachelors,Management,1,1,2-5 Miles,North America,0,35-40,72.7272727272727
S,M,0,No,Partial College,Professional,1,2,5-10 Miles,North America,0,35-40,45.4545454545455
M,M,0,No,Partial College,Professional,1,2,5-10 Miles,North America,0,35-40,45.4545454545455
S,F,0,No,Partial College,Professional,0,2,1-2 Miles,North America,1,35-40,45.4545454545455
M,F,0,No,High School,Professional,1,2,5-10 Miles,North America,1,35-40,45.4545454545455
S,M,0,No,Bachelors,Management,0,1,5-10 Miles,North America,0,41-45,90.9090909090909
M,M,2,No,Partial High School,Skilled Manual,0,2,1-2 Miles,North America,0,51-55,63.6363636363636
M,F,2,No,High School,Professional,0,2,1-2 Miles,North America,0,51-55,45.4545454545455
M,M,2,No,High School,Professional,0,2,5-10 Miles,North America,0,51-55,45.4545454545455
M,M,2,No,High School,Professional,0,2,5-10 Miles,North America,0,51-55,45.4545454545455
S,F,3,Si,Partial College,Professional,1,0,5-10 Miles,North America,1,51-55,63.6363636363636
M,M,2,No,High School,Professional,0,2,1-2 Miles,North America,0,41-45,45.4545454545455
S,M,2,No,High School,Professional,1,2,5-10 Miles,North America,0,51-55,45.4545454545455
S,F,3,No,Partial College,Professional,1,2,5-10 Miles,North America,1,51-55,63.6363636363636
M,M,3,No,Partial College,Professional,0,2,0-1 Miles,North America,1,51-55,63.6363636363636
M,M,3,No,Partial College,Professional,0,2,5-10 Miles,North America,1,51-55,63.6363636363636
S,F,3,No,Partial College,Professional,1,2,5-10 Miles,North America,1,51-55,63.6363636363636
M,F,3,No,Partial College,Professional,0,2,0-1 Miles,North America,1,51-55,63.6363636363636
S,M,3,No,Graduate Degree,Management,1,2,5-10 Miles,North America,1,65+,63.6363636363636
M,M,3,Si,Bachelors,Management,1,4,0-1 Miles,North America,0,29-34,81.8181818181818
S,F,4,Si,Bachelors,Management,1,4,2-5 Miles,North America,1,41-45,81.8181818181818
M,M,4,Si,Partial College,Professional,1,4,2-5 Miles,North America,1,35-40,81.8181818181818
M,M,2,Si,Bachelors,Management,1,3,1-2 Miles,North America,0,41-45,90.9090909090909
M,F,2,Si,Bachelors,Management,1,4,1-2 Miles,North America,0,35-40,90.9090909090909
M,M,1,Si,Graduate Degree,Management,1,4,0-1 Miles,North America,0,35-40,90.9090909090909
M,M,4,Si,Bachelors,Management,1,0,2-5 Miles,North America,0,41-45,72.7272727272727
M,M,4,Si,Bachelors,Management,1,0,0-1 Miles,North America,0,35-40,72.7272727272727
M,M,3,Si,Graduate Degree,Professional,1,0,0-1 Miles,North America,1,46-50,45.4545454545455
S,M,1,No,Bachelors,Professional,0,1,2-5 Miles,North America,1,41-45,63.6363636363636
M,M,1,No,Partial College,Skilled Manual,1,1,2-5 Miles,North America,1,41-45,63.6363636363636
M,M,1,No,Partial College,Skilled Manual,1,1,2-5 Miles,North America,1,46-50,63.6363636363636
S,M,4,Si,High School,Skilled Manual,1,3,5-10 Miles,North America,0,46-50,27.2727272727273
M,M,3,No,Graduate Degree,Management,1,2,10+ Miles,North America,0,65+,45.4545454545455
S,M,3,No,Graduate Degree,Management,1,2,10+ Miles,North America,0,65+,45.4545454545455
M,M,5,No,Bachelors,Management,1,2,10+ Miles,North America,1,65+,63.6363636363636
M,M,5,No,Bachelors,Management,1,2,10+ Miles,North America,1,56-65,63.6363636363636
M,M,3,No,Graduate Degree,Management,1,2,1-2 Miles,North America,0,65+,45.4545454545455
S,M,4,No,Graduate Degree,Management,1,2,10+ Miles,North America,0,65+,45.4545454545455
M,F,4,No,Graduate Degree,Management,1,2,1-2 Miles,North America,0,65+,45.4545454545455
S,F,5,No,Bachelors,Management,1,2,10+ Miles,North America,1,65+,63.6363636363636
S,M,5,No,Bachelors,Management,1,2,10+ Miles,North America,1,65+,63.6363636363636
M,F,5,No,Bachelors,Management,1,2,1-2 Miles,North America,1,56-65,63.6363636363636
S,F,5,No,Bachelors,Management,1,2,10+ Miles,North America,1,65+,63.6363636363636
M,F,5,No,Bachelors,Management,1,2,5-10 Miles,North America,0,65+,72.7272727272727
M,M,5,No,Bachelors,Management,1,2,5-10 Miles,North America,0,65+,81.8181818181818
M,M,4,No,High School,Professional,0,2,10+ Miles,North America,1,56-65,27.2727272727273
M,F,4,No,High School,Professional,0,2,10+ Miles,North America,1,56-65,27.2727272727273
M,M,4,No,High School,Professional,0,2,10+ Miles,North America,1,56-65,27.2727272727273
M,F,1,No,Graduate Degree,Skilled Manual,1,0,2-5 Miles,North America,0,35-40,45.4545454545455
M,M,2,No,Graduate Degree,Professional,1,0,0-1 Miles,North America,1,29-34,63.6363636363636
M,M,1,Si,Bachelors,Skilled Manual,1,0,2-5 Miles,North America,1,29-34,45.4545454545455
M,F,1,Si,Bachelors,Skilled Manual,1,0,2-5 Miles,North America,1,35-40,45.4545454545455
M,F,1,Si,Bachelors,Skilled Manual,1,1,0-1 Miles,North America,0,35-40,45.4545454545455
M,F,1,Si,Bachelors,Skilled Manual,1,1,2-5 Miles,North America,1,35-40,45.4545454545455
M,F,1,Si,Bachelors,Skilled Manual,1,1,0-1 Miles,North America,0,35-40,45.4545454545455
M,M,1,Si,Bachelors,Skilled Manual,1,1,2-5 Miles,North America,1,35-40,45.4545454545455
M,F,1,No,Graduate Degree,Professional,1,0,0-1 Miles,North America,0,35-40,45.4545454545455
M,F,1,No,Graduate Degree,Professional,1,0,0-1 Miles,North America,0,35-40,45.4545454545455
M,M,2,Si,Bachelors,Skilled Manual,1,0,2-5 Miles,North America,1,35-40,45.4545454545455
M,F,1,No,Graduate Degree,Professional,1,0,2-5 Miles,North America,1,35-40,45.4545454545455
M,F,1,No,Graduate Degree,Professional,1,0,0-1 Miles,North America,1,35-40,45.4545454545455
M,M,1,No,Graduate Degree,Professional,1,0,2-5 Miles,North America,1,29-34,45.4545454545455
M,F,2,No,Graduate Degree,Professional,1,0,2-5 Miles,North America,1,29-34,63.6363636363636
S,F,2,No,Graduate Degree,Professional,1,0,2-5 Miles,North America,1,35-40,63.6363636363636
M,F,1,No,Graduate Degree,Professional,1,0,0-1 Miles,North America,1,35-40,45.4545454545455
M,M,1,No,Graduate Degree,Professional,1,0,0-1 Miles,North America,1,35-40,45.4545454545455
S,M,0,No,Bachelors,Professional,0,1,2-5 Miles,North America,1,35-40,27.2727272727273
M,M,2,No,Graduate Degree,Professional,1,0,2-5 Miles,North America,1,35-40,45.4545454545455
M,M,4,No,Graduate Degree,Professional,1,0,0-1 Miles,North America,1,35-40,63.6363636363636
S,F,2,Si,Bachelors,Skilled Manual,1,1,2-5 Miles,North America,1,41-45,45.4545454545455
S,F,2,Si,Bachelors,Skilled Manual,1,1,2-5 Miles,North America,1,41-45,45.4545454545455
M,F,0,No,Graduate Degree,Professional,1,0,0-1 Miles,North America,0,41-45,45.4545454545455
S,M,0,No,Graduate Degree,Professional,1,0,2-5 Miles,North America,1,41-45,45.4545454545455
S,M,0,No,Graduate Degree,Professional,1,0,2-5 Miles,North America,1,41-45,45.4545454545455
M,F,0,No,Graduate Degree,Professional,1,0,0-1 Miles,North America,0,41-45,45.4545454545455
M,F,0,No,Graduate Degree,Professional,1,0,0-1 Miles,North America,0,41-45,45.4545454545455
M,F,0,No,Graduate Degree,Professional,1,0,0-1 Miles,North America,0,41-45,45.4545454545455
M,F,0,No,Graduate Degree,Professional,1,0,2-5 Miles,North America,0,41-45,45.4545454545455
M,F,0,No,Graduate Degree,Professional,1,0,2-5 Miles,North America,0,29-34,45.4545454545455
M,F,0,No,Graduate Degree,Professional,1,0,0-1 Miles,North America,0,41-45,45.4545454545455
S,M,0,No,Graduate Degree,Professional,1,0,2-5 Miles,North America,1,41-45,63.6363636363636
M,M,4,No,Graduate Degree,Professional,1,0,2-5 Miles,North America,0,35-40,63.6363636363636
M,F,2,No,Graduate Degree,Professional,1,0,2-5 Miles,North America,1,29-34,45.4545454545455
S,F,5,No,Graduate Degree,Professional,1,0,2-5 Miles,North America,1,35-40,63.6363636363636
M,M,5,No,Graduate Degree,Professional,1,0,0-1 Miles,North America,1,41-45,63.6363636363636
S,M,5,Si,Graduate Degree,Professional,1,2,2-5 Miles,North America,0,35-40,63.6363636363636
M,F,5,Si,Graduate Degree,Professional,0,2,0-1 Miles,North America,0,29-34,63.6363636363636
M,F,5,Si,Graduate Degree,Professional,1,2,0-1 Miles,North America,0,35-40,63.6363636363636
S,M,2,No,Graduate Degree,Professional,1,0,0-1 Miles,North America,1,35-40,72.7272727272727
S,F,0,No,Bachelors,Professional,0,1,2-5 Miles,North America,0,41-45,27.2727272727273
S,F,0,No,Bachelors,Professional,0,1,2-5 Miles,North America,0,41-45,27.2727272727273
S,F,0,No,Bachelors,Professional,0,1,0-1 Miles,North America,1,35-40,27.2727272727273
S,F,3,Si,Bachelors,Skilled Manual,1,1,2-5 Miles,North America,0,41-45,72.7272727272727
M,M,3,Si,Bachelors,Skilled Manual,1,1,0-1 Miles,North America,0,41-45,72.7272727272727
S,F,3,Si,Bachelors,Skilled Manual,1,2,2-5 Miles,North America,1,41-45,72.7272727272727
S,F,3,Si,Bachelors,Skilled Manual,0,2,0-1 Miles,North America,0,41-45,72.7272727272727
S,F,3,Si,Bachelors,Skilled Manual,1,3,10+ Miles,North America,1,41-45,72.7272727272727
S,M,3,Si,Bachelors,Skilled Manual,1,3,10+ Miles,North America,1,29-34,72.7272727272727
S,F,0,No,Graduate Degree,Professional,0,1,0-1 Miles,North America,1,41-45,45.4545454545455
M,F,0,No,Graduate Degree,Professional,0,1,0-1 Miles,North America,1,35-40,45.4545454545455
S,M,0,No,Bachelors,Professional,0,1,0-1 Miles,North America,1,35-40,27.2727272727273
S,M,0,No,Bachelors,Professional,0,1,2-5 Miles,North America,0,41-45,27.2727272727273
M,F,4,Si,Bachelors,Skilled Manual,1,2,2-5 Miles,North America,0,35-40,45.4545454545455
S,F,5,Si,Bachelors,Skilled Manual,1,2,2-5 Miles,North America,0,41-45,45.4545454545455
M,M,5,Si,Bachelors,Skilled Manual,1,3,5-10 Miles,North America,0,35-40,45.4545454545455
S,F,5,Si,Bachelors,Skilled Manual,0,3,5-10 Miles,North America,1,35-40,45.4545454545455
M,F,5,Si,Bachelors,Skilled Manual,1,4,2-5 Miles,North America,0,41-45,45.4545454545455
S,M,4,Si,Bachelors,Skilled Manual,1,2,2-5 Miles,North America,1,41-45,45.4545454545455
S,M,4,Si,Bachelors,Skilled Manual,1,2,2-5 Miles,North America,1,41-45,45.4545454545455
S,F,4,Si,Bachelors,Skilled Manual,1,2,2-5 Miles,North America,1,41-45,45.4545454545455
M,M,4,Si,Bachelors,Skilled Manual,1,2,2-5 Miles,North America,1,41-45,45.4545454545455
M,F,4,Si,Bachelors,Skilled Manual,1,2,2-5 Miles,North America,1,29-34,45.4545454545455
S,F,4,Si,Bachelors,Professional,0,2,0-1 Miles,North America,1,46-50,63.6363636363636
M,F,4,Si,Bachelors,Professional,1,2,2-5 Miles,North America,1,46-50,63.6363636363636
S,F,0,No,Bachelors,Professional,0,1,0-1 Miles,North America,0,35-40,63.6363636363636
S,M,0,No,Bachelors,Professional,0,1,2-5 Miles,North America,1,41-45,63.6363636363636
S,M,0,No,Bachelors,Professional,0,1,2-5 Miles,North America,1,41-45,63.6363636363636
S,M,4,Si,Bachelors,Professional,0,2,0-1 Miles,North America,1,35-40,63.6363636363636
S,M,3,Si,Graduate Degree,Professional,1,0,2-5 Miles,North America,1,46-50,45.4545454545455
S,M,3,Si,Graduate Degree,Professional,0,0,0-1 Miles,North America,1,46-50,45.4545454545455
S,M,0,No,Partial High School,Manual,0,2,0-1 Miles,Europe,0,35-40,9.09090909090909
M,M,1,Si,Bachelors,Skilled Manual,1,1,1-2 Miles,Europe,0,35-40,27.2727272727273
S,M,0,No,Graduate Degree,Skilled Manual,0,0,1-2 Miles,Europe,1,35-40,27.2727272727273
S,F,0,No,Graduate Degree,Skilled Manual,0,0,1-2 Miles,Europe,1,35-40,27.2727272727273
S,M,0,No,Partial High School,Manual,0,2,0-1 Miles,Europe,0,35-40,9.09090909090909
M,F,0,No,Partial High School,Manual,0,2,0-1 Miles,Europe,0,35-40,9.09090909090909
S,M,0,No,High School,Manual,1,1,2-5 Miles,Europe,0,29-34,18.1818181818182
S,M,0,No,High School,Manual,0,1,1-2 Miles,Europe,1,35-40,18.1818181818182
S,M,2,Si,Partial College,Clerical,1,0,1-2 Miles,Europe,1,35-40,27.2727272727273
S,F,2,Si,Partial College,Clerical,1,0,1-2 Miles,Europe,1,29-34,27.2727272727273
S,F,0,No,Partial High School,Manual,0,2,0-1 Miles,Europe,0,35-40,9.09090909090909
S,M,0,No,Partial High School,Manual,1,2,1-2 Miles,Europe,0,35-40,9.09090909090909
S,F,0,No,Partial High School,Manual,1,2,1-2 Miles,Europe,0,35-40,9.09090909090909
S,F,0,No,Partial High School,Manual,0,2,0-1 Miles,Europe,0,35-40,9.09090909090909
S,M,0,No,Partial High School,Manual,0,2,1-2 Miles,Europe,0,29-34,9.09090909090909
M,M,0,No,High School,Manual,0,1,1-2 Miles,Europe,1,29-34,18.1818181818182
S,F,0,No,High School,Manual,0,1,2-5 Miles,Europe,1,29-34,18.1818181818182
S,F,2,Si,Partial College,Clerical,1,1,0-1 Miles,Europe,0,35-40,27.2727272727273
S,M,2,Si,Partial College,Clerical,1,1,0-1 Miles,Europe,0,35-40,27.2727272727273
S,M,3,Si,Partial College,Clerical,1,0,0-1 Miles,North America,0,29-34,27.2727272727273
S,F,3,Si,Partial College,Clerical,1,1,1-2 Miles,North America,1,35-40,27.2727272727273
S,F,3,Si,Partial College,Clerical,1,2,1-2 Miles,North America,1,35-40,27.2727272727273
M,M,0,No,Graduate Degree,Skilled Manual,1,0,0-1 Miles,North America,0,35-40,18.1818181818182
S,M,3,Si,Partial College,Clerical,1,2,1-2 Miles,North America,1,29-34,27.2727272727273
S,F,4,Si,Partial College,Clerical,1,1,0-1 Miles,North America,0,35-40,27.2727272727273
M,M,4,No,Graduate Degree,Professional,1,0,0-1 Miles,North America,1,65+,90.9090909090909
S,F,0,No,Graduate Degree,Skilled Manual,0,0,0-1 Miles,North America,0,41-45,45.4545454545455
M,M,0,No,Graduate Degree,Skilled Manual,1,0,1-2 Miles,North America,1,41-45,45.4545454545455
M,M,0,No,Graduate Degree,Skilled Manual,1,0,1-2 Miles,North America,1,35-40,45.4545454545455
S,F,2,No,High School,Manual,1,2,1-2 Miles,North America,1,56-65,9.09090909090909
M,F,1,No,High School,Clerical,1,1,2-5 Miles,North America,1,51-55,18.1818181818182
S,M,1,No,High School,Clerical,1,2,1-2 Miles,North America,1,51-55,18.1818181818182
S,M,1,No,High School,Clerical,1,2,1-2 Miles,North America,1,46-50,18.1818181818182
M,M,1,No,High School,Clerical,0,2,1-2 Miles,North America,1,41-45,18.1818181818182
M,F,2,No,High School,Clerical,0,2,0-1 Miles,North America,0,51-55,18.1818181818182
M,M,2,No,High School,Clerical,0,2,1-2 Miles,North America,1,41-45,18.1818181818182
M,M,1,No,Partial College,Clerical,1,1,0-1 Miles,North America,1,51-55,27.2727272727273
M,M,1,No,Partial College,Clerical,1,1,0-1 Miles,North America,1,51-55,27.2727272727273
S,M,2,No,High School,Skilled Manual,1,2,1-2 Miles,North America,1,51-55,18.1818181818182
M,M,2,No,High School,Skilled Manual,0,2,0-1 Miles,North America,0,51-55,18.1818181818182
M,M,2,No,High School,Skilled Manual,1,2,1-2 Miles,North America,0,51-55,18.1818181818182
M,F,1,No,Partial College,Clerical,1,1,0-1 Miles,North America,0,51-55,27.2727272727273
M,F,1,No,Partial College,Clerical,1,1,1-2 Miles,North America,0,51-55,27.2727272727273
M,M,2,No,High School,Skilled Manual,0,2,0-1 Miles,North America,0,51-55,18.1818181818182
M,M,2,No,High School,Skilled Manual,1,2,1-2 Miles,North America,0,51-55,18.1818181818182
M,M,2,No,High School,Skilled Manual,0,2,0-1 Miles,North America,0,51-55,18.1818181818182
M,M,2,No,High School,Skilled Manual,1,2,1-2 Miles,North America,0,41-45,18.1818181818182
M,F,2,No,High School,Skilled Manual,0,2,0-1 Miles,North America,0,51-55,18.1818181818182
S,F,2,No,High School,Skilled Manual,1,2,1-2 Miles,North America,0,46-50,18.1818181818182
S,F,2,No,High School,Skilled Manual,1,2,1-2 Miles,North America,0,46-50,18.1818181818182
M,M,2,No,High School,Skilled Manual,0,2,0-1 Miles,North America,0,51-55,18.1818181818182
M,M,2,No,Partial College,Clerical,1,1,0-1 Miles,North America,0,51-55,27.2727272727273
M,F,2,No,Partial College,Clerical,1,1,1-2 Miles,North America,1,46-50,27.2727272727273
M,F,5,No,Graduate Degree,Skilled Manual,1,0,0-1 Miles,North America,0,51-55,72.7272727272727
M,M,5,No,Graduate Degree,Skilled Manual,1,0,1-2 Miles,North America,0,51-55,72.7272727272727
M,M,4,No,Graduate Degree,Skilled Manual,0,0,0-1 Miles,North America,0,46-50,72.7272727272727
S,F,4,No,Graduate Degree,Skilled Manual,0,0,0-1 Miles,North America,0,46-50,72.7272727272727
M,F,4,No,Graduate Degree,Skilled Manual,1,0,0-1 Miles,North America,0,35-40,45.4545454545455
M,M,4,No,Graduate Degree,Skilled Manual,1,0,1-2 Miles,North America,0,51-55,45.4545454545455
M,M,4,No,Graduate Degree,Skilled Manual,1,0,0-1 Miles,North America,0,46-50,45.4545454545455
S,M,4,No,Graduate Degree,Skilled Manual,1,0,1-2 Miles,North America,0,41-45,45.4545454545455
S,M,0,No,Graduate Degree,Skilled Manual,1,0,1-2 Miles,North America,1,35-40,45.4545454545455
M,M,1,No,Graduate Degree,Skilled Manual,1,0,0-1 Miles,North America,1,35-40,27.2727272727273
M,F,1,No,Graduate Degree,Skilled Manual,1,0,0-1 Miles,North America,0,35-40,27.2727272727273
M,F,1,No,Graduate Degree,Skilled Manual,1,0,0-1 Miles,North America,0,35-40,27.2727272727273
M,M,1,No,Graduate Degree,Skilled Manual,1,0,1-2 Miles,North America,0,35-40,27.2727272727273
M,F,1,No,Graduate Degree,Skilled Manual,1,0,1-2 Miles,North America,1,35-40,45.4545454545455
M,M,1,No,Graduate Degree,Skilled Manual,0,0,0-1 Miles,North America,0,35-40,45.4545454545455
S,M,1,No,Graduate Degree,Skilled Manual,1,0,1-2 Miles,North America,0,29-34,45.4545454545455
M,F,1,No,Graduate Degree,Skilled Manual,1,0,1-2 Miles,North America,0,29-34,45.4545454545455
M,M,5,Si,Graduate Degree,Professional,1,0,2-5 Miles,North America,0,46-50,63.6363636363636
M,M,5,Si,Graduate Degree,Professional,1,0,0-1 Miles,North America,0,51-55,72.7272727272727
M,M,2,No,Bachelors,Professional,1,1,0-1 Miles,North America,0,65+,27.2727272727273
M,F,1,No,Graduate Degree,Management,1,0,0-1 Miles,Pacific,1,35-40,81.8181818181818
M,M,1,No,Graduate Degree,Management,1,0,0-1 Miles,Pacific,1,35-40,81.8181818181818
S,F,1,No,Graduate Degree,Management,1,0,0-1 Miles,Pacific,1,35-40,81.8181818181818
M,M,1,No,Graduate Degree,Management,1,0,0-1 Miles,Pacific,1,35-40,81.8181818181818
M,M,2,No,Bachelors,Professional,1,0,1-2 Miles,Pacific,1,35-40,81.8181818181818
M,F,1,No,Graduate Degree,Management,1,0,0-1 Miles,Pacific,1,35-40,81.8181818181818
S,F,2,Si,Bachelors,Professional,0,1,0-1 Miles,Pacific,1,41-45,45.4545454545455
S,F,2,Si,Bachelors,Professional,1,1,2-5 Miles,Pacific,1,41-45,45.4545454545455
M,M,2,Si,Bachelors,Professional,1,1,0-1 Miles,Pacific,1,35-40,45.4545454545455
S,M,2,Si,Bachelors,Professional,0,1,0-1 Miles,Pacific,1,41-45,45.4545454545455
S,M,2,Si,Bachelors,Professional,1,1,2-5 Miles,Pacific,1,41-45,45.4545454545455
S,F,2,Si,Bachelors,Professional,1,1,2-5 Miles,Pacific,1,41-45,45.4545454545455
S,M,2,Si,Bachelors,Professional,0,1,0-1 Miles,Pacific,1,35-40,45.4545454545455
M,F,5,Si,Bachelors,Professional,1,3,10+ Miles,Pacific,0,41-45,63.6363636363636
M,M,5,Si,Bachelors,Professional,1,3,10+ Miles,Pacific,0,41-45,63.6363636363636
S,M,1,No,Graduate Degree,Management,1,1,2-5 Miles,Pacific,1,35-40,90.9090909090909
M,M,1,No,Graduate Degree,Management,1,1,5-10 Miles,Pacific,0,35-40,90.9090909090909
M,M,1,No,Graduate Degree,Management,1,0,0-1 Miles,Pacific,1,35-40,90.9090909090909
M,M,1,No,Graduate Degree,Management,1,0,0-1 Miles,Pacific,1,35-40,90.9090909090909
M,M,1,No,Graduate Degree,Management,1,0,2-5 Miles,Pacific,1,35-40,90.9090909090909
S,F,5,Si,Bachelors,Professional,1,4,10+ Miles,Pacific,0,41-45,63.6363636363636
M,M,5,Si,Graduate Degree,Management,0,3,0-1 Miles,Pacific,0,41-45,72.7272727272727
M,F,5,Si,Graduate Degree,Management,0,3,0-1 Miles,Pacific,0,41-45,72.7272727272727
M,M,5,Si,Graduate Degree,Management,1,3,0-1 Miles,Pacific,0,41-45,72.7272727272727
M,M,3,Si,Bachelors,Professional,1,1,5-10 Miles,Pacific,0,41-45,45.4545454545455
M,M,0,No,Bachelors,Professional,0,1,0-1 Miles,Pacific,1,41-45,63.6363636363636
M,F,0,No,Bachelors,Professional,0,1,0-1 Miles,Pacific,0,41-45,63.6363636363636
S,F,0,No,Bachelors,Professional,0,1,0-1 Miles,Pacific,1,41-45,63.6363636363636
M,M,4,Si,Bachelors,Professional,1,3,10+ Miles,Pacific,0,41-45,45.4545454545455
M,F,5,Si,Bachelors,Professional,1,4,2-5 Miles,Pacific,0,46-50,45.4545454545455
S,M,3,Si,Bachelors,Professional,0,2,0-1 Miles,Pacific,1,46-50,45.4545454545455
S,M,3,Si,Bachelors,Professional,1,2,5-10 Miles,Pacific,1,41-45,45.4545454545455
S,F,3,Si,Bachelors,Professional,0,2,0-1 Miles,Pacific,1,46-50,45.4545454545455
M,F,5,Si,Bachelors,Professional,1,4,0-1 Miles,Pacific,1,29-34,72.7272727272727
S,F,3,Si,Bachelors,Professional,1,0,1-2 Miles,Pacific,1,35-40,81.8181818181818
S,F,1,No,Bachelors,Professional,1,1,5-10 Miles,Pacific,1,46-50,45.4545454545455
S,F,1,No,Partial College,Skilled Manual,1,1,5-10 Miles,Pacific,0,46-50,45.4545454545455
M,M,0,No,Bachelors,Professional,0,1,5-10 Miles,Pacific,0,41-45,81.8181818181818
S,M,1,No,Partial College,Skilled Manual,1,1,5-10 Miles,Pacific,1,46-50,45.4545454545455
M,M,1,No,Bachelors,Professional,1,1,5-10 Miles,Pacific,0,46-50,81.8181818181818
S,M,1,No,Bachelors,Professional,1,1,2-5 Miles,Pacific,1,46-50,81.8181818181818
M,M,2,No,Partial College,Clerical,0,2,0-1 Miles,Pacific,0,65+,18.1818181818182
S,M,0,No,Bachelors,Professional,0,1,5-10 Miles,Pacific,0,41-45,63.6363636363636
S,F,0,No,Bachelors,Professional,0,1,5-10 Miles,Pacific,0,29-34,63.6363636363636
S,F,0,No,Bachelors,Professional,1,1,5-10 Miles,Pacific,1,41-45,63.6363636363636
S,F,1,No,Bachelors,Professional,1,1,2-5 Miles,Pacific,1,41-45,81.8181818181818
S,M,5,No,Bachelors,Professional,1,1,5-10 Miles,Pacific,1,46-50,81.8181818181818
S,F,0,No,Bachelors,Professional,0,2,0-1 Miles,Pacific,1,41-45,63.6363636363636
M,F,1,No,Partial College,Skilled Manual,1,1,0-1 Miles,Pacific,1,41-45,45.4545454545455
M,M,5,Si,Bachelors,Professional,0,1,0-1 Miles,Pacific,1,51-55,72.7272727272727
M,M,2,No,Partial College,Clerical,0,2,0-1 Miles,Pacific,0,65+,18.1818181818182
M,M,5,Si,Partial College,Skilled Manual,1,3,5-10 Miles,Pacific,0,46-50,63.6363636363636
M,M,5,Si,Partial College,Skilled Manual,0,3,10+ Miles,Pacific,0,46-50,63.6363636363636
M,F,5,Si,Partial College,Skilled Manual,1,3,5-10 Miles,Pacific,0,46-50,63.6363636363636
M,F,1,No,Partial College,Skilled Manual,1,1,5-10 Miles,Pacific,0,46-50,63.6363636363636
S,M,1,No,Partial College,Skilled Manual,0,1,0-1 Miles,Pacific,1,46-50,63.6363636363636
S,F,2,No,Partial College,Skilled Manual,0,1,0-1 Miles,Pacific,1,51-55,63.6363636363636
M,F,2,Si,High School,Skilled Manual,1,2,5-10 Miles,Pacific,0,51-55,9.09090909090909
M,F,0,No,High School,Skilled Manual,1,2,5-10 Miles,North America,0,29-34,18.1818181818182
M,F,0,No,High School,Skilled Manual,1,2,5-10 Miles,North America,0,29-34,18.1818181818182
S,F,0,No,High School,Skilled Manual,1,2,5-10 Miles,North America,0,29-34,18.1818181818182
S,F,0,No,High School,Skilled Manual,1,1,5-10 Miles,North America,0,29-34,27.2727272727273
S,M,0,No,High School,Skilled Manual,1,1,5-10 Miles,North America,0,29-34,27.2727272727273
S,F,0,No,High School,Skilled Manual,0,2,0-1 Miles,North America,0,29-34,27.2727272727273
S,M,0,No,High School,Skilled Manual,1,2,5-10 Miles,North America,0,29-34,27.2727272727273
S,F,0,No,High School,Skilled Manual,0,2,0-1 Miles,North America,0,29-34,27.2727272727273
M,M,0,No,High School,Skilled Manual,1,2,5-10 Miles,North America,0,29-34,27.2727272727273
S,M,0,No,Partial High School,Clerical,0,2,5-10 Miles,North America,0,29-34,18.1818181818182
S,M,0,No,Partial High School,Clerical,0,2,0-1 Miles,North America,0,29-34,18.1818181818182
M,F,0,No,Partial High School,Clerical,0,2,0-1 Miles,North America,0,29-34,18.1818181818182
S,M,0,No,Partial High School,Clerical,1,2,5-10 Miles,North America,0,29-34,18.1818181818182
M,F,0,No,High School,Skilled Manual,1,2,5-10 Miles,North America,1,29-34,27.2727272727273
M,F,2,No,Bachelors,Management,0,2,0-1 Miles,Pacific,0,56-65,27.2727272727273
M,F,0,No,High School,Skilled Manual,1,2,5-10 Miles,North America,0,29-34,27.2727272727273
S,M,0,No,High School,Skilled Manual,0,2,0-1 Miles,North America,0,29-34,27.2727272727273
M,M,2,No,Partial College,Clerical,0,2,0-1 Miles,Pacific,1,65+,18.1818181818182
M,M,2,No,Bachelors,Management,1,2,5-10 Miles,Pacific,1,56-65,27.2727272727273
M,M,2,No,Bachelors,Management,1,2,5-10 Miles,Pacific,1,65+,27.2727272727273
M,F,2,No,Bachelors,Management,1,2,5-10 Miles,Pacific,1,65+,27.2727272727273
S,M,0,No,Partial College,Skilled Manual,1,1,5-10 Miles,North America,0,29-34,27.2727272727273
S,M,0,No,Partial College,Skilled Manual,1,1,5-10 Miles,North America,0,29-34,27.2727272727273
M,F,0,No,Partial College,Skilled Manual,1,1,5-10 Miles,North America,0,29-34,27.2727272727273
M,F,0,No,Partial College,Skilled Manual,1,1,5-10 Miles,North America,0,29-34,27.2727272727273
S,M,0,No,Partial College,Skilled Manual,0,1,1-2 Miles,North America,0,29-34,45.4545454545455
M,F,0,No,High School,Skilled Manual,1,2,5-10 Miles,North America,0,29-34,27.2727272727273
S,M,0,No,Partial College,Skilled Manual,1,1,5-10 Miles,North America,0,29-34,18.1818181818182
S,M,0,No,Partial College,Skilled Manual,1,1,5-10 Miles,North America,0,35-40,18.1818181818182
M,M,0,No,Partial College,Skilled Manual,1,1,5-10 Miles,North America,0,35-40,18.1818181818182
M,M,0,No,Partial College,Skilled Manual,1,1,5-10 Miles,North America,0,35-40,18.1818181818182
S,M,0,No,Partial College,Skilled Manual,1,1,5-10 Miles,North America,1,35-40,45.4545454545455
S,M,0,No,Bachelors,Management,0,1,0-1 Miles,North America,1,35-40,72.7272727272727
M,M,0,No,Bachelors,Management,1,1,1-2 Miles,North America,1,35-40,72.7272727272727
S,M,0,No,Bachelors,Management,0,1,0-1 Miles,North America,1,41-45,72.7272727272727
M,F,4,Si,Bachelors,Management,1,1,1-2 Miles,North America,0,41-45,81.8181818181818
S,F,0,Si,Graduate Degree,Management,0,2,0-1 Miles,North America,1,41-45,90.9090909090909
S,M,0,Si,Bachelors,Management,0,4,1-2 Miles,North America,0,41-45,90.9090909090909
M,F,4,Si,Bachelors,Management,1,0,0-1 Miles,North America,0,46-50,72.7272727272727
S,F,4,Si,Bachelors,Management,1,1,1-2 Miles,North America,1,41-45,81.8181818181818
S,M,1,Si,Graduate Degree,Management,0,2,0-1 Miles,North America,1,35-40,90.9090909090909
M,F,0,No,High School,Skilled Manual,1,2,5-10 Miles,North America,1,29-34,27.2727272727273
S,F,0,No,High School,Skilled Manual,1,2,5-10 Miles,North America,0,29-34,27.2727272727273
M,F,0,No,High School,Skilled Manual,1,2,5-10 Miles,North America,1,29-34,27.2727272727273
M,M,4,No,High School,Skilled Manual,0,2,1-2 Miles,Pacific,0,56-65,9.09090909090909
S,M,0,No,Partial College,Skilled Manual,1,1,5-10 Miles,North America,1,29-34,45.4545454545455
S,M,0,No,Partial High School,Clerical,0,2,1-2 Miles,North America,1,29-34,27.2727272727273
M,M,2,Si,High School,Skilled Manual,1,2,5-10 Miles,Pacific,0,56-65,9.09090909090909
S,M,0,No,Partial College,Skilled Manual,0,1,1-2 Miles,North America,0,29-34,27.2727272727273
M,F,0,No,Partial College,Skilled Manual,1,2,5-10 Miles,North America,1,29-34,45.4545454545455
M,M,1,No,Graduate Degree,Skilled Manual,1,0,0-1 Miles,North America,0,35-40,45.4545454545455
M,F,1,Si,Graduate Degree,Skilled Manual,1,0,1-2 Miles,North America,1,29-34,45.4545454545455
M,F,1,Si,Graduate Degree,Skilled Manual,1,0,0-1 Miles,North America,1,35-40,45.4545454545455
M,M,1,Si,Graduate Degree,Skilled Manual,1,0,0-1 Miles,North America,1,29-34,45.4545454545455
M,M,1,Si,Graduate Degree,Skilled Manual,1,0,0-1 Miles,North America,1,35-40,45.4545454545455
M,M,1,Si,Graduate Degree,Skilled Manual,1,0,1-2 Miles,North America,1,29-34,45.4545454545455
M,F,1,Si,Bachelors,Skilled Manual,1,0,0-1 Miles,North America,0,35-40,45.4545454545455
M,F,1,Si,Bachelors,Skilled Manual,1,0,2-5 Miles,North America,1,35-40,45.4545454545455
S,M,2,Si,Graduate Degree,Management,0,2,1-2 Miles,North America,0,41-45,90.9090909090909
S,F,3,Si,Partial College,Professional,1,1,5-10 Miles,North America,1,51-55,63.6363636363636
M,M,2,Si,Partial College,Professional,1,1,0-1 Miles,North America,0,51-55,72.7272727272727
M,M,2,No,Graduate Degree,Management,1,2,1-2 Miles,North America,0,65+,45.4545454545455
M,M,4,Si,Partial College,Professional,1,2,2-5 Miles,North America,0,46-50,72.7272727272727
S,M,4,Si,Partial College,Professional,1,2,2-5 Miles,North America,0,35-40,72.7272727272727
S,F,0,No,Partial College,Professional,1,1,5-10 Miles,North America,0,46-50,81.8181818181818
S,M,0,No,Partial College,Professional,0,1,10+ Miles,North America,0,35-40,81.8181818181818
M,F,0,No,Partial College,Professional,0,1,10+ Miles,North America,0,46-50,81.8181818181818
S,F,0,No,Partial College,Professional,1,1,10+ Miles,North America,0,46-50,81.8181818181818
S,F,0,No,Partial College,Professional,0,2,2-5 Miles,North America,1,29-34,81.8181818181818
M,M,3,Si,Bachelors,Management,1,3,0-1 Miles,North America,1,46-50,90.9090909090909
M,F,3,Si,Bachelors,Management,1,2,1-2 Miles,North America,1,41-45,90.9090909090909
M,F,1,Si,Bachelors,Management,1,4,0-1 Miles,North America,0,41-45,90.9090909090909
S,M,5,Si,Partial College,Professional,1,2,5-10 Miles,North America,0,46-50,72.7272727272727
M,M,5,Si,Partial College,Professional,1,3,1-2 Miles,North America,0,46-50,81.8181818181818
S,M,1,Si,Bachelors,Management,0,1,1-2 Miles,North America,0,46-50,90.9090909090909
M,M,1,Si,High School,Professional,1,4,5-10 Miles,North America,1,46-50,90.9090909090909
M,M,1,Si,Bachelors,Management,1,4,0-1 Miles,North America,0,41-45,90.9090909090909
M,F,5,Si,Partial College,Professional,0,3,2-5 Miles,North America,0,41-45,63.6363636363636
S,F,5,Si,Partial College,Professional,1,3,5-10 Miles,North America,1,41-45,72.7272727272727
M,F,5,Si,Partial College,Professional,1,3,1-2 Miles,North America,0,46-50,72.7272727272727
S,M,4,Si,Partial College,Professional,1,0,5-10 Miles,North America,1,46-50,81.8181818181818
M,F,1,Si,Bachelors,Management,1,3,5-10 Miles,North America,0,46-50,90.9090909090909
S,M,1,Si,Bachelors,Management,1,3,5-10 Miles,North America,1,46-50,90.9090909090909
M,M,1,Si,Bachelors,Management,0,3,2-5 Miles,North America,1,46-50,90.9090909090909
M,F,2,No,High School,Professional,0,2,1-2 Miles,North America,0,51-55,45.4545454545455
M,F,2,No,High School,Professional,0,2,1-2 Miles,North America,0,51-55,45.4545454545455
S,F,2,No,High School,Professional,1,2,5-10 Miles,North America,0,51-55,45.4545454545455
S,F,2,No,High School,Professional,1,2,5-10 Miles,North America,0,51-55,45.4545454545455
M,F,4,Si,High School,Professional,1,0,1-2 Miles,North America,0,51-55,63.6363636363636
M,F,3,Si,Partial College,Professional,1,1,5-10 Miles,North America,1,46-50,72.7272727272727
M,M,3,Si,Partial College,Professional,1,1,1-2 Miles,North America,1,46-50,72.7272727272727
M,F,3,Si,Partial College,Professional,0,1,1-2 Miles,North America,1,51-55,72.7272727272727
M,F,3,No,Partial College,Professional,0,2,5-10 Miles,North America,1,65+,27.2727272727273
S,M,3,No,Partial College,Professional,1,2,5-10 Miles,North America,1,65+,27.2727272727273
M,M,2,No,Graduate Degree,Management,0,2,1-2 Miles,North America,0,65+,45.4545454545455
S,M,2,No,Graduate Degree,Management,1,2,5-10 Miles,North America,0,65+,45.4545454545455
M,F,2,No,Graduate Degree,Management,1,2,1-2 Miles,North America,0,65+,45.4545454545455
S,M,2,No,Graduate Degree,Management,1,2,5-10 Miles,North America,0,65+,45.4545454545455
M,F,2,No,Graduate Degree,Management,1,2,5-10 Miles,North America,0,65+,45.4545454545455
M,M,4,No,Graduate Degree,Management,1,2,1-2 Miles,North America,1,65+,63.6363636363636
S,F,3,Si,Partial College,Professional,1,4,5-10 Miles,North America,1,46-50,81.8181818181818
M,M,4,Si,Bachelors,Management,1,3,2-5 Miles,North America,1,46-50,90.9090909090909
M,M,2,No,Partial High School,Skilled Manual,0,2,1-2 Miles,North America,0,51-55,72.7272727272727
M,F,3,No,Partial High School,Skilled Manual,1,2,5-10 Miles,North America,0,46-50,72.7272727272727
M,F,3,No,Partial High School,Skilled Manual,1,2,5-10 Miles,North America,0,51-55,72.7272727272727
M,M,2,No,Partial High School,Skilled Manual,0,2,1-2 Miles,North America,1,46-50,45.4545454545455
S,M,2,No,Partial High School,Skilled Manual,1,2,5-10 Miles,North America,1,51-55,45.4545454545455
M,M,2,No,Partial High School,Skilled Manual,0,2,1-2 Miles,North America,1,56-65,45.4545454545455
M,M,2,No,Partial High School,Skilled Manual,1,2,5-10 Miles,North America,1,51-55,45.4545454545455
S,M,2,No,Partial High School,Skilled Manual,1,2,5-10 Miles,North America,1,51-55,45.4545454545455
M,F,2,No,Partial High School,Skilled Manual,1,2,5-10 Miles,North America,1,51-55,45.4545454545455
M,F,3,Si,High School,Professional,0,0,1-2 Miles,North America,1,46-50,63.6363636363636
M,F,3,Si,High School,Professional,1,0,5-10 Miles,North America,0,56-65,63.6363636363636
M,M,3,Si,High School,Professional,1,0,5-10 Miles,North America,1,51-55,63.6363636363636
S,M,3,Si,High School,Professional,1,0,5-10 Miles,North America,1,51-55,63.6363636363636
M,M,3,Si,High School,Professional,0,0,1-2 Miles,North America,1,46-50,63.6363636363636
M,F,3,No,Graduate Degree,Management,1,2,1-2 Miles,North America,1,56-65,45.4545454545455
M,M,3,No,Graduate Degree,Management,0,2,1-2 Miles,North America,1,56-65,45.4545454545455
M,M,3,No,Partial College,Professional,0,2,1-2 Miles,North America,1,56-65,27.2727272727273
S,M,3,No,Partial College,Professional,1,2,5-10 Miles,North America,1,56-65,27.2727272727273
M,F,3,No,Partial College,Professional,0,2,5-10 Miles,North America,1,56-65,27.2727272727273
M,F,3,No,Partial College,Professional,0,2,5-10 Miles,North America,0,56-65,27.2727272727273
M,M,3,No,Graduate Degree,Management,1,2,10+ Miles,North America,0,65+,45.4545454545455
M,M,3,No,Graduate Degree,Management,1,2,10+ Miles,North America,0,65+,45.4545454545455
S,M,3,No,Graduate Degree,Management,1,2,10+ Miles,North America,0,65+,45.4545454545455
M,F,3,No,Graduate Degree,Management,1,2,10+ Miles,North America,0,65+,45.4545454545455
M,M,3,No,Graduate Degree,Management,1,2,1-2 Miles,North America,0,65+,45.4545454545455
M,M,5,No,Graduate Degree,Management,1,2,10+ Miles,North America,1,65+,63.6363636363636
M,M,4,No,Graduate Degree,Management,1,2,5-10 Miles,North America,0,56-65,72.7272727272727
M,F,4,No,Bachelors,Management,1,2,1-2 Miles,North America,1,56-65,72.7272727272727
M,M,4,No,Bachelors,Management,1,2,10+ Miles,North America,0,56-65,45.4545454545455
M,M,3,No,Graduate Degree,Management,0,2,1-2 Miles,North America,0,65+,45.4545454545455
M,F,5,No,Graduate Degree,Management,1,2,10+ Miles,North America,1,65+,63.6363636363636
M,M,5,No,Graduate Degree,Management,0,2,1-2 Miles,North America,1,65+,63.6363636363636
S,M,0,No,Partial High School,Clerical,0,2,5-10 Miles,North America,0,29-34,27.2727272727273
S,M,0,No,Partial High School,Clerical,1,2,5-10 Miles,North America,0,29-34,27.2727272727273
S,F,4,No,High School,Skilled Manual,1,2,5-10 Miles,Pacific,0,56-65,9.09090909090909
S,M,0,No,Partial High School,Clerical,0,2,1-2 Miles,North America,0,29-34,27.2727272727273
S,F,0,No,Partial High School,Clerical,1,2,5-10 Miles,North America,0,29-34,27.2727272727273
S,M,0,No,Partial College,Skilled Manual,1,1,5-10 Miles,North America,0,29-34,27.2727272727273
S,F,0,No,Partial College,Skilled Manual,0,1,1-2 Miles,North America,0,29-34,27.2727272727273
M,F,0,No,Partial College,Skilled Manual,1,2,5-10 Miles,North America,0,29-34,27.2727272727273
M,F,0,No,Partial College,Skilled Manual,1,2,5-10 Miles,North America,0,29-34,27.2727272727273
S,M,0,No,Partial College,Skilled Manual,1,2,5-10 Miles,North America,0,29-34,45.4545454545455
S,M,0,No,Partial College,Skilled Manual,0,2,1-2 Miles,North America,0,29-34,45.4545454545455
S,M,0,No,Partial College,Skilled Manual,1,2,5-10 Miles,North America,1,29-34,63.6363636363636
M,M,2,Si,Partial High School,Clerical,1,2,5-10 Miles,Pacific,0,51-55,9.09090909090909
M,M,2,Si,Partial High School,Clerical,0,2,1-2 Miles,Pacific,0,56-65,9.09090909090909
M,M,2,Si,Partial High School,Clerical,1,2,5-10 Miles,Pacific,0,56-65,9.09090909090909
S,F,2,Si,Partial High School,Clerical,1,2,5-10 Miles,Pacific,0,51-55,9.09090909090909
M,M,3,No,Partial College,Clerical,0,2,5-10 Miles,Pacific,1,56-65,18.1818181818182
M,M,3,No,Partial College,Clerical,0,2,5-10 Miles,Pacific,1,56-65,18.1818181818182
S,M,2,Si,Partial High School,Clerical,1,2,5-10 Miles,Pacific,0,51-55,9.09090909090909
M,M,3,No,High School,Skilled Manual,0,2,1-2 Miles,Pacific,1,51-55,18.1818181818182
S,M,3,No,High School,Skilled Manual,1,2,5-10 Miles,Pacific,1,56-65,18.1818181818182
S,F,0,No,Partial College,Skilled Manual,0,2,5-10 Miles,North America,1,29-34,18.1818181818182
S,M,0,No,Partial College,Skilled Manual,0,2,0-1 Miles,North America,1,29-34,63.6363636363636
S,F,3,No,High School,Skilled Manual,1,2,5-10 Miles,Pacific,1,56-65,18.1818181818182
M,F,3,No,High School,Skilled Manual,1,2,5-10 Miles,Pacific,1,56-65,18.1818181818182
S,F,2,No,Partial College,Skilled Manual,0,2,1-2 Miles,Pacific,1,51-55,72.7272727272727
S,F,2,No,Partial College,Skilled Manual,1,2,5-10 Miles,Pacific,1,51-55,72.7272727272727
S,M,0,No,Partial College,Skilled Manual,1,2,5-10 Miles,North America,0,29-34,18.1818181818182
S,M,0,No,High School,Skilled Manual,0,2,5-10 Miles,North America,0,29-34,18.1818181818182
M,M,0,No,High School,Skilled Manual,1,2,5-10 Miles,North America,0,29-34,27.2727272727273
M,M,0,No,High School,Skilled Manual,1,2,5-10 Miles,North America,0,29-34,27.2727272727273
S,F,0,No,High School,Skilled Manual,0,2,1-2 Miles,North America,1,29-34,27.2727272727273
M,F,0,No,High School,Skilled Manual,1,2,5-10 Miles,North America,0,35-40,27.2727272727273
S,M,0,No,High School,Skilled Manual,0,2,1-2 Miles,North America,1,35-40,18.1818181818182
M,M,0,No,High School,Skilled Manual,0,2,1-2 Miles,North America,1,35-40,18.1818181818182
M,F,0,No,Partial College,Skilled Manual,1,2,5-10 Miles,North America,0,35-40,45.4545454545455
S,M,0,No,Partial College,Skilled Manual,0,2,5-10 Miles,North America,0,35-40,45.4545454545455
S,M,0,No,Partial College,Skilled Manual,0,2,1-2 Miles,North America,0,35-40,45.4545454545455
S,F,0,No,Partial College,Skilled Manual,0,2,1-2 Miles,North America,0,35-40,45.4545454545455
S,F,0,No,Partial College,Professional,0,2,5-10 Miles,North America,1,35-40,63.6363636363636
M,F,0,No,Partial College,Professional,0,2,0-1 Miles,North America,1,35-40,63.6363636363636
S,F,0,No,Partial College,Professional,1,2,5-10 Miles,North America,1,35-40,63.6363636363636
M,F,0,No,Partial College,Professional,0,2,1-2 Miles,North America,0,29-34,45.4545454545455
M,M,0,No,Partial College,Professional,0,2,1-2 Miles,North America,0,29-34,45.4545454545455
S,F,0,No,Partial College,Professional,0,2,1-2 Miles,North America,0,29-34,45.4545454545455
M,F,2,No,High School,Skilled Manual,1,2,5-10 Miles,Pacific,1,41-45,72.7272727272727
S,M,2,No,High School,Skilled Manual,1,2,5-10 Miles,Pacific,1,51-55,72.7272727272727
S,F,2,No,High School,Skilled Manual,0,2,1-2 Miles,Pacific,1,51-55,72.7272727272727
M,F,2,No,High School,Skilled Manual,1,2,5-10 Miles,Pacific,1,51-55,63.6363636363636
M,M,1,Si,Bachelors,Management,1,3,2-5 Miles,Pacific,0,46-50,81.8181818181818
S,F,0,No,Partial High School,Skilled Manual,1,2,5-10 Miles,North America,0,29-34,18.1818181818182
S,M,0,No,Partial College,Professional,1,2,5-10 Miles,North America,0,35-40,45.4545454545455
M,F,0,Si,Graduate Degree,Management,1,3,1-2 Miles,North America,0,41-45,90.9090909090909
S,F,0,No,Graduate Degree,Management,0,3,1-2 Miles,North America,1,41-45,90.9090909090909
S,M,2,No,Partial High School,Skilled Manual,1,2,5-10 Miles,North America,0,51-55,63.6363636363636
M,M,2,No,Partial High School,Skilled Manual,1,2,5-10 Miles,North America,0,51-55,63.6363636363636
S,M,2,No,Partial High School,Skilled Manual,1,2,5-10 Miles,North America,0,51-55,63.6363636363636
M,M,2,No,Partial High School,Skilled Manual,1,2,5-10 Miles,North America,0,51-55,63.6363636363636
M,M,3,Si,Partial College,Professional,0,0,0-1 Miles,North America,0,51-55,63.6363636363636
M,M,3,Si,Partial College,Professional,1,0,5-10 Miles,North America,1,51-55,63.6363636363636
S,F,3,Si,Partial College,Professional,1,0,5-10 Miles,North America,1,51-55,63.6363636363636
S,M,2,No,High School,Professional,1,2,5-10 Miles,North America,0,51-55,45.4545454545455
M,M,2,No,High School,Professional,0,2,5-10 Miles,North America,0,51-55,45.4545454545455
M,M,2,No,High School,Professional,0,2,5-10 Miles,North America,0,46-50,45.4545454545455
S,M,3,No,Partial College,Professional,1,2,5-10 Miles,North America,1,51-55,63.6363636363636
M,F,3,No,Partial College,Professional,0,2,0-1 Miles,North America,1,46-50,63.6363636363636
S,M,3,No,Graduate Degree,Management,1,2,5-10 Miles,North America,1,65+,63.6363636363636
S,F,4,Si,Partial College,Professional,1,3,2-5 Miles,North America,1,41-45,81.8181818181818
S,M,4,Si,Partial College,Professional,1,3,2-5 Miles,North America,1,41-45,81.8181818181818
M,F,4,Si,Bachelors,Management,1,4,0-1 Miles,North America,0,41-45,81.8181818181818
S,F,2,Si,Bachelors,Management,1,3,2-5 Miles,North America,1,35-40,90.9090909090909
S,M,3,Si,Bachelors,Management,0,4,1-2 Miles,North America,1,41-45,90.9090909090909
S,M,3,Si,High School,Skilled Manual,1,2,2-5 Miles,North America,1,46-50,27.2727272727273
S,F,1,No,Bachelors,Professional,0,1,0-1 Miles,North America,1,46-50,63.6363636363636
S,F,1,No,Bachelors,Professional,1,1,2-5 Miles,North America,1,46-50,63.6363636363636
S,F,1,No,Bachelors,Professional,1,1,2-5 Miles,North America,1,46-50,63.6363636363636
S,M,1,No,Bachelors,Professional,0,1,2-5 Miles,North America,1,46-50,63.6363636363636
S,M,1,No,Bachelors,Professional,0,1,2-5 Miles,North America,1,46-50,63.6363636363636
S,M,1,No,Bachelors,Professional,1,1,2-5 Miles,North America,1,46-50,63.6363636363636
M,M,1,No,Partial College,Skilled Manual,1,1,2-5 Miles,North America,1,46-50,63.6363636363636
M,F,1,No,Partial College,Skilled Manual,1,1,0-1 Miles,North America,1,46-50,63.6363636363636
S,M,4,Si,High School,Skilled Manual,1,2,2-5 Miles,North America,0,46-50,27.2727272727273
M,M,4,Si,High School,Skilled Manual,1,3,10+ Miles,North America,0,41-45,27.2727272727273
M,F,4,No,Bachelors,Management,1,2,10+ Miles,North America,0,65+,45.4545454545455
M,M,3,No,Graduate Degree,Management,1,2,1-2 Miles,North America,0,65+,45.4545454545455
M,M,3,No,Graduate Degree,Management,1,2,1-2 Miles,North America,0,56-65,45.4545454545455
M,F,3,No,Graduate Degree,Management,1,2,1-2 Miles,North America,0,65+,45.4545454545455
M,M,3,No,Graduate Degree,Management,1,2,1-2 Miles,North America,0,65+,45.4545454545455
M,M,5,No,Bachelors,Management,1,2,10+ Miles,North America,1,65+,63.6363636363636
M,M,5,No,Bachelors,Management,1,2,10+ Miles,North America,1,65+,63.6363636363636
M,F,5,No,Bachelors,Management,1,2,1-2 Miles,North America,1,65+,63.6363636363636
M,M,5,No,Bachelors,Management,1,2,1-2 Miles,North America,1,65+,72.7272727272727
M,M,5,No,Partial High School,Clerical,0,2,1-2 Miles,North America,0,56-65,18.1818181818182
S,M,4,No,High School,Professional,1,2,10+ Miles,North America,1,56-65,27.2727272727273
M,M,4,No,High School,Professional,0,2,1-2 Miles,North America,0,56-65,27.2727272727273
M,M,4,No,High School,Professional,0,2,1-2 Miles,North America,0,56-65,27.2727272727273
M,M,4,No,High School,Professional,0,2,10+ Miles,North America,1,65+,27.2727272727273
M,F,4,No,High School,Professional,0,2,10+ Miles,North America,1,56-65,27.2727272727273
M,F,4,No,Bachelors,Management,1,2,10+ Miles,North America,0,56-65,63.6363636363636
S,M,4,No,High School,Professional,1,2,10+ Miles,North America,1,56-65,27.2727272727273
M,F,5,No,High School,Professional,0,2,2-5 Miles,North America,0,56-65,27.2727272727273
S,F,4,No,Bachelors,Management,1,2,10+ Miles,North America,0,51-55,63.6363636363636
M,F,4,No,Bachelors,Management,1,2,2-5 Miles,North America,0,56-65,63.6363636363636
S,M,4,No,Bachelors,Management,1,2,10+ Miles,North America,0,56-65,63.6363636363636
M,M,5,No,Bachelors,Management,1,2,2-5 Miles,North America,0,56-65,63.6363636363636
S,F,5,No,Bachelors,Management,0,2,2-5 Miles,North America,0,56-65,63.6363636363636
M,F,5,No,Bachelors,Management,1,2,2-5 Miles,North America,0,56-65,63.6363636363636
M,F,5,No,Bachelors,Management,1,4,10+ Miles,North America,1,56-65,63.6363636363636
M,M,5,No,Bachelors,Management,1,4,2-5 Miles,North America,0,56-65,63.6363636363636
M,M,4,No,Bachelors,Management,1,2,2-5 Miles,North America,0,56-65,45.4545454545455
M,M,4,No,Bachelors,Management,1,2,10+ Miles,North America,0,56-65,45.4545454545455
M,M,2,Si,Partial College,Professional,1,1,10+ Miles,North America,0,56-65,63.6363636363636
S,F,2,Si,Partial College,Professional,1,1,10+ Miles,North America,0,56-65,63.6363636363636
M,F,2,Si,Partial College,Professional,1,1,10+ Miles,North America,0,56-65,63.6363636363636
M,M,2,Si,Partial College,Professional,1,1,10+ Miles,North America,0,56-65,63.6363636363636
M,M,5,No,Bachelors,Management,1,3,2-5 Miles,North America,1,56-65,45.4545454545455
M,F,5,No,Bachelors,Management,0,3,2-5 Miles,North America,1,56-65,45.4545454545455
M,F,2,Si,High School,Professional,1,2,2-5 Miles,North America,0,51-55,27.2727272727273
M,M,2,Si,High School,Professional,0,2,2-5 Miles,North America,0,56-65,27.2727272727273
M,F,2,Si,Partial College,Professional,1,1,2-5 Miles,North America,1,56-65,45.4545454545455
M,M,2,Si,Bachelors,Management,0,0,2-5 Miles,North America,1,46-50,45.4545454545455
M,M,2,Si,Bachelors,Management,1,0,2-5 Miles,North America,1,56-65,45.4545454545455
S,F,2,Si,Partial College,Professional,1,2,10+ Miles,North America,0,56-65,45.4545454545455
M,F,2,Si,Partial College,Professional,1,2,10+ Miles,North America,0,56-65,45.4545454545455
M,F,2,Si,Partial College,Professional,1,2,10+ Miles,North America,0,51-55,45.4545454545455
S,F,2,Si,High School,Professional,0,2,2-5 Miles,North America,1,56-65,45.4545454545455
M,F,2,Si,Partial College,Professional,1,1,10+ Miles,North America,0,51-55,45.4545454545455
M,F,2,Si,Partial College,Professional,1,1,2-5 Miles,North America,0,56-65,45.4545454545455
M,F,4,Si,Partial College,Professional,1,1,1-2 Miles,North America,0,56-65,63.6363636363636
M,M,3,Si,Bachelors,Management,1,1,1-2 Miles,North America,0,56-65,72.7272727272727
S,F,3,Si,Bachelors,Management,1,2,5-10 Miles,North America,1,56-65,72.7272727272727
M,M,2,Si,High School,Professional,1,2,10+ Miles,North America,0,56-65,45.4545454545455
M,M,2,Si,High School,Professional,1,2,10+ Miles,North America,0,51-55,45.4545454545455
M,F,2,Si,Partial College,Professional,1,2,2-5 Miles,North America,1,56-65,45.4545454545455
M,F,2,Si,Partial College,Professional,1,2,10+ Miles,North America,0,56-65,45.4545454545455
M,F,2,Si,Partial College,Professional,1,2,10+ Miles,North America,0,51-55,45.4545454545455
M,M,4,Si,Partial College,Professional,1,1,1-2 Miles,North America,0,51-55,63.6363636363636
S,M,2,Si,Partial High School,Skilled Manual,1,2,10+ Miles,North America,0,51-55,63.6363636363636
S,F,2,Si,Partial High School,Skilled Manual,0,2,2-5 Miles,North America,1,51-55,63.6363636363636
M,F,2,Si,Partial High School,Skilled Manual,1,2,10+ Miles,North America,0,46-50,63.6363636363636
M,F,2,Si,Partial High School,Skilled Manual,1,3,10+ Miles,North America,1,56-65,63.6363636363636
S,M,2,Si,Partial High School,Skilled Manual,1,3,10+ Miles,North America,1,56-65,63.6363636363636
S,M,2,Si,Partial College,Professional,1,2,10+ Miles,North America,0,56-65,45.4545454545455
S,M,2,Si,High School,Professional,1,2,10+ Miles,North America,0,56-65,45.4545454545455
S,F,2,Si,Partial College,Professional,1,4,5-10 Miles,Europe,1,51-55,81.8181818181818
M,M,2,Si,Partial College,Professional,1,3,5-10 Miles,Europe,1,46-50,90.9090909090909
M,F,2,Si,High School,Professional,1,4,5-10 Miles,Europe,1,51-55,90.9090909090909
M,M,2,Si,Partial College,Professional,0,2,5-10 Miles,Europe,1,41-45,90.9090909090909
M,F,2,Si,High School,Professional,1,2,0-1 Miles,Europe,1,51-55,90.9090909090909
S,F,2,Si,High School,Professional,0,2,0-1 Miles,Europe,1,51-55,90.9090909090909
S,M,2,Si,Partial College,Professional,1,4,5-10 Miles,Europe,1,51-55,90.9090909090909
S,F,3,Si,High School,Professional,1,4,5-10 Miles,Europe,1,51-55,90.9090909090909
M,M,3,Si,High School,Professional,1,4,5-10 Miles,Europe,1,51-55,90.9090909090909
M,M,3,Si,Partial College,Professional,1,3,0-1 Miles,Europe,1,51-55,90.9090909090909
M,M,3,Si,High School,Professional,1,3,5-10 Miles,Europe,1,51-55,90.9090909090909
S,M,3,Si,Partial College,Professional,1,1,10+ Miles,Europe,1,51-55,72.7272727272727
M,M,5,No,Bachelors,Management,0,2,2-5 Miles,Europe,0,65+,72.7272727272727
M,M,3,Si,Bachelors,Management,1,4,5-10 Miles,Europe,1,56-65,90.9090909090909
S,F,5,Si,High School,Professional,1,2,10+ Miles,Europe,1,56-65,63.6363636363636
M,M,5,No,Partial College,Professional,0,2,2-5 Miles,Europe,0,56-65,72.7272727272727
M,F,2,Si,Graduate Degree,Management,0,4,2-5 Miles,Europe,0,56-65,81.8181818181818
M,M,4,Si,Bachelors,Management,1,4,0-1 Miles,Europe,0,56-65,90.9090909090909
S,M,5,No,Partial College,Professional,1,2,10+ Miles,Europe,0,56-65,81.8181818181818
M,F,3,Si,Bachelors,Management,1,4,10+ Miles,Europe,1,56-65,90.9090909090909
M,F,4,Si,Partial College,Professional,1,4,0-1 Miles,Europe,0,56-65,90.9090909090909
M,M,4,Si,Partial College,Professional,0,4,5-10 Miles,Europe,1,56-65,90.9090909090909
M,M,4,Si,Bachelors,Management,1,4,5-10 Miles,Europe,1,56-65,90.9090909090909
M,M,3,Si,Partial College,Professional,0,1,2-5 Miles,Europe,0,46-50,81.8181818181818
S,F,4,Si,High School,Professional,1,1,10+ Miles,Europe,1,51-55,81.8181818181818
M,F,4,Si,High School,Professional,1,2,2-5 Miles,Europe,1,51-55,81.8181818181818
S,M,3,Si,Partial College,Professional,0,4,0-1 Miles,Europe,0,51-55,90.9090909090909
S,M,3,Si,High School,Professional,0,4,0-1 Miles,Europe,0,51-55,90.9090909090909
M,M,3,Si,High School,Professional,1,4,10+ Miles,Europe,0,51-55,90.9090909090909
M,F,3,Si,Bachelors,Management,1,4,10+ Miles,Europe,0,56-65,81.8181818181818
M,F,3,Si,Bachelors,Management,0,2,10+ Miles,Europe,1,51-55,90.9090909090909
M,M,4,Si,Partial College,Professional,1,2,10+ Miles,Europe,1,56-65,90.9090909090909
M,M,5,Si,Partial College,Professional,1,2,0-1 Miles,Europe,0,56-65,90.9090909090909
M,F,3,Si,Bachelors,Management,1,4,0-1 Miles,Europe,0,56-65,90.9090909090909
S,F,4,Si,Partial College,Professional,1,2,10+ Miles,Europe,0,56-65,72.7272727272727
M,F,4,Si,Partial College,Professional,1,2,10+ Miles,Europe,0,56-65,72.7272727272727
M,F,4,Si,High School,Professional,1,2,10+ Miles,Europe,0,56-65,72.7272727272727
M,F,4,Si,High School,Professional,1,2,10+ Miles,Europe,0,56-65,81.8181818181818
M,F,4,Si,Partial College,Professional,0,2,10+ Miles,Europe,1,56-65,90.9090909090909
M,M,4,Si,Partial College,Professional,0,3,10+ Miles,Europe,0,56-65,90.9090909090909
M,F,4,Si,High School,Professional,1,3,5-10 Miles,Europe,1,56-65,81.8181818181818
M,F,4,Si,Partial College,Professional,0,3,10+ Miles,Europe,0,56-65,90.9090909090909
M,M,4,Si,High School,Management,1,3,5-10 Miles,Europe,1,51-55,81.8181818181818
M,M,4,Si,High School,Management,1,3,0-1 Miles,Europe,1,56-65,90.9090909090909
M,M,4,Si,High School,Management,0,3,10+ Miles,Europe,0,56-65,90.9090909090909
M,F,4,Si,Partial College,Management,1,4,10+ Miles,Europe,0,51-55,90.9090909090909
M,M,0,Si,High School,Management,0,4,10+ Miles,Europe,1,56-65,90.9090909090909
M,F,5,Si,Partial High School,Skilled Manual,1,4,10+ Miles,Europe,0,56-65,63.6363636363636
M,M,5,Si,High School,Management,1,4,10+ Miles,Europe,0,56-65,72.7272727272727
M,F,4,Si,High School,Management,1,3,5-10 Miles,Europe,1,56-65,81.8181818181818
M,M,4,Si,High School,Management,1,3,10+ Miles,Europe,0,56-65,90.9090909090909
S,F,5,No,Partial High School,Skilled Manual,1,2,10+ Miles,Europe,0,56-65,72.7272727272727
M,M,5,Si,Partial High School,Skilled Manual,1,4,10+ Miles,Europe,0,56-65,72.7272727272727
S,M,5,No,Partial High School,Skilled Manual,1,2,10+ Miles,Europe,0,56-65,81.8181818181818
M,F,4,Si,Partial High School,Professional,0,1,5-10 Miles,Europe,0,56-65,81.8181818181818
M,M,5,Si,Partial High School,Professional,1,4,10+ Miles,Europe,0,56-65,90.9090909090909
S,M,0,No,Bachelors,Professional,0,2,5-10 Miles,Pacific,1,35-40,63.6363636363636
S,F,0,No,Bachelors,Professional,0,2,10+ Miles,Pacific,1,29-34,63.6363636363636
M,F,0,No,Bachelors,Professional,1,3,10+ Miles,Pacific,0,29-34,63.6363636363636
S,M,0,No,Bachelors,Professional,0,3,10+ Miles,Pacific,0,29-34,63.6363636363636
M,F,0,No,Bachelors,Professional,1,2,10+ Miles,Pacific,0,29-34,72.7272727272727
S,M,0,No,Bachelors,Professional,1,4,10+ Miles,Pacific,0,35-40,63.6363636363636
S,F,0,No,Bachelors,Professional,0,2,10+ Miles,Pacific,1,29-34,81.8181818181818
S,M,0,No,Bachelors,Professional,0,3,10+ Miles,Pacific,0,35-40,72.7272727272727
S,M,0,No,Bachelors,Professional,0,3,10+ Miles,Pacific,0,35-40,72.7272727272727
S,M,0,No,Bachelors,Professional,0,3,10+ Miles,Pacific,0,35-40,72.7272727272727
S,F,0,Si,High School,Management,1,2,10+ Miles,Pacific,1,35-40,81.8181818181818
S,M,0,No,Bachelors,Professional,0,3,10+ Miles,Pacific,1,35-40,81.8181818181818
S,F,0,Si,High School,Management,1,2,10+ Miles,Pacific,1,35-40,81.8181818181818
S,M,0,Si,High School,Management,1,3,10+ Miles,Pacific,1,35-40,81.8181818181818
S,F,0,No,Bachelors,Professional,1,4,10+ Miles,Pacific,0,35-40,72.7272727272727
M,M,0,Si,Partial College,Management,1,3,10+ Miles,Pacific,0,35-40,90.9090909090909
M,F,0,Si,Partial High School,Professional,1,4,10+ Miles,Pacific,1,35-40,90.9090909090909
M,M,0,Si,High School,Management,1,3,10+ Miles,Pacific,0,29-34,81.8181818181818
S,F,0,No,Bachelors,Professional,0,4,10+ Miles,Pacific,0,29-34,81.8181818181818
S,F,0,Si,High School,Management,1,4,10+ Miles,Pacific,1,35-40,81.8181818181818
M,M,0,Si,Partial High School,Professional,0,4,10+ Miles,Pacific,0,35-40,90.9090909090909
M,F,0,Si,Partial High School,Professional,1,4,10+ Miles,Pacific,0,29-34,81.8181818181818
S,F,0,Si,Bachelors,Management,1,4,0-1 Miles,Pacific,1,35-40,90.9090909090909
M,M,4,Si,Partial High School,Management,0,4,10+ Miles,Pacific,0,29-34,90.9090909090909
M,M,4,Si,Partial College,Professional,1,2,2-5 Miles,North America,0,35-40,72.7272727272727
S,F,1,No,Graduate Degree,Skilled Manual,1,0,2-5 Miles,North America,1,29-34,45.4545454545455
M,F,1,No,Graduate Degree,Professional,1,0,0-1 Miles,North America,1,35-40,45.4545454545455
M,M,1,No,Graduate Degree,Professional,1,0,2-5 Miles,North America,1,35-40,63.6363636363636
M,F,2,No,Graduate Degree,Professional,1,0,0-1 Miles,North America,1,35-40,63.6363636363636
M,F,1,Si,Bachelors,Skilled Manual,1,0,2-5 Miles,North America,1,35-40,45.4545454545455
M,M,1,Si,Bachelors,Skilled Manual,1,0,2-5 Miles,North America,1,35-40,45.4545454545455
M,F,1,Si,Bachelors,Skilled Manual,1,1,2-5 Miles,North America,1,35-40,45.4545454545455
M,F,1,Si,Bachelors,Skilled Manual,1,1,0-1 Miles,North America,0,35-40,45.4545454545455
S,M,1,No,Graduate Degree,Professional,1,0,2-5 Miles,North America,1,35-40,45.4545454545455
S,F,1,No,Graduate Degree,Professional,1,0,2-5 Miles,North America,1,29-34,45.4545454545455
M,M,1,No,Graduate Degree,Professional,1,0,0-1 Miles,North America,1,35-40,45.4545454545455
M,M,1,No,Graduate Degree,Professional,1,0,0-1 Miles,North America,1,29-34,45.4545454545455
M,M,1,No,Graduate Degree,Professional,1,0,2-5 Miles,North America,1,35-40,45.4545454545455
M,F,3,No,Graduate Degree,Professional,1,0,2-5 Miles,North America,1,35-40,63.6363636363636
S,F,3,No,Graduate Degree,Professional,1,0,2-5 Miles,North America,1,35-40,63.6363636363636
M,F,1,No,Graduate Degree,Professional,1,0,0-1 Miles,North America,1,35-40,45.4545454545455
M,M,1,No,Graduate Degree,Professional,1,0,0-1 Miles,North America,1,35-40,45.4545454545455
S,M,0,No,Bachelors,Professional,0,1,2-5 Miles,North America,1,41-45,27.2727272727273
M,M,2,No,Graduate Degree,Professional,1,0,2-5 Miles,North America,0,29-34,45.4545454545455
S,F,4,No,Graduate Degree,Professional,1,0,2-5 Miles,North America,1,35-40,63.6363636363636
M,F,4,No,Graduate Degree,Professional,1,0,0-1 Miles,North America,1,29-34,63.6363636363636
M,M,4,No,Graduate Degree,Professional,1,0,0-1 Miles,North America,1,35-40,63.6363636363636
M,F,2,No,Graduate Degree,Professional,1,0,0-1 Miles,North America,1,29-34,72.7272727272727
S,M,0,No,Bachelors,Professional,0,1,2-5 Miles,North America,1,35-40,27.2727272727273
S,M,2,Si,Bachelors,Skilled Manual,0,1,0-1 Miles,North America,0,41-45,45.4545454545455
S,M,2,Si,Bachelors,Skilled Manual,1,1,2-5 Miles,North America,1,35-40,45.4545454545455
S,F,2,Si,Bachelors,Skilled Manual,0,1,0-1 Miles,North America,0,41-45,45.4545454545455
M,M,0,No,Graduate Degree,Professional,1,0,0-1 Miles,North America,0,35-40,45.4545454545455
M,M,0,No,Graduate Degree,Professional,1,0,0-1 Miles,North America,0,41-45,45.4545454545455
S,M,0,No,Graduate Degree,Professional,1,0,2-5 Miles,North America,1,35-40,45.4545454545455
M,M,0,No,Graduate Degree,Professional,1,0,2-5 Miles,North America,0,41-45,45.4545454545455
M,M,0,No,Graduate Degree,Professional,1,0,2-5 Miles,North America,0,29-34,45.4545454545455
S,F,0,No,Graduate Degree,Professional,1,0,2-5 Miles,North America,1,41-45,63.6363636363636
S,M,4,No,Graduate Degree,Professional,1,0,2-5 Miles,North America,1,41-45,63.6363636363636
M,M,4,No,Graduate Degree,Professional,1,0,0-1 Miles,North America,1,41-45,63.6363636363636
S,F,3,Si,Bachelors,Skilled Manual,1,2,2-5 Miles,North America,1,41-45,72.7272727272727
S,M,3,Si,Bachelors,Skilled Manual,1,3,10+ Miles,North America,1,35-40,72.7272727272727
M,F,3,Si,Bachelors,Skilled Manual,1,3,10+ Miles,North America,0,41-45,72.7272727272727
S,F,0,No,Graduate Degree,Professional,0,1,0-1 Miles,North America,1,35-40,45.4545454545455
M,M,0,No,Bachelors,Professional,0,1,0-1 Miles,North America,0,35-40,27.2727272727273
S,M,0,No,Bachelors,Professional,0,1,0-1 Miles,North America,1,35-40,27.2727272727273
S,M,0,No,Bachelors,Professional,0,1,2-5 Miles,North America,0,35-40,27.2727272727273
M,F,4,Si,Bachelors,Skilled Manual,1,2,2-5 Miles,North America,0,29-34,45.4545454545455
S,M,4,Si,Bachelors,Skilled Manual,1,2,2-5 Miles,North America,0,41-45,45.4545454545455
M,M,4,Si,Bachelors,Skilled Manual,1,3,10+ Miles,North America,0,46-50,45.4545454545455
M,M,4,Si,Bachelors,Skilled Manual,1,3,10+ Miles,North America,0,35-40,45.4545454545455
M,F,4,Si,Bachelors,Skilled Manual,1,3,10+ Miles,North America,0,35-40,45.4545454545455
M,F,5,Si,Bachelors,Skilled Manual,1,3,10+ Miles,North America,0,41-45,45.4545454545455
S,F,4,Si,Bachelors,Skilled Manual,0,2,0-1 Miles,North America,1,46-50,45.4545454545455
S,M,4,Si,Bachelors,Skilled Manual,0,2,0-1 Miles,North America,1,41-45,45.4545454545455
S,F,4,Si,Bachelors,Skilled Manual,0,2,0-1 Miles,North America,1,35-40,45.4545454545455
M,M,4,Si,Bachelors,Skilled Manual,1,2,2-5 Miles,North America,1,41-45,45.4545454545455
S,F,0,No,Bachelors,Professional,0,1,0-1 Miles,North America,1,46-50,27.2727272727273
S,M,4,Si,Bachelors,Skilled Manual,0,2,0-1 Miles,North America,1,46-50,63.6363636363636
M,M,4,Si,Bachelors,Professional,1,2,2-5 Miles,North America,1,46-50,63.6363636363636
M,F,4,Si,Bachelors,Professional,1,2,0-1 Miles,North America,1,35-40,63.6363636363636
S,F,0,No,Bachelors,Professional,0,1,2-5 Miles,North America,1,41-45,63.6363636363636
S,F,0,No,Bachelors,Professional,0,1,2-5 Miles,North America,1,41-45,63.6363636363636
S,F,0,No,Bachelors,Professional,0,1,0-1 Miles,North America,0,35-40,63.6363636363636
S,F,2,Si,Graduate Degree,Professional,0,0,0-1 Miles,North America,1,35-40,45.4545454545455
S,M,0,No,Bachelors,Professional,0,1,2-5 Miles,North America,0,46-50,63.6363636363636
S,F,3,Si,Graduate Degree,Professional,0,0,0-1 Miles,North America,1,46-50,45.4545454545455
S,M,3,Si,Graduate Degree,Professional,0,0,0-1 Miles,North America,1,46-50,45.4545454545455
M,F,3,Si,Graduate Degree,Professional,1,0,0-1 Miles,North America,1,46-50,45.4545454545455
M,M,1,Si,Bachelors,Skilled Manual,1,0,0-1 Miles,Europe,1,29-34,27.2727272727273
M,F,1,Si,Bachelors,Skilled Manual,1,0,1-2 Miles,Europe,1,35-40,27.2727272727273
S,F,0,No,High School,Manual,0,1,2-5 Miles,Europe,1,35-40,18.1818181818182
S,M,0,No,Partial High School,Manual,0,2,0-1 Miles,Europe,0,35-40,9.09090909090909
S,F,0,No,Partial High School,Manual,1,2,1-2 Miles,Europe,0,35-40,9.09090909090909
M,F,1,Si,Bachelors,Skilled Manual,1,1,1-2 Miles,Europe,0,35-40,27.2727272727273
S,F,0,No,Partial High School,Manual,0,2,0-1 Miles,Europe,0,35-40,9.09090909090909
S,F,0,No,Partial High School,Manual,0,2,0-1 Miles,Europe,0,35-40,9.09090909090909
S,F,0,No,Partial High School,Manual,0,2,0-1 Miles,Europe,0,35-40,9.09090909090909
S,M,0,No,High School,Manual,0,1,1-2 Miles,Europe,1,35-40,18.1818181818182
S,M,0,No,High School,Manual,0,1,2-5 Miles,Europe,0,29-34,18.1818181818182
S,M,0,No,Partial High School,Manual,1,2,1-2 Miles,Europe,0,35-40,9.09090909090909
S,F,0,No,Partial High School,Manual,0,2,1-2 Miles,Europe,0,29-34,9.09090909090909
S,F,0,No,Partial High School,Manual,0,2,0-1 Miles,Europe,0,35-40,9.09090909090909
M,M,0,No,Partial High School,Manual,0,2,0-1 Miles,Europe,1,29-34,9.09090909090909
S,M,0,No,Partial High School,Manual,1,2,1-2 Miles,Europe,0,35-40,9.09090909090909
S,M,0,No,High School,Manual,0,1,2-5 Miles,Europe,1,35-40,18.1818181818182
S,F,0,No,High School,Manual,1,1,2-5 Miles,Europe,0,35-40,18.1818181818182
S,M,0,No,High School,Manual,1,1,2-5 Miles,Europe,0,35-40,18.1818181818182
S,M,0,No,High School,Manual,0,1,2-5 Miles,Europe,0,35-40,18.1818181818182
S,F,2,Si,Partial College,Clerical,1,0,1-2 Miles,Europe,1,35-40,27.2727272727273
S,M,2,Si,Partial College,Clerical,1,0,1-2 Miles,Europe,1,35-40,27.2727272727273
S,M,2,Si,Partial College,Clerical,1,0,1-2 Miles,Europe,1,35-40,27.2727272727273
S,M,2,Si,Partial College,Clerical,1,0,1-2 Miles,Europe,1,29-34,27.2727272727273
S,F,2,Si,Partial College,Clerical,1,1,1-2 Miles,Europe,1,29-34,27.2727272727273
S,F,2,Si,Partial College,Clerical,1,2,0-1 Miles,Europe,1,35-40,27.2727272727273
S,F,3,Si,Partial College,Clerical,1,0,1-2 Miles,North America,1,29-34,27.2727272727273
S,M,3,Si,Partial College,Clerical,1,0,1-2 Miles,North America,1,29-34,27.2727272727273
M,M,0,No,Graduate Degree,Skilled Manual,1,0,0-1 Miles,North America,0,41-45,45.4545454545455
M,M,0,No,Graduate Degree,Skilled Manual,1,0,1-2 Miles,North America,1,41-45,45.4545454545455
M,F,0,No,Graduate Degree,Skilled Manual,1,0,1-2 Miles,North America,1,41-45,45.4545454545455
S,M,2,No,High School,Manual,1,2,1-2 Miles,North America,1,56-65,9.09090909090909
S,F,2,No,High School,Manual,1,2,1-2 Miles,North America,1,56-65,9.09090909090909
M,M,2,No,High School,Manual,0,2,1-2 Miles,North America,1,51-55,9.09090909090909
M,F,2,No,High School,Manual,0,2,0-1 Miles,North America,1,35-40,9.09090909090909
M,M,2,No,Partial High School,Manual,0,2,1-2 Miles,North America,1,41-45,9.09090909090909
M,F,1,No,High School,Clerical,1,1,5-10 Miles,North America,0,51-55,18.1818181818182
M,F,1,No,High School,Clerical,1,1,1-2 Miles,North America,1,51-55,18.1818181818182
M,F,1,No,High School,Clerical,1,1,10+ Miles,North America,0,46-50,18.1818181818182
M,F,1,No,Partial College,Clerical,1,1,0-1 Miles,North America,1,51-55,27.2727272727273
M,F,1,No,Partial College,Clerical,1,1,0-1 Miles,North America,1,46-50,27.2727272727273
M,F,1,No,Partial College,Clerical,1,1,0-1 Miles,North America,1,51-55,27.2727272727273
S,F,2,No,High School,Skilled Manual,1,2,1-2 Miles,North America,0,51-55,18.1818181818182
S,M,2,No,High School,Skilled Manual,1,2,1-2 Miles,North America,0,46-50,18.1818181818182
S,M,2,No,High School,Skilled Manual,1,2,1-2 Miles,North America,0,51-55,18.1818181818182
M,M,2,No,High School,Skilled Manual,1,2,1-2 Miles,North America,0,41-45,18.1818181818182
M,M,1,No,Partial College,Clerical,1,1,1-2 Miles,North America,0,51-55,27.2727272727273
M,F,1,No,Partial College,Clerical,1,1,1-2 Miles,North America,0,51-55,27.2727272727273
M,F,2,No,High School,Skilled Manual,0,2,0-1 Miles,North America,0,51-55,18.1818181818182
M,F,2,No,High School,Skilled Manual,1,2,1-2 Miles,North America,0,51-55,18.1818181818182
M,M,2,No,High School,Skilled Manual,1,2,1-2 Miles,North America,0,46-50,18.1818181818182
M,F,2,No,High School,Skilled Manual,1,2,1-2 Miles,North America,0,41-45,18.1818181818182
M,F,2,No,High School,Skilled Manual,1,2,1-2 Miles,North America,0,51-55,18.1818181818182
M,M,1,No,Partial College,Clerical,1,1,1-2 Miles,North America,1,51-55,27.2727272727273
M,M,2,No,Partial College,Clerical,1,1,0-1 Miles,North America,0,29-34,27.2727272727273
M,M,2,No,Partial College,Clerical,1,1,1-2 Miles,North America,0,46-50,27.2727272727273
M,F,2,No,Partial College,Clerical,1,1,0-1 Miles,North America,0,51-55,27.2727272727273
S,M,5,No,Graduate Degree,Skilled Manual,1,0,1-2 Miles,North America,0,51-55,72.7272727272727
M,F,5,No,Graduate Degree,Skilled Manual,1,0,1-2 Miles,North America,0,51-55,72.7272727272727
M,F,5,No,Graduate Degree,Skilled Manual,1,0,0-1 Miles,North America,0,46-50,72.7272727272727
S,F,4,No,Graduate Degree,Skilled Manual,1,0,1-2 Miles,North America,0,41-45,45.4545454545455
M,M,4,No,Graduate Degree,Skilled Manual,1,0,1-2 Miles,North America,0,41-45,45.4545454545455
S,M,4,Si,High School,Skilled Manual,0,2,0-1 Miles,North America,0,29-34,27.2727272727273
M,F,0,No,Graduate Degree,Skilled Manual,1,0,0-1 Miles,North America,0,35-40,45.4545454545455
M,F,0,No,Graduate Degree,Skilled Manual,1,0,0-1 Miles,North America,0,35-40,45.4545454545455
M,F,0,No,Graduate Degree,Skilled Manual,1,0,0-1 Miles,North America,0,35-40,27.2727272727273
M,F,1,No,Graduate Degree,Skilled Manual,1,0,1-2 Miles,North America,0,29-34,27.2727272727273
M,M,1,No,Graduate Degree,Skilled Manual,1,0,1-2 Miles,North America,0,35-40,27.2727272727273
M,F,1,No,Graduate Degree,Skilled Manual,1,0,1-2 Miles,North America,1,35-40,27.2727272727273
M,F,1,No,Graduate Degree,Skilled Manual,1,0,1-2 Miles,North America,0,35-40,27.2727272727273
M,M,1,No,Graduate Degree,Skilled Manual,1,0,1-2 Miles,North America,0,35-40,27.2727272727273
M,M,1,No,Graduate Degree,Skilled Manual,1,0,1-2 Miles,North America,0,29-34,27.2727272727273
M,M,1,No,Graduate Degree,Skilled Manual,1,0,1-2 Miles,North America,0,29-34,27.2727272727273
M,M,1,No,Graduate Degree,Skilled Manual,1,0,0-1 Miles,North America,0,29-34,45.4545454545455
M,M,1,No,Graduate Degree,Skilled Manual,1,0,1-2 Miles,North America,0,35-40,45.4545454545455
M,F,1,No,Graduate Degree,Manual,1,0,0-1 Miles,Europe,0,35-40,9.09090909090909
M,F,1,No,Graduate Degree,Manual,1,0,0-1 Miles,Europe,0,35-40,9.09090909090909
M,M,1,No,Bachelors,Manual,1,0,0-1 Miles,Europe,0,46-50,9.09090909090909
M,F,1,No,Bachelors,Manual,1,0,0-1 Miles,Europe,0,46-50,9.09090909090909
M,M,1,No,Graduate Degree,Clerical,1,0,0-1 Miles,Europe,0,46-50,9.09090909090909
M,F,2,No,Partial College,Manual,1,0,1-2 Miles,Europe,0,51-55,9.09090909090909
S,F,1,No,Bachelors,Clerical,1,0,0-1 Miles,Europe,1,46-50,9.09090909090909
S,M,1,No,Bachelors,Clerical,1,0,0-1 Miles,Europe,1,51-55,9.09090909090909
S,M,2,No,Partial College,Manual,1,1,0-1 Miles,Europe,1,51-55,9.09090909090909
M,F,1,No,Bachelors,Clerical,1,0,0-1 Miles,Europe,1,46-50,9.09090909090909
M,F,2,No,Partial College,Manual,1,1,0-1 Miles,Europe,1,46-50,9.09090909090909
M,M,2,No,Partial College,Manual,1,1,0-1 Miles,Europe,1,35-40,9.09090909090909
M,F,1,No,Bachelors,Clerical,1,0,0-1 Miles,Europe,0,65+,9.09090909090909
S,F,1,No,Bachelors,Clerical,1,0,0-1 Miles,Europe,1,65+,9.09090909090909
M,F,1,No,Bachelors,Clerical,1,0,0-1 Miles,Europe,0,65+,9.09090909090909
M,F,1,No,Bachelors,Clerical,1,0,0-1 Miles,Europe,0,65+,18.1818181818182
M,F,1,No,Bachelors,Clerical,1,0,0-1 Miles,Europe,1,65+,18.1818181818182
S,M,0,No,Partial College,Manual,0,1,0-1 Miles,Pacific,1,29-34,9.09090909090909
M,M,0,No,Partial College,Manual,0,1,0-1 Miles,Pacific,0,29-34,9.09090909090909
M,M,0,No,Partial College,Manual,0,1,0-1 Miles,Pacific,0,29-34,9.09090909090909
M,M,0,No,Partial College,Manual,1,1,2-5 Miles,Pacific,0,29-34,9.09090909090909
M,F,0,No,Partial College,Manual,0,1,0-1 Miles,Pacific,0,29-34,9.09090909090909
S,F,0,No,High School,Manual,0,2,0-1 Miles,Pacific,1,29-34,9.09090909090909
M,M,0,No,Bachelors,Clerical,1,0,0-1 Miles,Pacific,1,29-34,9.09090909090909
M,M,0,No,Bachelors,Clerical,1,0,0-1 Miles,Pacific,1,29-34,9.09090909090909
M,M,1,No,Partial College,Manual,1,0,0-1 Miles,Europe,0,65+,9.09090909090909
M,F,2,No,Partial College,Manual,1,0,0-1 Miles,Europe,0,65+,9.09090909090909
M,F,2,No,Partial College,Manual,1,1,0-1 Miles,Europe,1,65+,9.09090909090909
M,M,1,Si,Partial College,Manual,1,0,1-2 Miles,Europe,0,41-45,9.09090909090909
S,M,1,Si,Partial College,Manual,0,0,0-1 Miles,Europe,1,41-45,9.09090909090909
M,M,1,Si,High School,Manual,1,1,2-5 Miles,Europe,0,46-50,9.09090909090909
S,M,1,Si,Partial College,Manual,0,0,0-1 Miles,Europe,1,46-50,9.09090909090909
S,M,1,Si,Partial College,Manual,0,0,1-2 Miles,Europe,0,46-50,9.09090909090909
M,M,2,No,Partial College,Manual,1,1,0-1 Miles,Europe,1,46-50,9.09090909090909
S,F,2,No,Partial College,Manual,1,1,2-5 Miles,Europe,0,46-50,9.09090909090909
M,F,1,No,Graduate Degree,Clerical,1,0,0-1 Miles,Europe,1,35-40,18.1818181818182
M,M,1,No,Graduate Degree,Clerical,1,0,0-1 Miles,Europe,1,51-55,18.1818181818182
M,F,1,No,Graduate Degree,Clerical,1,0,0-1 Miles,Europe,1,46-50,18.1818181818182
M,F,3,No,Bachelors,Clerical,1,0,0-1 Miles,Europe,1,41-45,18.1818181818182
M,F,3,No,Bachelors,Clerical,1,0,0-1 Miles,Europe,1,46-50,18.1818181818182
M,M,3,No,Bachelors,Clerical,1,0,0-1 Miles,Europe,1,41-45,18.1818181818182
M,F,3,No,Bachelors,Clerical,1,0,0-1 Miles,Europe,1,46-50,18.1818181818182
M,M,3,No,Bachelors,Clerical,1,0,0-1 Miles,Europe,1,41-45,18.1818181818182
S,M,1,No,Bachelors,Clerical,1,0,0-1 Miles,Europe,1,35-40,18.1818181818182
S,F,2,Si,High School,Manual,1,0,0-1 Miles,Europe,0,29-34,9.09090909090909
M,M,0,No,Bachelors,Clerical,1,0,0-1 Miles,Europe,1,29-34,18.1818181818182
M,F,0,No,Bachelors,Clerical,1,0,0-1 Miles,Europe,1,35-40,18.1818181818182
M,M,0,No,Bachelors,Clerical,1,0,0-1 Miles,Europe,1,35-40,18.1818181818182
S,F,2,Si,High School,Manual,1,1,0-1 Miles,Europe,1,35-40,9.09090909090909
S,M,0,No,Partial College,Manual,0,1,2-5 Miles,Europe,1,41-45,9.09090909090909
S,M,0,No,Bachelors,Clerical,1,0,0-1 Miles,Europe,1,35-40,18.1818181818182
S,F,0,No,Graduate Degree,Skilled Manual,1,0,0-1 Miles,Europe,1,29-34,45.4545454545455
M,F,0,No,Graduate Degree,Skilled Manual,1,0,0-1 Miles,Europe,1,29-34,45.4545454545455
M,M,3,No,Partial College,Manual,0,2,0-1 Miles,Europe,0,56-65,9.09090909090909
M,F,2,No,Partial College,Manual,1,1,2-5 Miles,Europe,1,56-65,9.09090909090909
S,M,3,No,Partial College,Manual,1,2,0-1 Miles,Europe,1,51-55,9.09090909090909
M,M,3,No,High School,Manual,0,2,0-1 Miles,Europe,0,56-65,9.09090909090909
S,F,2,Si,High School,Manual,1,2,0-1 Miles,Europe,0,56-65,9.09090909090909
S,F,2,Si,High School,Manual,1,1,0-1 Miles,Europe,1,41-45,9.09090909090909
M,F,3,Si,High School,Manual,0,0,0-1 Miles,Europe,0,41-45,9.09090909090909
M,M,1,Si,Partial College,Manual,1,0,2-5 Miles,Europe,0,41-45,9.09090909090909
M,F,1,No,Bachelors,Clerical,1,0,0-1 Miles,Europe,1,41-45,18.1818181818182
M,M,1,Si,Bachelors,Clerical,1,0,2-5 Miles,Europe,1,41-45,18.1818181818182
M,F,0,No,Graduate Degree,Clerical,1,0,0-1 Miles,Europe,1,35-40,27.2727272727273
M,F,0,No,Graduate Degree,Clerical,1,0,0-1 Miles,Europe,1,41-45,27.2727272727273
M,F,0,No,Bachelors,Clerical,1,0,0-1 Miles,Europe,1,41-45,27.2727272727273
S,M,3,Si,High School,Manual,1,1,0-1 Miles,Europe,1,41-45,9.09090909090909
S,M,3,Si,Partial High School,Manual,1,1,0-1 Miles,Europe,1,35-40,9.09090909090909
S,M,1,Si,Partial College,Manual,0,1,0-1 Miles,Europe,1,41-45,9.09090909090909
M,M,1,Si,Partial College,Manual,1,1,2-5 Miles,Europe,1,35-40,9.09090909090909
S,F,1,Si,Partial College,Manual,0,1,2-5 Miles,Europe,0,35-40,9.09090909090909
S,M,1,Si,Bachelors,Clerical,0,0,0-1 Miles,Europe,1,41-45,18.1818181818182
S,M,1,Si,Bachelors,Clerical,0,1,0-1 Miles,Europe,1,35-40,18.1818181818182
S,F,1,Si,High School,Manual,0,1,1-2 Miles,Europe,1,41-45,9.09090909090909
M,M,1,Si,High School,Manual,1,1,2-5 Miles,Europe,1,35-40,9.09090909090909
S,M,1,Si,High School,Manual,0,1,1-2 Miles,Europe,1,35-40,9.09090909090909
M,M,0,No,Bachelors,Clerical,1,0,0-1 Miles,Europe,1,29-34,27.2727272727273
M,F,0,No,Bachelors,Clerical,1,0,0-1 Miles,Europe,1,41-45,27.2727272727273
M,F,0,No,Bachelors,Clerical,1,0,0-1 Miles,Europe,1,41-45,27.2727272727273
M,M,1,Si,Bachelors,Clerical,1,1,2-5 Miles,Europe,1,29-34,18.1818181818182
M,F,1,Si,Bachelors,Skilled Manual,1,2,0-1 Miles,Europe,0,41-45,18.1818181818182
S,M,4,Si,Partial High School,Manual,1,2,0-1 Miles,Europe,0,41-45,9.09090909090909
S,F,2,Si,High School,Manual,1,0,0-1 Miles,Europe,1,41-45,9.09090909090909
S,M,2,Si,High School,Manual,1,1,0-1 Miles,Europe,0,41-45,9.09090909090909
S,M,2,Si,High School,Manual,1,1,0-1 Miles,Europe,0,35-40,9.09090909090909
M,M,1,Si,Bachelors,Skilled Manual,1,2,0-1 Miles,Europe,0,35-40,18.1818181818182
M,F,1,Si,Bachelors,Skilled Manual,1,2,0-1 Miles,Europe,0,41-45,18.1818181818182
S,F,3,Si,Partial High School,Manual,1,2,0-1 Miles,Europe,0,35-40,9.09090909090909
S,M,3,Si,High School,Manual,1,0,0-1 Miles,Europe,1,41-45,9.09090909090909
S,M,3,Si,High School,Manual,1,0,0-1 Miles,Europe,1,46-50,9.09090909090909
S,F,3,Si,High School,Manual,1,0,0-1 Miles,Europe,1,35-40,9.09090909090909
M,F,0,No,Bachelors,Professional,0,0,0-1 Miles,Europe,1,41-45,27.2727272727273
M,M,0,No,Bachelors,Professional,1,0,0-1 Miles,Europe,1,41-45,27.2727272727273
M,F,0,No,Bachelors,Professional,1,0,0-1 Miles,Europe,1,41-45,27.2727272727273
M,M,0,No,Bachelors,Professional,1,0,0-1 Miles,Europe,1,41-45,27.2727272727273
S,F,2,Si,Partial College,Clerical,1,0,0-1 Miles,Europe,0,41-45,18.1818181818182
S,M,2,Si,Partial College,Clerical,1,0,0-1 Miles,Europe,1,46-50,18.1818181818182
S,F,2,Si,Partial College,Clerical,1,0,0-1 Miles,Europe,0,35-40,18.1818181818182
M,F,2,Si,Partial College,Clerical,0,1,0-1 Miles,Europe,0,35-40,18.1818181818182
M,F,1,No,Bachelors,Skilled Manual,1,0,0-1 Miles,Europe,0,35-40,27.2727272727273
M,M,1,No,Bachelors,Skilled Manual,1,0,0-1 Miles,Europe,0,41-45,27.2727272727273
M,F,1,No,Bachelors,Skilled Manual,1,0,0-1 Miles,Europe,0,41-45,27.2727272727273
S,M,2,Si,Partial College,Clerical,1,2,0-1 Miles,Europe,0,35-40,18.1818181818182
M,F,1,No,Bachelors,Skilled Manual,1,0,0-1 Miles,Europe,0,35-40,27.2727272727273
S,M,2,Si,Partial College,Clerical,1,2,0-1 Miles,Europe,0,46-50,18.1818181818182
S,M,2,Si,Partial College,Clerical,1,2,0-1 Miles,Europe,0,46-50,18.1818181818182
S,F,3,Si,Partial College,Clerical,1,0,0-1 Miles,Europe,1,41-45,18.1818181818182
S,F,0,No,High School,Manual,0,1,1-2 Miles,Europe,0,29-34,9.09090909090909
S,M,0,No,High School,Manual,0,1,2-5 Miles,Europe,0,29-34,9.09090909090909
M,M,4,Si,High School,Manual,0,1,0-1 Miles,Europe,0,29-34,9.09090909090909
S,M,3,Si,Partial College,Clerical,1,1,0-1 Miles,Europe,1,29-34,18.1818181818182
S,M,0,No,High School,Manual,1,1,2-5 Miles,Europe,0,29-34,9.09090909090909
M,M,1,No,Bachelors,Skilled Manual,1,0,0-1 Miles,Europe,1,46-50,27.2727272727273
M,F,1,No,Bachelors,Skilled Manual,1,0,0-1 Miles,Europe,1,46-50,27.2727272727273
M,F,1,No,Bachelors,Skilled Manual,1,0,0-1 Miles,Europe,1,46-50,27.2727272727273
M,M,1,No,Bachelors,Skilled Manual,1,0,0-1 Miles,Europe,1,41-45,27.2727272727273
S,F,1,No,Partial College,Clerical,1,1,2-5 Miles,Europe,0,46-50,18.1818181818182
M,M,1,No,Bachelors,Skilled Manual,1,0,0-1 Miles,Europe,1,41-45,27.2727272727273
M,M,1,No,Bachelors,Skilled Manual,1,1,0-1 Miles,Europe,1,46-50,27.2727272727273
M,F,1,No,Bachelors,Skilled Manual,1,1,0-1 Miles,Europe,1,46-50,27.2727272727273
S,M,3,Si,Partial College,Clerical,1,2,0-1 Miles,Europe,0,29-34,18.1818181818182
S,F,4,Si,Partial College,Clerical,1,1,0-1 Miles,Europe,0,29-34,18.1818181818182
S,M,4,Si,Partial College,Clerical,1,3,0-1 Miles,Europe,0,29-34,18.1818181818182
S,M,0,No,High School,Manual,0,1,2-5 Miles,Europe,0,29-34,9.09090909090909
S,M,0,No,Partial College,Clerical,0,1,2-5 Miles,Europe,0,29-34,18.1818181818182
S,F,0,No,High School,Manual,1,1,2-5 Miles,Europe,0,29-34,9.09090909090909
S,F,0,No,High School,Manual,0,1,2-5 Miles,Europe,0,29-34,9.09090909090909
S,F,0,No,High School,Manual,0,1,5-10 Miles,Europe,0,29-34,9.09090909090909
S,M,0,No,High School,Manual,0,1,1-2 Miles,Europe,0,29-34,9.09090909090909
S,F,0,No,High School,Manual,0,1,5-10 Miles,Europe,0,29-34,9.09090909090909
S,M,0,No,Partial College,Clerical,0,1,2-5 Miles,Europe,0,29-34,18.1818181818182
S,M,0,No,Partial College,Clerical,0,1,2-5 Miles,Europe,0,29-34,18.1818181818182
S,F,0,No,Partial High School,Manual,1,2,0-1 Miles,Europe,0,35-40,9.09090909090909
S,M,0,No,Partial College,Clerical,0,1,2-5 Miles,Europe,1,29-34,18.1818181818182
S,F,0,No,Partial College,Clerical,0,1,2-5 Miles,Europe,1,35-40,18.1818181818182
M,M,1,Si,Bachelors,Skilled Manual,1,0,1-2 Miles,Europe,1,29-34,27.2727272727273
S,M,0,No,Partial High School,Manual,0,2,1-2 Miles,Europe,0,35-40,9.09090909090909
S,M,0,No,Partial High School,Manual,0,2,1-2 Miles,Europe,0,35-40,9.09090909090909
S,F,0,No,Partial High School,Manual,0,2,1-2 Miles,Europe,0,29-34,9.09090909090909
S,M,0,No,Partial College,Clerical,0,1,2-5 Miles,Europe,1,35-40,18.1818181818182
M,F,0,No,Partial College,Clerical,0,1,0-1 Miles,Europe,1,35-40,18.1818181818182
S,M,0,No,Partial High School,Manual,0,2,0-1 Miles,Europe,0,29-34,9.09090909090909
S,M,0,No,Partial College,Clerical,0,1,2-5 Miles,Europe,0,29-34,18.1818181818182
S,M,0,No,Partial College,Clerical,0,1,1-2 Miles,Europe,0,29-34,18.1818181818182
S,M,0,No,High School,Manual,0,1,2-5 Miles,Europe,0,29-34,18.1818181818182
S,M,0,No,High School,Manual,0,1,2-5 Miles,Europe,0,29-34,18.1818181818182
M,M,4,Si,High School,Skilled Manual,0,2,0-1 Miles,North America,1,46-50,27.2727272727273
M,M,1,No,Partial College,Skilled Manual,1,1,2-5 Miles,North America,1,46-50,45.4545454545455
S,M,4,Si,High School,Skilled Manual,1,2,2-5 Miles,North America,1,46-50,27.2727272727273
S,F,4,Si,High School,Skilled Manual,1,4,2-5 Miles,North America,1,46-50,27.2727272727273
S,M,0,No,Bachelors,Professional,1,1,2-5 Miles,North America,0,41-45,27.2727272727273
S,M,0,No,Bachelors,Professional,1,1,2-5 Miles,North America,0,46-50,27.2727272727273
S,M,0,No,Bachelors,Professional,0,1,2-5 Miles,North America,0,46-50,27.2727272727273
S,M,0,No,Partial College,Skilled Manual,1,1,2-5 Miles,North America,1,41-45,45.4545454545455
S,M,0,No,Graduate Degree,Professional,0,1,0-1 Miles,North America,1,41-45,45.4545454545455
S,M,0,No,Graduate Degree,Professional,1,1,2-5 Miles,North America,1,41-45,45.4545454545455
S,F,0,No,Graduate Degree,Professional,0,1,2-5 Miles,North America,1,41-45,45.4545454545455
M,F,4,No,High School,Skilled Manual,1,2,2-5 Miles,North America,0,65+,9.09090909090909
M,F,1,No,Partial College,Skilled Manual,1,1,0-1 Miles,North America,1,41-45,45.4545454545455
M,F,1,No,Partial College,Skilled Manual,1,1,0-1 Miles,North America,1,41-45,45.4545454545455
M,F,1,No,Partial College,Skilled Manual,1,1,0-1 Miles,North America,1,46-50,45.4545454545455
M,F,1,No,Partial College,Skilled Manual,1,1,2-5 Miles,North America,1,46-50,45.4545454545455
M,F,1,No,Partial College,Skilled Manual,1,1,2-5 Miles,North America,1,46-50,45.4545454545455
M,F,1,No,Partial College,Skilled Manual,1,1,0-1 Miles,North America,1,51-55,45.4545454545455
M,F,4,Si,Bachelors,Professional,1,0,2-5 Miles,North America,0,46-50,45.4545454545455
M,M,1,No,Graduate Degree,Professional,1,0,0-1 Miles,North America,1,46-50,72.7272727272727
S,M,3,Si,Bachelors,Professional,0,1,0-1 Miles,North America,1,51-55,45.4545454545455
M,F,3,Si,Bachelors,Professional,1,1,2-5 Miles,North America,1,35-40,45.4545454545455
M,M,3,No,Bachelors,Clerical,1,0,0-1 Miles,Europe,1,41-45,18.1818181818182
M,F,3,No,Bachelors,Clerical,1,0,0-1 Miles,Europe,1,46-50,18.1818181818182
M,F,0,No,Bachelors,Clerical,1,0,0-1 Miles,Europe,1,46-50,18.1818181818182
S,M,3,No,Graduate Degree,Clerical,1,0,0-1 Miles,Europe,1,46-50,27.2727272727273
S,F,3,No,Graduate Degree,Clerical,1,0,0-1 Miles,Europe,1,35-40,27.2727272727273
S,M,3,No,Graduate Degree,Clerical,1,0,0-1 Miles,Europe,1,46-50,27.2727272727273
S,M,1,Si,High School,Manual,0,1,2-5 Miles,Europe,1,35-40,9.09090909090909
S,F,0,No,Partial College,Manual,0,1,2-5 Miles,Europe,1,35-40,9.09090909090909
S,F,0,No,Partial College,Manual,0,1,2-5 Miles,Europe,1,35-40,9.09090909090909
S,M,2,Si,High School,Manual,1,0,0-1 Miles,Europe,1,35-40,9.09090909090909
M,M,2,Si,High School,Manual,0,0,0-1 Miles,Europe,0,35-40,9.09090909090909
S,M,0,No,Bachelors,Clerical,1,0,0-1 Miles,Europe,1,35-40,18.1818181818182
S,M,0,No,Bachelors,Clerical,1,0,0-1 Miles,Europe,1,35-40,18.1818181818182
M,M,0,No,Bachelors,Clerical,1,0,0-1 Miles,Europe,1,29-34,18.1818181818182
S,M,0,No,Bachelors,Clerical,1,0,0-1 Miles,Europe,1,35-40,18.1818181818182
M,F,2,No,Bachelors,Clerical,1,1,2-5 Miles,Europe,0,65+,9.09090909090909
S,F,0,No,Partial College,Manual,0,1,2-5 Miles,Europe,0,35-40,9.09090909090909
S,M,0,No,Partial College,Manual,0,1,1-2 Miles,Europe,1,35-40,9.09090909090909
M,F,0,No,Bachelors,Clerical,1,0,0-1 Miles,Europe,1,35-40,18.1818181818182
S,M,0,No,Bachelors,Clerical,1,0,0-1 Miles,Europe,1,35-40,18.1818181818182
M,M,0,No,Bachelors,Clerical,0,0,0-1 Miles,Europe,1,35-40,18.1818181818182
M,M,1,No,Bachelors,Clerical,1,0,1-2 Miles,Europe,1,35-40,18.1818181818182
S,F,0,No,Graduate Degree,Clerical,1,0,0-1 Miles,Europe,1,35-40,27.2727272727273
M,F,0,No,Graduate Degree,Clerical,1,0,0-1 Miles,Europe,1,35-40,27.2727272727273
S,M,0,No,Graduate Degree,Clerical,1,0,0-1 Miles,Europe,1,41-45,27.2727272727273
M,F,0,No,Graduate Degree,Clerical,1,0,0-1 Miles,Europe,1,35-40,27.2727272727273
S,M,0,No,Graduate Degree,Clerical,1,0,0-1 Miles,Europe,1,41-45,27.2727272727273
S,M,0,No,Graduate Degree,Skilled Manual,1,0,0-1 Miles,Europe,1,29-34,45.4545454545455
M,M,2,No,Partial College,Manual,1,1,2-5 Miles,Europe,1,51-55,9.09090909090909
M,F,2,Si,High School,Manual,0,1,0-1 Miles,Europe,0,41-45,9.09090909090909
M,F,2,Si,High School,Manual,0,1,0-1 Miles,Europe,0,41-45,9.09090909090909
M,F,0,No,Graduate Degree,Clerical,1,0,0-1 Miles,Europe,1,41-45,27.2727272727273
M,F,0,No,Graduate Degree,Clerical,1,0,0-1 Miles,Europe,1,41-45,27.2727272727273
S,F,1,Si,Partial College,Manual,0,1,0-1 Miles,Europe,1,41-45,9.09090909090909
M,M,4,No,High School,Manual,0,2,0-1 Miles,Europe,0,65+,9.09090909090909
M,M,1,Si,Bachelors,Clerical,1,0,2-5 Miles,Europe,1,41-45,18.1818181818182
S,M,4,Si,Partial High School,Manual,1,0,0-1 Miles,Europe,1,41-45,9.09090909090909
M,M,0,No,Bachelors,Clerical,1,0,0-1 Miles,Europe,1,41-45,27.2727272727273
M,F,0,No,Bachelors,Clerical,1,0,0-1 Miles,Europe,1,35-40,27.2727272727273
M,M,0,No,Bachelors,Clerical,1,0,0-1 Miles,Europe,1,41-45,27.2727272727273
S,M,0,No,Bachelors,Clerical,1,0,0-1 Miles,Europe,1,41-45,27.2727272727273
M,M,2,No,High School,Manual,1,1,2-5 Miles,Europe,0,65+,9.09090909090909
S,F,1,No,Partial College,Manual,1,1,1-2 Miles,Europe,0,65+,18.1818181818182
M,M,1,Si,Bachelors,Skilled Manual,1,1,2-5 Miles,Europe,1,41-45,18.1818181818182
M,F,1,Si,Bachelors,Skilled Manual,1,1,0-1 Miles,Europe,1,41-45,18.1818181818182
M,M,1,Si,Bachelors,Skilled Manual,1,2,0-1 Miles,Europe,0,41-45,18.1818181818182
S,F,4,Si,Partial High School,Manual,1,2,0-1 Miles,Europe,0,41-45,9.09090909090909
S,F,2,Si,High School,Manual,1,2,0-1 Miles,Europe,0,35-40,9.09090909090909
M,F,1,Si,Bachelors,Skilled Manual,1,2,0-1 Miles,Europe,0,41-45,18.1818181818182
M,M,4,No,High School,Manual,0,2,0-1 Miles,Europe,0,65+,9.09090909090909
S,F,4,No,High School,Manual,1,2,0-1 Miles,Europe,0,65+,9.09090909090909
M,F,3,Si,Partial High School,Manual,0,2,0-1 Miles,Europe,0,46-50,9.09090909090909
S,F,3,Si,High School,Manual,1,0,0-1 Miles,Europe,1,41-45,9.09090909090909
S,M,3,Si,Partial High School,Manual,1,2,0-1 Miles,Europe,0,41-45,9.09090909090909
S,F,3,Si,Partial High School,Manual,1,2,0-1 Miles,Europe,0,46-50,9.09090909090909
S,F,3,Si,High School,Manual,1,1,0-1 Miles,Europe,0,41-45,9.09090909090909
S,M,3,Si,High School,Manual,1,1,0-1 Miles,Europe,1,46-50,9.09090909090909
S,F,3,Si,High School,Manual,1,3,0-1 Miles,Europe,1,41-45,9.09090909090909
S,M,3,Si,High School,Manual,1,4,0-1 Miles,Europe,1,41-45,9.09090909090909
S,F,0,No,Bachelors,Professional,1,0,0-1 Miles,Europe,1,41-45,27.2727272727273
M,F,0,No,Bachelors,Professional,0,0,0-1 Miles,Europe,1,41-45,27.2727272727273
M,F,0,No,Bachelors,Professional,1,0,0-1 Miles,Europe,1,35-40,27.2727272727273
M,M,0,No,Bachelors,Professional,1,0,0-1 Miles,Europe,1,41-45,27.2727272727273
M,F,0,No,Graduate Degree,Skilled Manual,1,0,0-1 Miles,Europe,0,41-45,45.4545454545455
S,F,4,Si,High School,Manual,1,1,0-1 Miles,Europe,1,41-45,9.09090909090909
M,F,1,No,Partial College,Clerical,1,1,0-1 Miles,Europe,1,41-45,18.1818181818182
M,M,1,No,Partial College,Clerical,1,1,2-5 Miles,Europe,0,41-45,18.1818181818182
M,M,1,No,Partial College,Clerical,1,1,0-1 Miles,Europe,1,46-50,18.1818181818182
M,F,1,No,Graduate Degree,Skilled Manual,1,0,0-1 Miles,Europe,0,65+,45.4545454545455
M,M,2,Si,Partial College,Clerical,0,1,0-1 Miles,Europe,0,41-45,18.1818181818182
S,M,2,Si,Partial College,Clerical,1,1,0-1 Miles,Europe,0,41-45,18.1818181818182
M,F,1,No,Bachelors,Skilled Manual,1,0,0-1 Miles,Europe,0,41-45,27.2727272727273
M,M,2,Si,Partial College,Clerical,0,2,0-1 Miles,Europe,0,41-45,18.1818181818182
S,F,2,Si,Partial College,Clerical,1,2,0-1 Miles,Europe,0,41-45,18.1818181818182
S,F,2,Si,Partial College,Clerical,1,2,0-1 Miles,Europe,0,46-50,18.1818181818182
S,F,2,Si,Partial College,Clerical,1,2,0-1 Miles,Europe,0,41-45,18.1818181818182
S,M,2,Si,Partial College,Clerical,1,2,0-1 Miles,Europe,0,29-34,18.1818181818182
S,M,2,Si,Partial College,Clerical,1,2,0-1 Miles,Europe,0,35-40,18.1818181818182
M,F,1,No,Bachelors,Skilled Manual,1,0,0-1 Miles,Europe,1,41-45,27.2727272727273
S,M,4,Si,High School,Manual,1,2,0-1 Miles,Europe,0,29-34,9.09090909090909
S,M,4,Si,High School,Manual,1,2,0-1 Miles,Europe,0,29-34,9.09090909090909
S,M,3,Si,Partial College,Clerical,1,1,0-1 Miles,Europe,1,29-34,18.1818181818182
S,M,3,Si,Partial College,Clerical,1,2,0-1 Miles,Europe,0,29-34,18.1818181818182
S,F,3,Si,Partial College,Clerical,1,2,0-1 Miles,Europe,0,29-34,18.1818181818182
M,M,1,No,Bachelors,Skilled Manual,1,0,0-1 Miles,Europe,1,46-50,27.2727272727273
M,M,1,No,Bachelors,Skilled Manual,1,0,0-1 Miles,Europe,1,41-45,27.2727272727273
M,F,1,No,Partial College,Clerical,1,1,0-1 Miles,Europe,1,41-45,18.1818181818182
M,F,1,No,Bachelors,Skilled Manual,1,0,0-1 Miles,Europe,1,41-45,27.2727272727273
M,F,1,No,Bachelors,Skilled Manual,1,0,0-1 Miles,Europe,1,46-50,27.2727272727273
M,M,1,No,Bachelors,Skilled Manual,1,1,0-1 Miles,Europe,1,46-50,27.2727272727273
S,M,4,Si,Partial College,Clerical,1,2,0-1 Miles,Europe,0,29-34,18.1818181818182
S,F,4,Si,Partial College,Clerical,1,3,0-1 Miles,Europe,1,29-34,18.1818181818182
S,M,5,Si,Partial College,Clerical,1,3,0-1 Miles,Europe,0,29-34,18.1818181818182
M,M,0,No,Partial High School,Manual,0,2,0-1 Miles,Europe,0,29-34,9.09090909090909
S,F,0,No,Partial College,Clerical,0,1,2-5 Miles,Europe,0,29-34,18.1818181818182
S,F,0,No,Partial College,Clerical,0,1,0-1 Miles,Europe,1,29-34,18.1818181818182
S,M,0,No,Partial College,Clerical,0,1,0-1 Miles,Europe,1,29-34,18.1818181818182
M,M,0,No,Partial College,Clerical,0,1,0-1 Miles,Europe,0,29-34,18.1818181818182
M,M,0,No,Partial High School,Manual,1,2,0-1 Miles,Europe,0,29-34,9.09090909090909
S,F,0,No,Partial High School,Manual,0,2,1-2 Miles,Europe,0,29-34,9.09090909090909
S,F,0,No,Partial College,Clerical,1,1,2-5 Miles,Europe,0,29-34,18.1818181818182
S,F,0,No,Partial College,Clerical,0,1,0-1 Miles,Europe,0,35-40,18.1818181818182
S,M,0,No,Partial College,Clerical,0,1,2-5 Miles,Europe,1,29-34,18.1818181818182
S,M,0,No,Partial College,Clerical,0,1,2-5 Miles,Europe,1,35-40,18.1818181818182
S,F,0,No,Partial High School,Manual,1,2,1-2 Miles,Europe,0,35-40,9.09090909090909
M,F,0,No,Partial High School,Manual,0,2,0-1 Miles,Europe,0,29-34,9.09090909090909
S,F,0,No,Partial High School,Manual,0,2,0-1 Miles,Europe,0,35-40,9.09090909090909
M,M,0,No,Partial High School,Manual,0,2,0-1 Miles,Europe,0,29-34,9.09090909090909
S,F,0,No,High School,Manual,0,1,2-5 Miles,Europe,0,29-34,18.1818181818182
S,F,0,No,High School,Manual,0,1,1-2 Miles,Europe,0,29-34,18.1818181818182
S,F,0,No,Bachelors,Professional,0,1,2-5 Miles,North America,0,46-50,27.2727272727273
S,F,0,No,Partial College,Skilled Manual,0,1,2-5 Miles,North America,1,41-45,45.4545454545455
S,M,0,No,Partial College,Skilled Manual,0,1,2-5 Miles,North America,1,35-40,45.4545454545455
S,F,0,No,Partial College,Skilled Manual,0,1,0-1 Miles,North America,0,41-45,45.4545454545455
S,F,0,No,Graduate Degree,Professional,0,1,2-5 Miles,North America,1,35-40,45.4545454545455
S,F,0,No,Graduate Degree,Professional,1,1,2-5 Miles,North America,1,41-45,45.4545454545455
S,M,0,No,Graduate Degree,Professional,0,1,2-5 Miles,North America,1,41-45,45.4545454545455
S,F,0,No,Graduate Degree,Professional,1,1,2-5 Miles,North America,1,41-45,45.4545454545455
S,F,0,No,Graduate Degree,Professional,0,1,0-1 Miles,North America,1,41-45,45.4545454545455
S,M,0,No,Graduate Degree,Professional,1,1,2-5 Miles,North America,1,41-45,45.4545454545455
S,M,0,No,Graduate Degree,Professional,0,1,2-5 Miles,North America,1,41-45,45.4545454545455
M,F,1,No,Partial College,Skilled Manual,1,1,2-5 Miles,North America,1,46-50,45.4545454545455
M,F,1,No,Partial College,Skilled Manual,1,1,2-5 Miles,North America,1,41-45,45.4545454545455
M,M,1,No,Partial College,Skilled Manual,0,1,0-1 Miles,North America,1,46-50,45.4545454545455
M,F,1,No,Partial College,Skilled Manual,1,1,2-5 Miles,North America,1,46-50,45.4545454545455
M,F,4,Si,Bachelors,Professional,1,0,2-5 Miles,North America,0,46-50,45.4545454545455
M,F,4,Si,Bachelors,Professional,0,1,0-1 Miles,North America,0,51-55,45.4545454545455
M,M,1,No,Graduate Degree,Professional,1,1,2-5 Miles,North America,1,46-50,63.6363636363636
M,M,5,Si,Graduate Degree,Professional,0,3,10+ Miles,North America,0,46-50,63.6363636363636
M,F,5,Si,Graduate Degree,Professional,1,3,10+ Miles,North America,0,51-55,63.6363636363636
S,M,1,No,Bachelors,Professional,1,1,2-5 Miles,North America,1,29-34,45.4545454545455
S,M,1,No,Bachelors,Professional,1,1,2-5 Miles,North America,1,51-55,45.4545454545455
M,F,1,No,Bachelors,Professional,1,1,2-5 Miles,North America,1,41-45,45.4545454545455
M,F,1,No,Bachelors,Professional,1,1,0-1 Miles,North America,1,51-55,45.4545454545455
M,M,1,No,Bachelors,Professional,1,1,2-5 Miles,North America,1,51-55,45.4545454545455
M,M,1,No,Bachelors,Professional,1,1,2-5 Miles,North America,1,41-45,45.4545454545455
M,M,5,Si,Graduate Degree,Professional,1,0,0-1 Miles,North America,0,46-50,63.6363636363636
M,F,5,Si,Graduate Degree,Professional,0,2,0-1 Miles,North America,0,46-50,63.6363636363636
M,F,5,Si,Graduate Degree,Professional,1,2,2-5 Miles,North America,0,51-55,63.6363636363636
S,M,5,Si,Bachelors,Professional,1,2,2-5 Miles,North America,0,41-45,63.6363636363636
M,M,1,No,Graduate Degree,Management,0,0,0-1 Miles,Pacific,1,41-45,81.8181818181818
M,F,1,No,Graduate Degree,Management,1,0,0-1 Miles,Pacific,1,35-40,81.8181818181818
S,F,2,Si,Bachelors,Professional,0,1,0-1 Miles,Pacific,1,41-45,45.4545454545455
M,F,4,Si,Graduate Degree,Management,1,1,0-1 Miles,Pacific,1,35-40,72.7272727272727
M,M,5,Si,Graduate Degree,Management,1,2,0-1 Miles,Pacific,1,29-34,72.7272727272727
M,M,2,No,Bachelors,Professional,1,0,2-5 Miles,Pacific,1,29-34,81.8181818181818
M,M,2,No,Bachelors,Professional,1,0,2-5 Miles,Pacific,1,35-40,81.8181818181818
S,F,2,Si,Bachelors,Professional,1,1,2-5 Miles,Pacific,1,41-45,45.4545454545455
M,F,2,Si,Bachelors,Professional,1,1,2-5 Miles,Pacific,1,41-45,45.4545454545455
M,M,2,Si,Bachelors,Professional,1,1,0-1 Miles,Pacific,1,35-40,45.4545454545455
M,F,2,Si,Bachelors,Professional,1,1,0-1 Miles,Pacific,1,29-34,45.4545454545455
S,M,5,Si,Bachelors,Professional,1,3,10+ Miles,Pacific,0,41-45,63.6363636363636
M,F,5,Si,Bachelors,Professional,0,3,10+ Miles,Pacific,0,41-45,63.6363636363636
M,F,1,No,Graduate Degree,Management,0,1,2-5 Miles,Pacific,1,35-40,90.9090909090909
M,F,5,Si,Bachelors,Professional,1,4,10+ Miles,Pacific,0,35-40,63.6363636363636
M,F,5,Si,Graduate Degree,Management,1,3,0-1 Miles,Pacific,0,41-45,72.7272727272727
S,F,5,Si,Graduate Degree,Management,1,3,0-1 Miles,Pacific,0,35-40,72.7272727272727
M,F,5,Si,Graduate Degree,Management,1,3,0-1 Miles,Pacific,0,35-40,72.7272727272727
M,F,5,Si,Graduate Degree,Management,0,3,0-1 Miles,Pacific,0,35-40,72.7272727272727
S,F,5,Si,Graduate Degree,Management,1,3,0-1 Miles,Pacific,0,41-45,72.7272727272727
S,M,5,Si,Bachelors,Professional,1,3,0-1 Miles,Pacific,0,29-34,72.7272727272727
S,F,0,No,Bachelors,Professional,1,0,0-1 Miles,Pacific,1,41-45,81.8181818181818
M,M,0,No,Bachelors,Professional,1,0,0-1 Miles,Pacific,1,35-40,81.8181818181818
M,M,3,Si,Bachelors,Professional,1,1,2-5 Miles,Pacific,0,41-45,45.4545454545455
M,F,3,Si,Bachelors,Professional,1,1,2-5 Miles,Pacific,0,41-45,45.4545454545455
M,M,3,Si,Bachelors,Professional,1,2,5-10 Miles,Pacific,0,41-45,45.4545454545455
M,M,5,Si,Bachelors,Professional,1,4,10+ Miles,Pacific,0,41-45,63.6363636363636
S,F,5,Si,Bachelors,Professional,1,4,10+ Miles,Pacific,0,41-45,63.6363636363636
M,M,5,Si,Bachelors,Professional,1,4,10+ Miles,Pacific,0,41-45,63.6363636363636
S,M,0,No,Bachelors,Professional,0,1,5-10 Miles,Pacific,0,35-40,63.6363636363636
S,F,0,No,Bachelors,Professional,0,1,5-10 Miles,Pacific,0,41-45,63.6363636363636
S,M,0,No,Bachelors,Professional,1,1,5-10 Miles,Pacific,1,41-45,63.6363636363636
M,F,5,Si,Bachelors,Professional,1,4,0-1 Miles,Pacific,0,41-45,72.7272727272727
M,M,5,Si,Bachelors,Professional,1,4,1-2 Miles,Pacific,1,41-45,72.7272727272727
M,M,3,Si,Bachelors,Professional,1,2,5-10 Miles,Pacific,0,41-45,45.4545454545455
M,M,4,Si,Bachelors,Professional,1,3,10+ Miles,Pacific,0,35-40,45.4545454545455
S,M,0,No,Bachelors,Professional,0,1,5-10 Miles,Pacific,0,46-50,63.6363636363636
S,F,3,Si,Bachelors,Professional,0,2,0-1 Miles,Pacific,1,41-45,45.4545454545455
S,F,3,Si,Bachelors,Professional,0,2,0-1 Miles,Pacific,1,46-50,45.4545454545455
S,F,0,No,Bachelors,Professional,0,1,0-1 Miles,Pacific,1,46-50,63.6363636363636
S,M,0,No,Bachelors,Professional,0,1,0-1 Miles,Pacific,1,46-50,63.6363636363636
S,M,0,No,Bachelors,Professional,0,1,0-1 Miles,Pacific,1,41-45,63.6363636363636
M,M,4,Si,Bachelors,Professional,1,0,0-1 Miles,Pacific,0,29-34,81.8181818181818
M,F,1,No,Bachelors,Professional,1,1,5-10 Miles,Pacific,1,41-45,45.4545454545455
M,M,1,No,Partial College,Skilled Manual,0,1,0-1 Miles,Pacific,1,41-45,45.4545454545455
M,F,1,No,Partial College,Skilled Manual,1,1,5-10 Miles,Pacific,0,46-50,45.4545454545455
M,M,1,No,Partial College,Skilled Manual,1,1,0-1 Miles,Pacific,1,46-50,45.4545454545455
S,M,0,No,Bachelors,Professional,1,1,2-5 Miles,Pacific,1,41-45,81.8181818181818
S,F,0,No,Bachelors,Professional,0,1,5-10 Miles,Pacific,0,41-45,81.8181818181818
S,F,0,No,Graduate Degree,Management,0,1,5-10 Miles,Pacific,0,41-45,90.9090909090909
M,M,1,No,Partial College,Skilled Manual,1,1,0-1 Miles,Pacific,1,41-45,45.4545454545455
S,M,3,No,High School,Skilled Manual,1,2,5-10 Miles,Pacific,0,65+,9.09090909090909
S,M,0,No,Bachelors,Professional,1,1,5-10 Miles,Pacific,1,41-45,63.6363636363636
M,M,5,Si,Bachelors,Professional,1,4,1-2 Miles,Pacific,0,29-34,72.7272727272727
S,F,0,No,Bachelors,Professional,0,1,0-1 Miles,Pacific,1,41-45,63.6363636363636
M,F,1,No,Bachelors,Professional,1,1,5-10 Miles,Pacific,0,41-45,81.8181818181818
S,F,0,No,Bachelors,Professional,0,1,0-1 Miles,Pacific,1,46-50,63.6363636363636
S,M,0,No,Bachelors,Professional,0,1,0-1 Miles,Pacific,1,41-45,63.6363636363636
S,M,0,No,Bachelors,Professional,0,2,5-10 Miles,Pacific,1,35-40,63.6363636363636
S,M,0,No,Bachelors,Professional,0,2,0-1 Miles,Pacific,1,46-50,63.6363636363636
S,M,1,No,Partial College,Skilled Manual,1,1,5-10 Miles,Pacific,1,41-45,45.4545454545455
M,F,1,No,Partial College,Skilled Manual,1,1,0-1 Miles,Pacific,1,46-50,45.4545454545455
M,M,5,Si,Bachelors,Professional,1,2,5-10 Miles,Pacific,0,41-45,63.6363636363636
M,M,5,Si,Partial College,Skilled Manual,1,2,0-1 Miles,Pacific,0,46-50,63.6363636363636
M,M,5,Si,Partial College,Skilled Manual,1,2,5-10 Miles,Pacific,0,46-50,63.6363636363636
S,M,1,No,Partial College,Skilled Manual,1,1,5-10 Miles,Pacific,1,41-45,45.4545454545455
M,F,5,Si,Bachelors,Professional,1,1,0-1 Miles,Pacific,1,51-55,72.7272727272727
M,M,2,No,Bachelors,Professional,1,1,5-10 Miles,Pacific,0,51-55,81.8181818181818
M,F,4,No,Bachelors,Management,1,2,0-1 Miles,Pacific,0,51-55,81.8181818181818
M,M,1,No,Partial College,Skilled Manual,1,1,5-10 Miles,Pacific,0,51-55,63.6363636363636
S,M,1,No,Partial College,Skilled Manual,1,1,5-10 Miles,Pacific,0,41-45,63.6363636363636
M,M,5,Si,Partial College,Skilled Manual,1,3,5-10 Miles,Pacific,0,41-45,63.6363636363636
M,F,5,Si,Partial College,Skilled Manual,1,3,10+ Miles,Pacific,0,46-50,63.6363636363636
S,F,1,No,Partial College,Skilled Manual,0,1,0-1 Miles,Pacific,1,51-55,63.6363636363636
M,F,1,No,Partial College,Skilled Manual,1,1,5-10 Miles,Pacific,0,51-55,63.6363636363636
M,F,1,No,Partial College,Skilled Manual,1,1,5-10 Miles,Pacific,0,51-55,72.7272727272727
M,M,2,No,Bachelors,Management,1,1,0-1 Miles,Pacific,1,51-55,27.2727272727273
S,M,2,Si,High School,Skilled Manual,1,2,5-10 Miles,Pacific,0,56-65,9.09090909090909
S,F,0,No,High School,Skilled Manual,1,2,5-10 Miles,North America,0,29-34,18.1818181818182
M,M,0,No,High School,Skilled Manual,1,1,5-10 Miles,North America,0,29-34,27.2727272727273
S,F,0,No,High School,Skilled Manual,1,2,5-10 Miles,North America,0,29-34,27.2727272727273
M,F,0,No,High School,Skilled Manual,1,2,5-10 Miles,North America,0,29-34,27.2727272727273
S,M,0,No,High School,Skilled Manual,0,2,0-1 Miles,North America,0,29-34,27.2727272727273
M,F,0,No,High School,Skilled Manual,0,2,0-1 Miles,North America,0,29-34,18.1818181818182
S,M,0,No,High School,Skilled Manual,1,2,5-10 Miles,North America,0,29-34,18.1818181818182
M,M,0,No,High School,Skilled Manual,1,2,5-10 Miles,North America,0,29-34,18.1818181818182
S,M,0,No,Partial High School,Clerical,0,2,5-10 Miles,North America,0,29-34,18.1818181818182
S,F,0,No,Partial High School,Clerical,0,2,5-10 Miles,North America,0,29-34,18.1818181818182
M,F,0,No,High School,Skilled Manual,1,2,5-10 Miles,North America,0,29-34,27.2727272727273
S,F,0,No,Partial High School,Clerical,1,2,5-10 Miles,North America,0,29-34,18.1818181818182
M,M,0,No,High School,Skilled Manual,0,2,0-1 Miles,North America,0,29-34,27.2727272727273
S,M,0,No,Partial High School,Clerical,0,2,5-10 Miles,North America,0,29-34,18.1818181818182
S,F,0,No,Partial High School,Clerical,0,2,5-10 Miles,North America,0,29-34,18.1818181818182
S,F,0,No,Partial High School,Clerical,1,2,5-10 Miles,North America,0,29-34,18.1818181818182
S,F,0,No,High School,Skilled Manual,1,2,5-10 Miles,North America,0,29-34,27.2727272727273
M,F,2,No,Partial College,Clerical,0,2,0-1 Miles,Pacific,0,65+,18.1818181818182
M,M,2,No,Bachelors,Management,1,2,5-10 Miles,Pacific,0,65+,27.2727272727273
S,M,2,No,Bachelors,Management,1,2,5-10 Miles,Pacific,1,65+,27.2727272727273
M,F,2,No,Graduate Degree,Management,1,1,5-10 Miles,Pacific,1,65+,45.4545454545455
M,M,0,No,High School,Skilled Manual,0,2,1-2 Miles,North America,0,29-34,27.2727272727273
S,F,0,No,Partial College,Skilled Manual,0,1,1-2 Miles,North America,0,29-34,45.4545454545455
M,F,0,No,Partial College,Skilled Manual,1,1,5-10 Miles,North America,0,35-40,18.1818181818182
S,F,0,No,Bachelors,Management,0,1,0-1 Miles,North America,1,35-40,72.7272727272727
S,M,4,Si,Bachelors,Management,1,1,1-2 Miles,North America,1,41-45,81.8181818181818
S,M,0,No,Partial College,Skilled Manual,0,2,5-10 Miles,North America,1,35-40,63.6363636363636
M,M,4,Si,Bachelors,Management,1,0,0-1 Miles,North America,0,46-50,72.7272727272727
S,M,4,Si,Bachelors,Management,1,1,1-2 Miles,North America,1,41-45,81.8181818181818
M,F,4,Si,Bachelors,Management,1,1,1-2 Miles,North America,0,35-40,81.8181818181818
M,M,4,Si,Partial College,Skilled Manual,1,3,0-1 Miles,North America,0,29-34,81.8181818181818
S,M,3,No,Bachelors,Management,0,3,1-2 Miles,North America,0,35-40,81.8181818181818
M,M,2,Si,Graduate Degree,Management,1,3,1-2 Miles,North America,0,41-45,90.9090909090909
M,F,5,No,High School,Skilled Manual,1,2,5-10 Miles,Pacific,0,56-65,9.09090909090909
M,M,4,No,High School,Skilled Manual,0,2,1-2 Miles,Pacific,0,56-65,9.09090909090909
M,M,0,No,Partial College,Skilled Manual,0,1,1-2 Miles,North America,0,29-34,27.2727272727273
S,F,0,No,Partial College,Skilled Manual,0,1,5-10 Miles,North America,0,29-34,27.2727272727273
S,M,0,No,Partial College,Skilled Manual,0,2,5-10 Miles,North America,1,29-34,45.4545454545455
M,M,0,No,Partial College,Skilled Manual,1,2,5-10 Miles,North America,1,29-34,45.4545454545455
M,F,2,Si,Partial High School,Clerical,1,2,1-2 Miles,Pacific,0,56-65,9.09090909090909
M,M,2,Si,Partial High School,Clerical,1,2,1-2 Miles,Pacific,0,56-65,9.09090909090909
S,F,2,Si,Partial High School,Clerical,1,2,5-10 Miles,Pacific,0,56-65,9.09090909090909
M,M,4,No,High School,Skilled Manual,1,2,5-10 Miles,Pacific,0,56-65,9.09090909090909
M,F,4,No,High School,Skilled Manual,0,2,1-2 Miles,Pacific,0,56-65,9.09090909090909
M,M,4,No,High School,Skilled Manual,0,2,1-2 Miles,Pacific,0,56-65,9.09090909090909
M,M,1,Si,Graduate Degree,Skilled Manual,1,0,1-2 Miles,North America,1,35-40,45.4545454545455
M,M,1,Si,Graduate Degree,Skilled Manual,1,0,1-2 Miles,North America,1,29-34,45.4545454545455
M,F,1,Si,Graduate Degree,Skilled Manual,1,0,0-1 Miles,North America,1,35-40,45.4545454545455
M,F,1,Si,Graduate Degree,Skilled Manual,1,0,1-2 Miles,North America,1,29-34,45.4545454545455
M,M,1,Si,Bachelors,Skilled Manual,1,0,0-1 Miles,North America,1,35-40,45.4545454545455
M,M,1,No,Graduate Degree,Skilled Manual,1,0,0-1 Miles,North America,1,35-40,45.4545454545455
S,F,0,No,Partial College,Professional,0,1,10+ Miles,North America,0,35-40,81.8181818181818
M,F,3,Si,Bachelors,Management,1,4,1-2 Miles,North America,0,46-50,90.9090909090909
M,M,2,Si,Graduate Degree,Management,1,2,0-1 Miles,North America,0,41-45,90.9090909090909
M,M,3,Si,Bachelors,Management,1,3,0-1 Miles,North America,1,41-45,90.9090909090909
M,M,4,Si,Partial College,Professional,0,0,0-1 Miles,North America,0,51-55,63.6363636363636
S,F,2,Si,Partial College,Professional,1,0,5-10 Miles,North America,1,51-55,81.8181818181818
S,M,0,No,Graduate Degree,Management,0,3,1-2 Miles,North America,1,65+,90.9090909090909
S,F,0,No,Partial College,Professional,0,2,2-5 Miles,North America,1,46-50,81.8181818181818
M,M,4,Si,Bachelors,Management,1,4,1-2 Miles,North America,0,46-50,90.9090909090909
M,F,5,Si,Partial College,Professional,1,3,5-10 Miles,North America,0,46-50,72.7272727272727
M,F,1,Si,Partial College,Professional,1,3,5-10 Miles,North America,0,46-50,81.8181818181818
M,M,1,Si,Partial College,Professional,1,3,1-2 Miles,North America,0,41-45,81.8181818181818
M,M,1,Si,Partial College,Professional,1,4,5-10 Miles,North America,1,46-50,90.9090909090909
S,F,1,Si,High School,Professional,1,4,5-10 Miles,North America,1,46-50,90.9090909090909
M,F,1,Si,Bachelors,Management,1,0,0-1 Miles,North America,1,46-50,90.9090909090909
M,F,4,Si,High School,Professional,1,2,1-2 Miles,North America,0,41-45,81.8181818181818
M,M,1,Si,Partial College,Professional,1,4,5-10 Miles,North America,0,41-45,90.9090909090909
M,F,2,No,High School,Professional,0,2,1-2 Miles,North America,1,51-55,45.4545454545455
M,M,2,No,High School,Professional,0,2,5-10 Miles,North America,0,51-55,45.4545454545455
M,F,2,No,High School,Professional,0,2,5-10 Miles,North America,0,51-55,45.4545454545455
M,M,2,No,High School,Professional,0,2,1-2 Miles,North America,1,51-55,45.4545454545455
S,F,4,Si,High School,Professional,1,0,5-10 Miles,North America,1,51-55,63.6363636363636
S,M,3,Si,Partial College,Professional,1,0,5-10 Miles,North America,1,51-55,72.7272727272727
M,M,2,No,Partial High School,Skilled Manual,1,2,5-10 Miles,North America,0,46-50,72.7272727272727
M,F,4,No,Graduate Degree,Management,1,2,1-2 Miles,North America,1,65+,72.7272727272727
M,M,3,No,Partial College,Professional,0,2,5-10 Miles,North America,0,65+,27.2727272727273
S,F,5,Si,Partial College,Professional,1,3,5-10 Miles,North America,1,46-50,72.7272727272727
S,M,3,Si,Partial College,Professional,0,4,1-2 Miles,North America,0,46-50,81.8181818181818
M,M,0,Si,Partial College,Professional,1,0,5-10 Miles,North America,0,46-50,81.8181818181818
M,F,0,Si,Partial College,Professional,1,1,1-2 Miles,North America,0,41-45,81.8181818181818
S,F,1,Si,High School,Professional,1,4,5-10 Miles,North America,1,41-45,90.9090909090909
M,M,1,Si,High School,Professional,0,4,2-5 Miles,North America,0,46-50,90.9090909090909
S,M,3,No,Partial High School,Skilled Manual,1,2,5-10 Miles,North America,1,46-50,45.4545454545455
S,M,3,No,Partial High School,Skilled Manual,1,2,5-10 Miles,North America,1,46-50,45.4545454545455
M,F,3,Si,High School,Professional,1,1,1-2 Miles,North America,1,51-55,63.6363636363636
S,M,3,No,Graduate Degree,Management,1,2,5-10 Miles,North America,1,51-55,63.6363636363636
M,F,3,No,Graduate Degree,Management,1,2,5-10 Miles,North America,0,56-65,63.6363636363636
S,M,3,No,Graduate Degree,Management,1,2,5-10 Miles,North America,1,56-65,63.6363636363636
M,M,3,No,Graduate Degree,Management,1,2,1-2 Miles,North America,1,51-55,63.6363636363636
M,F,3,No,Graduate Degree,Management,1,2,5-10 Miles,North America,1,51-55,63.6363636363636
S,M,3,No,Graduate Degree,Management,1,2,5-10 Miles,North America,1,51-55,45.4545454545455
M,F,3,No,Partial College,Professional,0,2,5-10 Miles,North America,1,56-65,27.2727272727273
M,M,3,No,Graduate Degree,Management,1,2,10+ Miles,North America,0,65+,45.4545454545455
M,F,3,No,Graduate Degree,Management,0,2,1-2 Miles,North America,0,56-65,45.4545454545455
M,M,3,No,Graduate Degree,Management,1,2,1-2 Miles,North America,0,65+,45.4545454545455
M,F,3,No,Graduate Degree,Management,1,2,10+ Miles,North America,0,65+,45.4545454545455
M,M,5,No,Graduate Degree,Management,0,2,1-2 Miles,North America,1,65+,63.6363636363636
M,M,4,No,Graduate Degree,Management,1,2,5-10 Miles,North America,0,65+,72.7272727272727
S,M,3,No,Graduate Degree,Management,1,2,10+ Miles,North America,0,56-65,45.4545454545455
M,F,3,No,Graduate Degree,Management,1,2,1-2 Miles,North America,0,65+,45.4545454545455
M,F,3,No,Graduate Degree,Management,1,2,1-2 Miles,North America,0,65+,45.4545454545455
M,F,5,No,Graduate Degree,Management,1,2,1-2 Miles,North America,1,65+,63.6363636363636
M,F,5,No,Graduate Degree,Management,1,2,1-2 Miles,North America,1,65+,63.6363636363636
S,F,5,No,Graduate Degree,Management,1,2,10+ Miles,North America,1,56-65,63.6363636363636
M,M,5,No,Graduate Degree,Management,0,2,1-2 Miles,North America,1,65+,63.6363636363636
M,M,5,No,Graduate Degree,Management,1,2,10+ Miles,North America,1,65+,63.6363636363636
S,F,5,No,Graduate Degree,Management,1,2,10+ Miles,North America,1,65+,63.6363636363636
S,F,4,No,Graduate Degree,Management,1,2,5-10 Miles,North America,0,65+,72.7272727272727
M,F,4,No,Bachelors,Management,1,2,10+ Miles,North America,0,65+,45.4545454545455
S,F,3,No,Graduate Degree,Management,1,2,10+ Miles,North America,1,65+,45.4545454545455
M,F,3,No,Graduate Degree,Management,1,2,10+ Miles,North America,1,65+,45.4545454545455
M,F,3,No,Graduate Degree,Management,1,2,10+ Miles,North America,1,56-65,45.4545454545455
M,F,5,No,Graduate Degree,Management,1,2,10+ Miles,North America,1,56-65,63.6363636363636
M,M,4,No,Bachelors,Management,1,2,10+ Miles,North America,0,65+,45.4545454545455
M,M,4,No,High School,Skilled Manual,0,2,1-2 Miles,Pacific,0,56-65,9.09090909090909
S,F,0,No,Partial College,Skilled Manual,0,2,0-1 Miles,North America,1,29-34,63.6363636363636
S,M,0,No,Partial High School,Clerical,0,2,5-10 Miles,North America,0,29-34,27.2727272727273
S,F,0,No,Partial High School,Clerical,0,2,1-2 Miles,North America,0,29-34,27.2727272727273
M,F,4,No,High School,Skilled Manual,1,2,5-10 Miles,Pacific,0,56-65,9.09090909090909
M,F,4,No,High School,Skilled Manual,0,2,1-2 Miles,Pacific,0,56-65,9.09090909090909
S,M,0,No,Partial College,Skilled Manual,0,1,1-2 Miles,North America,0,29-34,27.2727272727273
M,F,0,No,Partial College,Skilled Manual,1,2,5-10 Miles,North America,0,29-34,27.2727272727273
S,M,0,No,Partial College,Skilled Manual,1,2,5-10 Miles,North America,0,29-34,45.4545454545455
M,F,0,No,Partial College,Skilled Manual,0,2,1-2 Miles,North America,0,29-34,45.4545454545455
S,M,0,No,Partial College,Skilled Manual,0,2,1-2 Miles,North America,0,29-34,45.4545454545455
M,F,0,No,Partial College,Skilled Manual,1,2,5-10 Miles,North America,0,29-34,45.4545454545455
S,F,0,No,Partial College,Skilled Manual,0,2,1-2 Miles,North America,0,29-34,45.4545454545455
M,M,2,Si,Partial High School,Clerical,1,2,1-2 Miles,Pacific,0,56-65,9.09090909090909
S,M,2,Si,Partial High School,Clerical,1,2,5-10 Miles,Pacific,0,51-55,9.09090909090909
M,M,3,No,Partial College,Clerical,0,2,1-2 Miles,Pacific,1,51-55,18.1818181818182
M,M,2,Si,Partial High School,Clerical,0,2,1-2 Miles,Pacific,0,56-65,9.09090909090909
M,M,3,No,High School,Skilled Manual,0,2,1-2 Miles,Pacific,1,56-65,18.1818181818182
M,M,3,No,High School,Skilled Manual,1,2,5-10 Miles,Pacific,1,56-65,18.1818181818182
S,M,0,No,Partial High School,Clerical,0,2,5-10 Miles,North America,0,29-34,27.2727272727273
S,M,0,No,Partial High School,Clerical,0,2,1-2 Miles,North America,1,29-34,27.2727272727273
M,F,0,No,Partial College,Skilled Manual,1,2,5-10 Miles,North America,1,29-34,18.1818181818182
M,F,3,No,High School,Skilled Manual,1,2,5-10 Miles,Pacific,1,51-55,18.1818181818182
M,F,3,No,High School,Skilled Manual,0,2,1-2 Miles,Pacific,1,56-65,18.1818181818182
S,M,2,No,Partial College,Skilled Manual,0,2,1-2 Miles,Pacific,1,46-50,72.7272727272727
M,M,2,No,Partial College,Skilled Manual,1,2,5-10 Miles,Pacific,1,56-65,72.7272727272727
M,F,0,No,High School,Skilled Manual,1,2,5-10 Miles,North America,0,29-34,27.2727272727273
S,F,0,No,High School,Skilled Manual,0,2,1-2 Miles,North America,1,29-34,27.2727272727273
M,F,0,No,High School,Skilled Manual,1,2,5-10 Miles,North America,0,29-34,27.2727272727273
M,M,0,No,Partial College,Skilled Manual,0,2,1-2 Miles,North America,0,29-34,45.4545454545455
M,F,0,No,Partial College,Skilled Manual,1,2,5-10 Miles,North America,0,29-34,45.4545454545455
S,F,0,No,Partial College,Skilled Manual,1,2,5-10 Miles,North America,0,35-40,45.4545454545455
S,F,0,No,Partial College,Professional,0,2,0-1 Miles,North America,1,35-40,63.6363636363636
M,F,0,No,Partial College,Professional,0,2,1-2 Miles,North America,0,29-34,45.4545454545455
S,M,2,No,High School,Skilled Manual,0,2,1-2 Miles,Pacific,1,51-55,72.7272727272727
S,M,2,No,High School,Skilled Manual,1,2,5-10 Miles,Pacific,1,46-50,72.7272727272727
M,F,2,No,High School,Skilled Manual,1,2,5-10 Miles,Pacific,1,51-55,72.7272727272727
M,F,2,No,High School,Skilled Manual,1,2,5-10 Miles,Pacific,1,46-50,72.7272727272727
M,F,2,No,High School,Skilled Manual,1,2,5-10 Miles,Pacific,1,51-55,72.7272727272727
S,M,2,No,High School,Skilled Manual,1,2,5-10 Miles,Pacific,1,51-55,72.7272727272727
S,F,2,No,High School,Skilled Manual,0,2,1-2 Miles,Pacific,1,46-50,72.7272727272727
M,F,2,No,High School,Skilled Manual,1,2,5-10 Miles,Pacific,1,51-55,72.7272727272727
S,F,2,No,High School,Skilled Manual,0,2,1-2 Miles,Pacific,1,51-55,72.7272727272727
S,M,2,No,High School,Skilled Manual,1,2,5-10 Miles,Pacific,1,51-55,72.7272727272727
S,F,2,No,High School,Professional,0,2,1-2 Miles,Pacific,1,51-55,63.6363636363636
S,F,2,No,High School,Professional,1,2,5-10 Miles,Pacific,1,51-55,63.6363636363636
S,M,2,No,High School,Professional,1,2,5-10 Miles,Pacific,1,46-50,63.6363636363636
M,M,1,Si,Bachelors,Management,1,3,0-1 Miles,Pacific,1,51-55,81.8181818181818
S,M,5,Si,Bachelors,Management,1,4,2-5 Miles,Pacific,0,51-55,90.9090909090909
S,M,0,No,Graduate Degree,Management,1,3,0-1 Miles,Pacific,1,51-55,90.9090909090909
M,F,4,Si,Bachelors,Management,1,4,2-5 Miles,Pacific,0,41-45,90.9090909090909
S,M,0,No,Bachelors,Management,1,1,2-5 Miles,North America,0,35-40,72.7272727272727
S,F,0,No,Bachelors,Management,0,1,2-5 Miles,North America,0,35-40,72.7272727272727
S,M,0,No,High School,Professional,1,2,5-10 Miles,North America,0,29-34,18.1818181818182
S,F,0,No,High School,Professional,0,2,1-2 Miles,North America,1,35-40,18.1818181818182
S,M,0,No,Partial High School,Skilled Manual,0,2,1-2 Miles,North America,1,29-34,18.1818181818182
S,M,0,No,Partial College,Professional,0,2,5-10 Miles,North America,0,29-34,45.4545454545455
S,F,0,No,Partial College,Professional,0,2,5-10 Miles,North America,0,29-34,45.4545454545455
S,F,0,No,Partial College,Professional,1,2,5-10 Miles,North America,0,35-40,45.4545454545455
M,F,1,Si,Bachelors,Management,1,1,2-5 Miles,Pacific,0,46-50,90.9090909090909
M,F,0,Si,Graduate Degree,Management,1,3,0-1 Miles,North America,1,41-45,90.9090909090909
M,M,0,Si,Graduate Degree,Management,1,3,1-2 Miles,North America,0,35-40,90.9090909090909
S,M,2,No,High School,Professional,1,2,5-10 Miles,North America,0,51-55,45.4545454545455
M,M,2,No,High School,Professional,0,2,5-10 Miles,North America,0,51-55,45.4545454545455
S,F,2,Si,Partial College,Professional,1,0,5-10 Miles,North America,1,46-50,63.6363636363636
M,F,2,Si,Bachelors,Management,1,0,0-1 Miles,North America,1,51-55,72.7272727272727
M,M,2,Si,Bachelors,Management,1,1,2-5 Miles,North America,1,51-55,72.7272727272727
M,M,2,Si,Bachelors,Management,1,1,2-5 Miles,North America,1,51-55,72.7272727272727
M,M,2,No,Partial College,Professional,1,1,5-10 Miles,North America,0,46-50,81.8181818181818
S,F,2,No,High School,Professional,1,2,5-10 Miles,North America,0,46-50,45.4545454545455
M,F,2,No,High School,Professional,0,2,5-10 Miles,North America,0,51-55,45.4545454545455
M,M,2,No,High School,Professional,0,2,5-10 Miles,North America,0,51-55,45.4545454545455
M,F,2,No,High School,Professional,0,2,1-2 Miles,North America,1,51-55,45.4545454545455
M,F,3,No,Partial College,Professional,0,2,5-10 Miles,North America,1,41-45,63.6363636363636
M,M,4,Si,Partial College,Professional,1,3,2-5 Miles,North America,0,35-40,81.8181818181818
M,F,4,Si,Partial College,Professional,1,3,2-5 Miles,North America,0,41-45,81.8181818181818
S,M,5,Si,Partial College,Professional,1,3,2-5 Miles,North America,1,41-45,81.8181818181818
M,M,2,Si,Bachelors,Management,1,4,2-5 Miles,North America,0,41-45,90.9090909090909
S,M,4,Si,Bachelors,Management,1,0,2-5 Miles,North America,0,35-40,72.7272727272727
M,M,4,Si,Bachelors,Management,1,0,0-1 Miles,North America,0,35-40,72.7272727272727
M,F,4,Si,Bachelors,Management,1,0,2-5 Miles,North America,0,46-50,72.7272727272727
S,M,3,Si,Graduate Degree,Professional,0,0,0-1 Miles,North America,1,46-50,45.4545454545455
S,F,1,No,Bachelors,Professional,1,1,2-5 Miles,North America,1,41-45,63.6363636363636
M,M,1,No,Partial College,Skilled Manual,1,1,0-1 Miles,North America,1,46-50,63.6363636363636
M,F,4,Si,High School,Skilled Manual,0,3,5-10 Miles,North America,0,35-40,27.2727272727273
M,F,4,No,Bachelors,Management,1,2,10+ Miles,North America,0,65+,45.4545454545455
M,M,4,No,Bachelors,Management,1,2,10+ Miles,North America,0,65+,45.4545454545455
M,F,3,No,Graduate Degree,Management,1,2,10+ Miles,North America,0,65+,45.4545454545455
M,M,3,No,Graduate Degree,Management,0,2,1-2 Miles,North America,0,65+,45.4545454545455
M,M,5,No,Bachelors,Management,1,2,10+ Miles,North America,1,56-65,63.6363636363636
M,M,5,No,Bachelors,Management,1,2,10+ Miles,North America,1,65+,63.6363636363636
M,F,3,No,Graduate Degree,Management,0,2,1-2 Miles,North America,0,65+,45.4545454545455
M,F,4,No,Graduate Degree,Management,1,2,10+ Miles,North America,0,65+,45.4545454545455
M,F,5,No,Bachelors,Management,0,2,1-2 Miles,North America,1,56-65,63.6363636363636
M,F,5,No,Bachelors,Management,1,2,10+ Miles,North America,1,65+,63.6363636363636
S,M,5,No,Bachelors,Management,1,2,10+ Miles,North America,1,56-65,63.6363636363636
M,F,5,No,Bachelors,Management,1,2,1-2 Miles,North America,1,65+,63.6363636363636
M,M,5,No,Bachelors,Management,1,2,10+ Miles,North America,1,65+,63.6363636363636
M,M,5,No,Bachelors,Management,1,2,10+ Miles,North America,0,65+,63.6363636363636
S,M,5,No,Bachelors,Management,1,2,10+ Miles,North America,0,65+,63.6363636363636
M,M,5,No,Bachelors,Management,1,2,5-10 Miles,North America,0,65+,72.7272727272727
M,M,4,No,High School,Professional,0,2,10+ Miles,North America,1,56-65,27.2727272727273
M,M,4,No,High School,Professional,0,2,1-2 Miles,North America,0,56-65,27.2727272727273
S,M,4,No,Bachelors,Management,1,2,10+ Miles,North America,0,56-65,63.6363636363636
S,M,5,No,Bachelors,Management,1,2,10+ Miles,North America,0,56-65,63.6363636363636
M,M,5,No,Bachelors,Management,1,3,2-5 Miles,North America,0,56-65,63.6363636363636
S,F,5,No,Bachelors,Management,1,3,10+ Miles,North America,1,56-65,63.6363636363636
M,M,5,No,Bachelors,Management,1,3,2-5 Miles,North America,1,56-65,63.6363636363636
M,F,4,No,Bachelors,Management,1,2,2-5 Miles,North America,0,56-65,45.4545454545455
S,F,4,No,Bachelors,Management,1,2,10+ Miles,North America,0,56-65,45.4545454545455
M,F,4,No,Bachelors,Management,1,2,10+ Miles,North America,0,56-65,45.4545454545455
M,F,4,No,Bachelors,Management,1,2,10+ Miles,North America,0,56-65,45.4545454545455
S,F,2,Si,Partial College,Professional,1,1,10+ Miles,North America,0,56-65,63.6363636363636
M,F,2,Si,Partial College,Professional,1,1,2-5 Miles,North America,0,56-65,63.6363636363636
M,F,2,Si,High School,Professional,0,2,2-5 Miles,North America,0,56-65,27.2727272727273
M,F,2,Si,Partial College,Professional,1,1,10+ Miles,North America,0,56-65,45.4545454545455
M,M,2,Si,Partial College,Professional,1,1,10+ Miles,North America,0,56-65,45.4545454545455
M,F,2,Si,Partial College,Professional,1,2,2-5 Miles,North America,1,56-65,45.4545454545455
M,M,2,Si,Partial College,Professional,1,2,10+ Miles,North America,0,56-65,45.4545454545455
M,M,2,Si,Partial College,Professional,1,2,2-5 Miles,North America,1,56-65,45.4545454545455
S,M,2,Si,Bachelors,Management,1,0,10+ Miles,North America,0,56-65,45.4545454545455
M,F,4,Si,Partial College,Professional,1,2,1-2 Miles,North America,1,56-65,63.6363636363636
M,M,2,Si,Partial High School,Skilled Manual,1,2,10+ Miles,North America,0,51-55,27.2727272727273
S,M,2,Si,Partial College,Professional,1,2,10+ Miles,North America,0,51-55,45.4545454545455
M,F,2,Si,Partial High School,Skilled Manual,0,2,2-5 Miles,North America,0,46-50,27.2727272727273
S,M,2,Si,Partial High School,Skilled Manual,1,2,10+ Miles,North America,0,56-65,27.2727272727273
M,F,2,Si,Partial High School,Skilled Manual,1,3,10+ Miles,North America,1,46-50,27.2727272727273
M,M,2,Si,Partial College,Professional,1,2,2-5 Miles,North America,1,56-65,45.4545454545455
M,M,2,Si,Partial College,Professional,0,1,2-5 Miles,North America,0,56-65,45.4545454545455
M,M,2,Si,Partial College,Professional,1,1,2-5 Miles,North America,0,51-55,45.4545454545455
M,F,4,Si,Partial College,Professional,1,1,1-2 Miles,North America,0,56-65,63.6363636363636
M,M,4,Si,Partial College,Professional,1,1,1-2 Miles,North America,0,56-65,63.6363636363636
M,F,4,Si,Partial College,Professional,0,1,1-2 Miles,North America,0,56-65,63.6363636363636
M,M,3,Si,Bachelors,Management,1,1,1-2 Miles,North America,0,56-65,72.7272727272727
S,M,3,Si,Bachelors,Management,1,1,5-10 Miles,North America,0,56-65,72.7272727272727
M,M,3,Si,Bachelors,Management,1,2,5-10 Miles,North America,1,56-65,72.7272727272727
M,M,2,Si,High School,Professional,1,2,2-5 Miles,North America,1,51-55,45.4545454545455
S,M,2,Si,High School,Professional,1,2,10+ Miles,North America,0,56-65,45.4545454545455
M,M,2,Si,High School,Professional,1,2,10+ Miles,North America,0,56-65,45.4545454545455
M,F,2,Si,Partial College,Professional,0,1,2-5 Miles,North America,0,56-65,45.4545454545455
S,M,2,Si,Partial College,Professional,1,2,10+ Miles,North America,0,56-65,45.4545454545455
S,F,2,Si,Partial High School,Skilled Manual,0,2,2-5 Miles,North America,1,56-65,63.6363636363636
S,M,2,Si,Partial High School,Skilled Manual,1,2,10+ Miles,North America,0,51-55,63.6363636363636
M,F,2,Si,High School,Professional,1,2,2-5 Miles,North America,1,56-65,45.4545454545455
M,M,2,Si,High School,Professional,1,2,2-5 Miles,North America,1,56-65,45.4545454545455
S,M,2,Si,High School,Professional,1,2,10+ Miles,North America,0,51-55,45.4545454545455
S,M,2,Si,High School,Professional,1,2,10+ Miles,North America,0,56-65,45.4545454545455
M,M,2,Si,High School,Professional,1,2,10+ Miles,North America,0,51-55,45.4545454545455
M,F,2,Si,High School,Professional,1,2,10+ Miles,North America,0,51-55,45.4545454545455
S,F,4,Si,Partial College,Professional,1,1,10+ Miles,North America,1,56-65,63.6363636363636
S,F,2,Si,Bachelors,Management,0,4,0-1 Miles,Europe,0,51-55,90.9090909090909
M,M,2,Si,Partial College,Professional,1,3,5-10 Miles,Europe,1,41-45,90.9090909090909
M,F,2,Si,High School,Professional,1,4,5-10 Miles,Europe,0,51-55,90.9090909090909
M,M,3,Si,Partial College,Professional,1,3,5-10 Miles,Europe,1,46-50,90.9090909090909
M,M,2,Si,Partial College,Professional,1,4,5-10 Miles,Europe,1,51-55,81.8181818181818
S,M,2,Si,High School,Professional,1,4,5-10 Miles,Europe,1,51-55,81.8181818181818
M,F,3,Si,High School,Professional,1,4,5-10 Miles,Europe,1,51-55,90.9090909090909
S,F,3,Si,Partial College,Professional,0,4,0-1 Miles,Europe,0,46-50,90.9090909090909
M,M,3,Si,High School,Professional,1,4,0-1 Miles,Europe,0,51-55,90.9090909090909
M,M,2,Si,High School,Professional,1,4,10+ Miles,Europe,0,51-55,81.8181818181818
S,F,2,Si,High School,Professional,1,4,10+ Miles,Europe,0,51-55,81.8181818181818
M,M,3,Si,Partial College,Professional,1,4,10+ Miles,Europe,0,51-55,90.9090909090909
M,M,3,Si,Partial College,Professional,1,3,5-10 Miles,Europe,1,51-55,90.9090909090909
S,F,3,Si,Partial College,Professional,0,3,0-1 Miles,Europe,1,51-55,90.9090909090909
M,F,2,Si,High School,Professional,1,3,0-1 Miles,Europe,1,35-40,90.9090909090909
M,F,5,Si,High School,Professional,1,2,2-5 Miles,Europe,0,56-65,63.6363636363636
M,M,5,No,Bachelors,Management,1,2,2-5 Miles,Europe,0,56-65,72.7272727272727
M,F,2,Si,Graduate Degree,Management,1,4,2-5 Miles,Europe,0,56-65,81.8181818181818
M,F,3,Si,Graduate Degree,Management,1,2,0-1 Miles,Europe,1,56-65,90.9090909090909
M,F,3,Si,Bachelors,Management,1,3,0-1 Miles,Europe,1,56-65,90.9090909090909
M,F,4,Si,Bachelors,Management,1,3,0-1 Miles,Europe,1,56-65,90.9090909090909
M,F,3,Si,Graduate Degree,Management,1,4,0-1 Miles,Europe,0,56-65,90.9090909090909
S,F,5,No,Partial College,Professional,1,2,10+ Miles,Europe,0,56-65,81.8181818181818
S,F,3,Si,Bachelors,Management,1,4,10+ Miles,Europe,0,56-65,90.9090909090909
S,F,4,Si,High School,Professional,1,1,10+ Miles,Europe,1,51-55,81.8181818181818
M,M,3,Si,High School,Professional,1,3,10+ Miles,Europe,0,51-55,81.8181818181818
M,M,2,Si,Partial High School,Professional,1,2,5-10 Miles,Europe,1,46-50,90.9090909090909
M,F,3,Si,Partial College,Professional,1,4,0-1 Miles,Europe,0,51-55,90.9090909090909
M,F,3,Si,Partial College,Professional,0,4,5-10 Miles,Europe,0,51-55,90.9090909090909
M,M,5,Si,High School,Professional,1,4,0-1 Miles,Europe,0,51-55,90.9090909090909
M,F,0,Si,High School,Professional,1,4,0-1 Miles,Europe,0,46-50,90.9090909090909
M,M,3,Si,Bachelors,Management,1,3,10+ Miles,Europe,0,51-55,81.8181818181818
M,M,2,Si,Partial College,Professional,0,2,10+ Miles,Europe,1,56-65,90.9090909090909
M,M,2,Si,Bachelors,Management,0,2,10+ Miles,Europe,1,46-50,90.9090909090909
S,M,4,Si,Partial College,Professional,1,2,10+ Miles,Europe,0,46-50,72.7272727272727
M,F,4,Si,Partial College,Professional,1,3,10+ Miles,Europe,0,51-55,90.9090909090909
M,M,5,Si,High School,Professional,1,2,10+ Miles,Europe,0,56-65,72.7272727272727
M,M,3,Si,Partial College,Professional,1,4,10+ Miles,Europe,0,56-65,81.8181818181818
M,M,3,Si,Partial College,Management,1,4,10+ Miles,Europe,0,51-55,81.8181818181818
S,M,3,Si,Partial College,Management,1,4,10+ Miles,Europe,0,56-65,81.8181818181818
M,F,4,Si,Bachelors,Management,1,3,10+ Miles,Europe,0,56-65,90.9090909090909
M,M,2,Si,Partial College,Management,1,3,10+ Miles,Europe,0,56-65,90.9090909090909
M,F,3,Si,Partial College,Management,0,4,10+ Miles,Europe,1,41-45,90.9090909090909
S,M,3,Si,High School,Management,0,4,0-1 Miles,Europe,1,56-65,90.9090909090909
S,M,5,Si,Partial College,Management,0,4,0-1 Miles,Europe,1,51-55,90.9090909090909
M,M,4,Si,High School,Management,0,3,5-10 Miles,Europe,1,56-65,81.8181818181818
M,M,4,Si,Partial High School,Skilled Manual,0,4,5-10 Miles,Europe,1,56-65,81.8181818181818
M,M,5,Si,Partial High School,Skilled Manual,1,4,5-10 Miles,Europe,1,56-65,72.7272727272727
S,F,5,Si,High School,Management,1,4,10+ Miles,Europe,0,56-65,90.9090909090909
S,M,0,No,Bachelors,Professional,0,2,5-10 Miles,Pacific,1,29-34,63.6363636363636
S,F,0,No,Bachelors,Professional,1,2,10+ Miles,Pacific,1,29-34,63.6363636363636
M,F,0,No,Bachelors,Professional,1,2,10+ Miles,Pacific,1,29-34,63.6363636363636
M,M,0,No,Bachelors,Professional,1,2,10+ Miles,Pacific,1,29-34,72.7272727272727
S,M,0,No,Bachelors,Professional,0,2,10+ Miles,Pacific,1,29-34,72.7272727272727
S,F,0,No,Bachelors,Professional,1,2,10+ Miles,Pacific,0,35-40,72.7272727272727
S,M,0,No,Bachelors,Professional,1,3,10+ Miles,Pacific,0,35-40,63.6363636363636
M,M,0,No,Bachelors,Professional,1,3,10+ Miles,Pacific,0,35-40,63.6363636363636
S,M,0,No,Bachelors,Professional,1,3,10+ Miles,Pacific,0,29-34,72.7272727272727
M,F,0,No,Bachelors,Professional,1,3,10+ Miles,Pacific,1,29-34,72.7272727272727
S,M,0,No,Bachelors,Professional,1,2,10+ Miles,Pacific,1,35-40,81.8181818181818
M,F,0,No,Bachelors,Professional,1,3,10+ Miles,Pacific,1,29-34,81.8181818181818
S,F,0,Si,High School,Management,1,2,10+ Miles,Pacific,1,29-34,81.8181818181818
M,M,0,Si,High School,Management,1,2,10+ Miles,Pacific,1,35-40,81.8181818181818
M,F,0,No,Bachelors,Professional,0,3,10+ Miles,Pacific,0,35-40,72.7272727272727
M,M,0,Si,Partial College,Management,1,3,10+ Miles,Pacific,0,35-40,90.9090909090909
M,M,0,Si,Partial High School,Professional,1,4,10+ Miles,Pacific,1,35-40,90.9090909090909
S,F,0,Si,Partial High School,Professional,1,4,10+ Miles,Pacific,1,35-40,90.9090909090909
M,M,4,Si,High School,Management,1,4,0-1 Miles,Pacific,1,35-40,90.9090909090909
M,F,0,No,Bachelors,Professional,1,3,10+ Miles,Pacific,1,29-34,81.8181818181818
S,M,0,No,Bachelors,Professional,0,3,10+ Miles,Pacific,1,29-34,81.8181818181818
M,F,0,Si,High School,Management,0,3,10+ Miles,Pacific,1,29-34,81.8181818181818
S,M,0,No,Bachelors,Professional,1,4,10+ Miles,Pacific,0,29-34,72.7272727272727
S,F,4,Si,High School,Management,1,4,0-1 Miles,Pacific,1,35-40,90.9090909090909
S,M,0,Si,High School,Management,1,3,10+ Miles,Pacific,1,35-40,81.8181818181818
M,F,0,Si,High School,Management,1,4,10+ Miles,Pacific,0,29-34,81.8181818181818
M,M,0,No,Bachelors,Professional,0,4,10+ Miles,Pacific,0,29-34,81.8181818181818
M,M,0,Si,High School,Management,1,4,10+ Miles,Pacific,1,35-40,81.8181818181818
S,F,0,Si,Partial High School,Professional,1,4,10+ Miles,Pacific,1,35-40,81.8181818181818
M,F,0,Si,High School,Management,1,4,10+ Miles,Pacific,0,35-40,90.9090909090909
S,F,0,Si,Partial High School,Professional,1,4,10+ Miles,Pacific,1,35-40,90.9090909090909
M,M,0,Si,Partial High School,Professional,1,4,10+ Miles,Pacific,1,35-40,90.9090909090909
M,F,0,Si,Partial High School,Management,1,4,10+ Miles,Pacific,1,35-40,90.9090909090909
M,F,5,Si,Partial College,Professional,1,3,2-5 Miles,North America,0,41-45,81.8181818181818
M,F,1,No,Graduate Degree,Professional,1,0,0-1 Miles,North America,1,35-40,45.4545454545455
S,M,1,No,Graduate Degree,Professional,1,0,2-5 Miles,North America,1,35-40,63.6363636363636
M,M,1,Si,Bachelors,Skilled Manual,1,1,2-5 Miles,North America,1,35-40,45.4545454545455
M,F,1,Si,Bachelors,Skilled Manual,1,1,2-5 Miles,North America,1,35-40,45.4545454545455
S,F,2,Si,Bachelors,Skilled Manual,1,0,2-5 Miles,North America,1,35-40,45.4545454545455
S,F,2,Si,Bachelors,Skilled Manual,1,0,2-5 Miles,North America,1,35-40,45.4545454545455
S,F,1,No,Graduate Degree,Professional,1,0,2-5 Miles,North America,1,35-40,45.4545454545455
M,M,1,No,Graduate Degree,Professional,1,0,2-5 Miles,North America,1,29-34,45.4545454545455
M,M,1,No,Graduate Degree,Professional,1,0,2-5 Miles,North America,1,29-34,45.4545454545455
M,M,2,No,Graduate Degree,Professional,1,0,0-1 Miles,North America,1,35-40,63.6363636363636
M,M,2,No,Graduate Degree,Professional,1,0,0-1 Miles,North America,1,29-34,63.6363636363636
M,F,3,No,Graduate Degree,Professional,1,0,0-1 Miles,North America,1,35-40,63.6363636363636
M,M,1,No,Graduate Degree,Professional,1,0,0-1 Miles,North America,1,35-40,45.4545454545455
S,F,2,Si,Bachelors,Skilled Manual,1,0,2-5 Miles,North America,1,35-40,63.6363636363636
M,F,2,Si,Bachelors,Skilled Manual,1,0,2-5 Miles,North America,1,41-45,63.6363636363636
S,M,2,Si,Bachelors,Skilled Manual,0,1,0-1 Miles,North America,0,35-40,63.6363636363636
M,F,2,Si,Bachelors,Skilled Manual,1,1,0-1 Miles,North America,1,41-45,63.6363636363636
S,F,5,Si,High School,Skilled Manual,1,3,10+ Miles,North America,1,35-40,27.2727272727273
S,F,0,No,Bachelors,Professional,0,1,2-5 Miles,North America,1,41-45,27.2727272727273
M,M,1,No,Graduate Degree,Professional,1,0,0-1 Miles,North America,1,29-34,45.4545454545455
S,F,2,No,Graduate Degree,Professional,1,0,2-5 Miles,North America,1,35-40,45.4545454545455
M,F,4,No,Graduate Degree,Professional,1,0,0-1 Miles,North America,1,35-40,63.6363636363636
S,M,4,No,Graduate Degree,Professional,1,0,2-5 Miles,North America,1,35-40,63.6363636363636
M,F,4,No,Graduate Degree,Professional,1,0,0-1 Miles,North America,1,35-40,63.6363636363636
S,M,2,Si,Bachelors,Skilled Manual,1,1,2-5 Miles,North America,1,41-45,45.4545454545455
S,F,2,Si,Bachelors,Skilled Manual,1,1,2-5 Miles,North America,1,41-45,45.4545454545455
S,F,2,Si,Bachelors,Skilled Manual,0,1,0-1 Miles,North America,1,41-45,45.4545454545455
M,M,0,No,Graduate Degree,Professional,1,0,2-5 Miles,North America,0,35-40,45.4545454545455
S,M,0,No,Graduate Degree,Professional,1,0,2-5 Miles,North America,1,41-45,45.4545454545455
M,M,4,No,Graduate Degree,Professional,1,0,2-5 Miles,North America,0,29-34,63.6363636363636
M,M,4,No,Graduate Degree,Professional,1,0,2-5 Miles,North America,1,41-45,63.6363636363636
M,F,4,No,Graduate Degree,Professional,1,0,2-5 Miles,North America,1,35-40,63.6363636363636
S,F,5,No,Graduate Degree,Professional,1,0,2-5 Miles,North America,1,41-45,63.6363636363636
M,F,5,Si,Graduate Degree,Professional,0,2,0-1 Miles,North America,0,35-40,63.6363636363636
M,F,3,No,Graduate Degree,Professional,1,0,0-1 Miles,North America,1,35-40,72.7272727272727
S,F,0,No,Bachelors,Professional,0,1,2-5 Miles,North America,0,41-45,27.2727272727273
S,F,0,No,Bachelors,Professional,0,1,2-5 Miles,North America,0,35-40,27.2727272727273
M,F,3,Si,Bachelors,Skilled Manual,1,1,0-1 Miles,North America,0,41-45,72.7272727272727
M,F,3,Si,Bachelors,Skilled Manual,1,2,2-5 Miles,North America,0,41-45,72.7272727272727
S,F,3,Si,Bachelors,Skilled Manual,0,2,0-1 Miles,North America,0,41-45,72.7272727272727
M,M,4,Si,Bachelors,Skilled Manual,1,0,2-5 Miles,North America,0,35-40,72.7272727272727
M,F,4,Si,Bachelors,Skilled Manual,1,1,2-5 Miles,North America,0,41-45,45.4545454545455
S,M,0,No,Graduate Degree,Professional,1,0,2-5 Miles,North America,1,41-45,45.4545454545455
S,M,0,No,Bachelors,Professional,1,1,2-5 Miles,North America,1,41-45,27.2727272727273
S,M,0,No,Bachelors,Professional,0,1,2-5 Miles,North America,0,35-40,27.2727272727273
S,F,0,No,Bachelors,Professional,0,1,0-1 Miles,North America,1,41-45,27.2727272727273
M,F,5,Si,Bachelors,Skilled Manual,1,3,10+ Miles,North America,0,41-45,45.4545454545455
S,F,5,Si,Bachelors,Skilled Manual,0,3,5-10 Miles,North America,1,41-45,45.4545454545455
M,F,4,Si,Bachelors,Skilled Manual,1,2,2-5 Miles,North America,1,41-45,45.4545454545455
M,M,4,Si,Bachelors,Skilled Manual,1,2,0-1 Miles,North America,1,46-50,45.4545454545455
S,M,4,Si,Bachelors,Skilled Manual,1,2,2-5 Miles,North America,1,41-45,45.4545454545455
S,M,4,Si,Bachelors,Skilled Manual,1,2,2-5 Miles,North America,1,35-40,45.4545454545455
M,M,4,Si,Bachelors,Professional,1,2,0-1 Miles,North America,1,35-40,63.6363636363636
S,M,4,Si,Bachelors,Professional,1,2,2-5 Miles,North America,1,41-45,63.6363636363636
M,M,4,Si,Bachelors,Professional,1,2,2-5 Miles,North America,1,41-45,63.6363636363636
M,F,4,Si,Bachelors,Professional,1,2,2-5 Miles,North America,1,35-40,63.6363636363636
S,F,0,No,Bachelors,Professional,1,1,2-5 Miles,North America,1,41-45,63.6363636363636
S,F,0,No,Bachelors,Professional,0,1,2-5 Miles,North America,1,41-45,63.6363636363636
S,F,4,Si,Bachelors,Professional,0,2,0-1 Miles,North America,1,46-50,63.6363636363636
S,F,3,Si,Graduate Degree,Professional,0,0,0-1 Miles,North America,1,46-50,45.4545454545455
S,M,0,No,High School,Manual,0,1,2-5 Miles,Europe,0,29-34,18.1818181818182
M,M,1,Si,Bachelors,Skilled Manual,1,0,1-2 Miles,Europe,1,35-40,27.2727272727273
S,M,0,No,Partial High School,Manual,1,2,1-2 Miles,Europe,0,35-40,9.09090909090909
S,F,0,No,High School,Manual,0,1,2-5 Miles,Europe,1,35-40,18.1818181818182
M,M,1,Si,Bachelors,Skilled Manual,1,0,0-1 Miles,Europe,1,35-40,27.2727272727273
M,M,1,Si,Bachelors,Skilled Manual,1,0,1-2 Miles,Europe,1,35-40,27.2727272727273
M,M,1,Si,Bachelors,Skilled Manual,1,0,1-2 Miles,Europe,1,35-40,27.2727272727273
S,F,0,No,High School,Manual,0,1,1-2 Miles,Europe,1,35-40,18.1818181818182
S,F,0,No,Partial High School,Manual,0,2,1-2 Miles,Europe,1,35-40,9.09090909090909
S,F,0,No,High School,Manual,0,1,2-5 Miles,Europe,0,35-40,18.1818181818182
S,F,1,Si,Partial College,Clerical,0,1,0-1 Miles,Europe,1,29-34,27.2727272727273
S,M,2,Si,Partial College,Clerical,1,0,1-2 Miles,Europe,1,35-40,27.2727272727273
S,M,2,Si,Partial College,Clerical,1,0,0-1 Miles,Europe,0,35-40,27.2727272727273
S,M,2,Si,Partial College,Clerical,1,0,1-2 Miles,Europe,1,35-40,27.2727272727273
S,M,0,No,Partial High School,Manual,0,2,1-2 Miles,Europe,0,35-40,9.09090909090909
S,M,0,No,Partial High School,Manual,0,2,0-1 Miles,Europe,0,35-40,9.09090909090909
S,M,0,No,Partial High School,Manual,0,2,1-2 Miles,Europe,0,35-40,9.09090909090909
S,M,0,No,Partial High School,Manual,0,2,1-2 Miles,Europe,0,35-40,9.09090909090909
M,F,0,No,High School,Manual,0,1,1-2 Miles,Europe,1,35-40,18.1818181818182
S,F,0,No,High School,Manual,0,1,2-5 Miles,Europe,1,35-40,18.1818181818182
S,F,0,No,High School,Manual,0,1,2-5 Miles,Europe,1,35-40,18.1818181818182
S,M,0,No,High School,Manual,0,1,2-5 Miles,Europe,1,35-40,18.1818181818182
S,F,2,Si,Partial College,Clerical,1,0,0-1 Miles,Europe,0,35-40,27.2727272727273
S,F,2,Si,Partial College,Clerical,1,1,0-1 Miles,Europe,0,29-34,27.2727272727273
M,M,2,Si,Partial College,Clerical,0,1,0-1 Miles,Europe,0,35-40,27.2727272727273
S,M,3,Si,Partial College,Clerical,1,1,1-2 Miles,North America,1,29-34,27.2727272727273
S,F,3,Si,Partial College,Clerical,1,1,1-2 Miles,North America,1,35-40,27.2727272727273
S,F,3,Si,Partial College,Clerical,1,2,1-2 Miles,North America,1,35-40,27.2727272727273
S,F,0,No,Graduate Degree,Skilled Manual,1,0,1-2 Miles,North America,1,35-40,18.1818181818182
M,M,0,No,Graduate Degree,Skilled Manual,0,0,0-1 Miles,North America,0,41-45,45.4545454545455
M,M,0,No,Graduate Degree,Skilled Manual,1,0,0-1 Miles,North America,0,35-40,45.4545454545455
M,F,0,No,Graduate Degree,Skilled Manual,1,0,1-2 Miles,North America,1,41-45,45.4545454545455
M,F,0,No,Graduate Degree,Skilled Manual,1,0,1-2 Miles,North America,1,35-40,45.4545454545455
S,M,2,Si,High School,Manual,1,2,1-2 Miles,North America,1,56-65,9.09090909090909
S,M,2,Si,High School,Manual,1,2,1-2 Miles,North America,1,56-65,9.09090909090909
S,F,2,Si,High School,Manual,1,2,1-2 Miles,North America,1,56-65,9.09090909090909
M,M,2,Si,High School,Manual,1,2,1-2 Miles,North America,1,56-65,9.09090909090909
M,M,2,No,High School,Manual,0,2,0-1 Miles,North America,1,46-50,9.09090909090909
M,F,2,No,High School,Manual,0,2,0-1 Miles,North America,0,51-55,9.09090909090909
M,F,2,No,High School,Manual,0,2,1-2 Miles,North America,1,41-45,9.09090909090909
M,M,2,No,High School,Manual,0,2,1-2 Miles,North America,0,56-65,9.09090909090909
S,F,2,No,High School,Manual,1,2,1-2 Miles,North America,0,56-65,9.09090909090909
M,M,2,No,High School,Manual,0,2,0-1 Miles,North America,0,51-55,9.09090909090909
M,M,2,No,High School,Manual,0,2,0-1 Miles,North America,0,46-50,9.09090909090909
M,F,2,No,Partial High School,Manual,0,2,0-1 Miles,North America,0,51-55,9.09090909090909
M,M,3,No,Partial High School,Manual,0,2,1-2 Miles,North America,0,41-45,9.09090909090909
M,M,3,No,Partial High School,Manual,0,2,1-2 Miles,North America,0,46-50,9.09090909090909
M,M,3,No,Partial High School,Clerical,0,2,1-2 Miles,North America,0,46-50,9.09090909090909
M,M,1,No,High School,Manual,1,1,5-10 Miles,North America,0,51-55,18.1818181818182
M,M,1,No,High School,Clerical,1,1,2-5 Miles,North America,1,51-55,18.1818181818182
M,F,1,No,High School,Clerical,1,1,2-5 Miles,North America,1,35-40,18.1818181818182
M,M,1,No,Partial College,Clerical,1,1,1-2 Miles,North America,1,51-55,27.2727272727273
M,F,1,No,Partial College,Clerical,1,1,1-2 Miles,North America,1,46-50,27.2727272727273
M,F,1,No,High School,Clerical,0,2,0-1 Miles,North America,0,51-55,18.1818181818182
M,F,1,No,High School,Clerical,0,2,0-1 Miles,North America,0,51-55,18.1818181818182
M,M,2,No,High School,Skilled Manual,0,2,0-1 Miles,North America,0,51-55,18.1818181818182
M,F,1,No,Partial College,Clerical,1,1,0-1 Miles,North America,1,51-55,27.2727272727273
M,F,2,No,High School,Skilled Manual,0,2,0-1 Miles,North America,0,41-45,18.1818181818182
M,M,2,No,High School,Skilled Manual,0,2,0-1 Miles,North America,0,51-55,18.1818181818182
S,M,2,No,High School,Skilled Manual,1,2,1-2 Miles,North America,0,51-55,18.1818181818182
M,M,2,No,High School,Skilled Manual,1,2,1-2 Miles,North America,0,46-50,18.1818181818182
M,F,2,No,High School,Skilled Manual,1,2,1-2 Miles,North America,0,51-55,18.1818181818182
M,M,1,No,Partial College,Clerical,1,1,0-1 Miles,North America,0,51-55,27.2727272727273
M,M,2,No,High School,Skilled Manual,1,2,1-2 Miles,North America,0,51-55,18.1818181818182
M,F,2,No,High School,Skilled Manual,0,2,0-1 Miles,North America,0,51-55,18.1818181818182
M,F,2,No,High School,Skilled Manual,0,2,0-1 Miles,North America,0,51-55,18.1818181818182
M,F,1,No,Partial College,Clerical,1,1,0-1 Miles,North America,0,51-55,27.2727272727273
M,M,2,No,Partial College,Clerical,1,1,1-2 Miles,North America,1,41-45,27.2727272727273
S,F,2,No,Partial College,Clerical,1,1,1-2 Miles,North America,1,51-55,27.2727272727273
M,M,2,No,Partial College,Clerical,1,1,1-2 Miles,North America,1,51-55,27.2727272727273
M,F,2,No,Partial College,Clerical,1,1,1-2 Miles,North America,1,51-55,27.2727272727273
S,F,5,No,Graduate Degree,Skilled Manual,1,0,1-2 Miles,North America,0,51-55,72.7272727272727
M,F,4,No,Graduate Degree,Skilled Manual,1,0,0-1 Miles,North America,0,51-55,72.7272727272727
M,M,4,No,Graduate Degree,Skilled Manual,1,0,1-2 Miles,North America,0,51-55,72.7272727272727
M,F,2,No,Partial College,Clerical,1,1,0-1 Miles,North America,0,51-55,27.2727272727273
M,F,4,No,Graduate Degree,Skilled Manual,1,0,1-2 Miles,North America,0,51-55,45.4545454545455
M,M,0,No,Graduate Degree,Skilled Manual,1,0,0-1 Miles,North America,0,35-40,45.4545454545455
M,F,0,No,Graduate Degree,Skilled Manual,1,0,1-2 Miles,North America,1,35-40,45.4545454545455
M,M,0,No,Graduate Degree,Skilled Manual,1,0,0-1 Miles,North America,0,35-40,27.2727272727273
S,M,1,No,Graduate Degree,Skilled Manual,1,0,1-2 Miles,North America,0,35-40,27.2727272727273
M,M,1,No,Graduate Degree,Skilled Manual,0,0,0-1 Miles,North America,0,35-40,27.2727272727273
M,M,1,No,Graduate Degree,Skilled Manual,1,0,1-2 Miles,North America,0,35-40,27.2727272727273
M,M,1,No,Graduate Degree,Skilled Manual,1,0,1-2 Miles,North America,0,35-40,27.2727272727273
M,F,1,No,Graduate Degree,Skilled Manual,1,0,0-1 Miles,North America,0,35-40,27.2727272727273
M,F,1,No,Graduate Degree,Skilled Manual,1,0,1-2 Miles,North America,0,35-40,45.4545454545455
M,M,1,No,Graduate Degree,Skilled Manual,1,0,1-2 Miles,North America,0,35-40,45.4545454545455
M,M,1,No,Graduate Degree,Skilled Manual,1,0,1-2 Miles,North America,0,35-40,45.4545454545455
M,M,1,No,Graduate Degree,Skilled Manual,1,0,0-1 Miles,North America,0,35-40,45.4545454545455
S,F,1,No,Graduate Degree,Skilled Manual,1,0,1-2 Miles,North America,0,35-40,45.4545454545455
M,M,1,No,Graduate Degree,Skilled Manual,1,0,0-1 Miles,North America,0,35-40,45.4545454545455
M,F,1,No,Graduate Degree,Manual,1,0,0-1 Miles,Europe,0,46-50,9.09090909090909
M,F,1,No,Graduate Degree,Manual,1,0,0-1 Miles,Europe,0,46-50,9.09090909090909
M,M,1,No,Graduate Degree,Clerical,1,0,0-1 Miles,Europe,0,41-45,9.09090909090909
M,M,1,No,Graduate Degree,Clerical,1,0,0-1 Miles,Europe,0,46-50,9.09090909090909
M,F,1,No,Bachelors,Manual,1,0,0-1 Miles,Europe,0,46-50,9.09090909090909
M,F,1,No,Bachelors,Manual,1,0,0-1 Miles,Europe,0,41-45,9.09090909090909
M,M,1,No,Bachelors,Manual,1,0,0-1 Miles,Europe,0,46-50,9.09090909090909
M,F,1,No,Graduate Degree,Clerical,1,0,0-1 Miles,Europe,0,65+,9.09090909090909
M,M,0,No,Bachelors,Manual,1,0,0-1 Miles,North America,0,29-34,9.09090909090909
M,M,1,No,Bachelors,Manual,1,0,0-1 Miles,Europe,0,51-55,9.09090909090909
M,F,1,No,Bachelors,Manual,1,0,0-1 Miles,Europe,0,51-55,9.09090909090909
M,F,2,No,Partial College,Manual,1,0,0-1 Miles,Europe,0,51-55,9.09090909090909
M,M,2,No,Partial College,Manual,1,0,0-1 Miles,Europe,0,51-55,9.09090909090909
M,M,2,No,Partial College,Manual,1,0,0-1 Miles,Europe,0,51-55,9.09090909090909
M,M,2,No,Partial College,Manual,1,1,0-1 Miles,Europe,1,41-45,9.09090909090909
M,F,2,No,Partial College,Manual,1,1,2-5 Miles,Europe,0,56-65,9.09090909090909
M,F,1,No,Bachelors,Clerical,1,0,0-1 Miles,Europe,0,65+,18.1818181818182
M,M,3,No,Partial College,Manual,1,1,0-1 Miles,Europe,0,65+,9.09090909090909
M,F,1,No,Bachelors,Clerical,1,0,0-1 Miles,Europe,1,65+,18.1818181818182
M,M,1,No,Graduate Degree,Clerical,1,0,0-1 Miles,Europe,1,65+,27.2727272727273
M,F,0,No,Partial College,Manual,1,1,2-5 Miles,Pacific,1,29-34,9.09090909090909
M,M,0,No,Partial College,Manual,1,1,2-5 Miles,Pacific,1,29-34,9.09090909090909
M,F,0,No,Partial College,Manual,0,1,0-1 Miles,Pacific,0,29-34,9.09090909090909
S,M,0,No,Partial College,Manual,0,1,0-1 Miles,Pacific,1,29-34,9.09090909090909
M,M,0,No,Partial College,Manual,1,1,2-5 Miles,Pacific,0,29-34,9.09090909090909
S,M,0,No,High School,Manual,0,2,0-1 Miles,Pacific,1,29-34,9.09090909090909
M,F,0,No,High School,Manual,0,2,0-1 Miles,Pacific,1,29-34,9.09090909090909
S,M,1,Si,High School,Manual,0,0,2-5 Miles,Pacific,1,29-34,9.09090909090909
M,M,0,No,Bachelors,Clerical,1,0,0-1 Miles,Pacific,1,29-34,9.09090909090909
S,M,0,No,Bachelors,Clerical,1,0,0-1 Miles,Pacific,1,29-34,9.09090909090909
S,M,1,No,Partial College,Manual,1,0,1-2 Miles,Europe,0,56-65,9.09090909090909
M,F,2,No,Partial College,Manual,1,1,0-1 Miles,Europe,1,65+,9.09090909090909
M,F,2,No,Partial College,Manual,1,1,1-2 Miles,Europe,1,65+,9.09090909090909
M,M,1,No,Bachelors,Clerical,1,0,0-1 Miles,Europe,1,65+,18.1818181818182
M,F,1,No,Bachelors,Clerical,1,0,0-1 Miles,Europe,1,65+,18.1818181818182
S,F,4,No,Graduate Degree,Clerical,1,0,0-1 Miles,Europe,1,46-50,18.1818181818182
S,M,4,No,Graduate Degree,Clerical,1,0,0-1 Miles,Europe,1,41-45,18.1818181818182
M,F,1,Si,High School,Manual,1,1,2-5 Miles,Europe,0,46-50,9.09090909090909
S,M,1,Si,Partial College,Manual,0,0,1-2 Miles,Europe,0,46-50,9.09090909090909
M,M,3,No,Graduate Degree,Clerical,1,0,0-1 Miles,Europe,1,46-50,18.1818181818182
M,F,2,No,Partial College,Manual,1,1,0-1 Miles,Europe,1,46-50,9.09090909090909
S,F,3,No,Graduate Degree,Clerical,1,0,0-1 Miles,Europe,1,41-45,18.1818181818182
M,M,1,Si,Bachelors,Skilled Manual,1,0,1-2 Miles,Europe,1,29-34,27.2727272727273
M,M,0,No,Partial High School,Manual,0,2,0-1 Miles,Europe,0,35-40,9.09090909090909
S,F,0,No,Partial College,Clerical,0,1,2-5 Miles,Europe,1,35-40,18.1818181818182
S,M,0,No,Partial High School,Manual,0,2,1-2 Miles,Europe,0,29-34,9.09090909090909
S,M,0,No,Partial High School,Manual,1,2,1-2 Miles,Europe,0,29-34,9.09090909090909
S,F,0,No,Partial High School,Manual,0,2,0-1 Miles,Europe,0,29-34,9.09090909090909
S,F,0,No,High School,Manual,0,1,1-2 Miles,Europe,0,29-34,18.1818181818182
M,F,1,No,Partial College,Skilled Manual,1,1,2-5 Miles,North America,1,46-50,63.6363636363636
M,F,1,No,Partial College,Skilled Manual,1,1,2-5 Miles,North America,1,46-50,63.6363636363636
M,F,1,No,Partial College,Skilled Manual,1,1,0-1 Miles,North America,1,46-50,63.6363636363636
M,F,1,No,Partial College,Skilled Manual,1,1,2-5 Miles,North America,1,35-40,63.6363636363636
M,F,4,Si,High School,Skilled Manual,1,2,0-1 Miles,North America,0,46-50,27.2727272727273
S,M,4,Si,High School,Skilled Manual,1,3,5-10 Miles,North America,0,46-50,27.2727272727273
M,M,4,Si,High School,Skilled Manual,1,2,2-5 Miles,North America,1,46-50,27.2727272727273
M,M,1,No,Partial College,Skilled Manual,1,1,2-5 Miles,North America,1,46-50,45.4545454545455
M,F,1,No,Partial College,Skilled Manual,1,1,0-1 Miles,North America,1,46-50,45.4545454545455
S,F,0,No,Partial College,Skilled Manual,0,1,0-1 Miles,North America,0,35-40,45.4545454545455
S,F,0,No,Partial College,Skilled Manual,1,1,2-5 Miles,North America,1,41-45,45.4545454545455
S,M,0,No,Graduate Degree,Professional,1,1,2-5 Miles,North America,1,41-45,45.4545454545455
S,F,0,No,Graduate Degree,Professional,0,1,0-1 Miles,North America,1,41-45,45.4545454545455
S,F,0,No,Graduate Degree,Professional,0,1,0-1 Miles,North America,1,35-40,45.4545454545455
M,M,1,No,Partial College,Skilled Manual,1,1,2-5 Miles,North America,1,46-50,45.4545454545455
M,M,1,No,Partial College,Skilled Manual,0,1,0-1 Miles,North America,1,46-50,45.4545454545455
M,M,1,No,Partial College,Skilled Manual,1,1,2-5 Miles,North America,1,46-50,45.4545454545455
M,F,1,No,Partial College,Skilled Manual,1,1,2-5 Miles,North America,1,46-50,45.4545454545455
S,F,4,Si,Bachelors,Professional,1,0,2-5 Miles,North America,1,46-50,45.4545454545455
M,F,1,No,Graduate Degree,Professional,1,1,0-1 Miles,North America,1,46-50,63.6363636363636
M,M,2,No,Graduate Degree,Professional,1,1,0-1 Miles,North America,1,51-55,63.6363636363636
M,F,5,Si,Graduate Degree,Professional,1,3,10+ Miles,North America,0,46-50,63.6363636363636
M,F,5,Si,Graduate Degree,Professional,1,3,10+ Miles,North America,0,46-50,63.6363636363636
M,M,1,No,Graduate Degree,Professional,1,0,0-1 Miles,North America,0,35-40,72.7272727272727
M,F,2,No,Graduate Degree,Professional,1,0,0-1 Miles,North America,1,41-45,72.7272727272727
S,M,3,Si,Bachelors,Professional,0,0,0-1 Miles,North America,1,51-55,45.4545454545455
M,F,1,No,Bachelors,Professional,1,1,0-1 Miles,North America,1,51-55,45.4545454545455
M,M,1,No,Bachelors,Professional,1,1,2-5 Miles,North America,1,46-50,45.4545454545455
M,M,1,No,Bachelors,Professional,1,1,2-5 Miles,North America,1,51-55,45.4545454545455
M,F,1,No,Bachelors,Professional,1,1,0-1 Miles,North America,1,51-55,45.4545454545455
M,F,5,No,Graduate Degree,Professional,1,0,0-1 Miles,North America,1,51-55,72.7272727272727
M,M,2,Si,Bachelors,Professional,1,1,2-5 Miles,Pacific,1,41-45,45.4545454545455
M,F,4,Si,Graduate Degree,Management,1,1,0-1 Miles,Pacific,0,35-40,72.7272727272727
S,F,4,Si,Graduate Degree,Management,1,1,0-1 Miles,Pacific,1,35-40,72.7272727272727
S,F,2,Si,Bachelors,Professional,0,1,0-1 Miles,Pacific,1,41-45,45.4545454545455
S,F,2,Si,Bachelors,Professional,0,1,0-1 Miles,Pacific,1,41-45,45.4545454545455
M,M,2,Si,Bachelors,Professional,1,1,2-5 Miles,Pacific,1,41-45,45.4545454545455
M,F,5,Si,Bachelors,Professional,0,3,10+ Miles,Pacific,1,29-34,63.6363636363636
M,M,5,Si,Bachelors,Professional,0,3,10+ Miles,Pacific,0,35-40,63.6363636363636
M,F,1,No,Graduate Degree,Management,0,0,0-1 Miles,Pacific,1,35-40,90.9090909090909
S,F,1,No,Graduate Degree,Management,1,0,0-1 Miles,Pacific,1,35-40,90.9090909090909
M,F,1,No,Graduate Degree,Management,0,0,0-1 Miles,Pacific,1,35-40,90.9090909090909
M,F,5,Si,Bachelors,Professional,0,3,10+ Miles,Pacific,0,35-40,63.6363636363636
M,M,5,Si,Bachelors,Professional,1,4,10+ Miles,Pacific,0,35-40,63.6363636363636
M,M,5,Si,Graduate Degree,Management,0,3,0-1 Miles,Pacific,0,41-45,72.7272727272727
S,F,0,No,Bachelors,Professional,1,0,0-1 Miles,Pacific,1,41-45,81.8181818181818
M,F,0,No,Bachelors,Professional,1,0,0-1 Miles,Pacific,1,41-45,81.8181818181818
M,M,2,No,Bachelors,Professional,1,0,2-5 Miles,Pacific,1,41-45,81.8181818181818
M,M,0,No,Graduate Degree,Management,1,0,2-5 Miles,Pacific,1,41-45,81.8181818181818
M,M,2,Si,Bachelors,Professional,1,1,2-5 Miles,Pacific,0,41-45,45.4545454545455
M,M,3,Si,Bachelors,Professional,1,1,5-10 Miles,Pacific,0,35-40,45.4545454545455
S,M,0,No,Bachelors,Professional,0,1,5-10 Miles,Pacific,0,41-45,63.6363636363636
M,M,3,Si,Bachelors,Professional,1,2,5-10 Miles,Pacific,0,41-45,45.4545454545455
S,F,3,Si,Bachelors,Professional,1,2,5-10 Miles,Pacific,0,41-45,45.4545454545455
S,M,4,Si,Bachelors,Professional,1,3,10+ Miles,Pacific,0,41-45,45.4545454545455
S,M,4,Si,Bachelors,Professional,1,3,5-10 Miles,Pacific,0,41-45,45.4545454545455
S,M,3,Si,Bachelors,Professional,0,2,0-1 Miles,Pacific,1,46-50,45.4545454545455
M,M,0,No,Bachelors,Professional,0,1,0-1 Miles,Pacific,0,46-50,63.6363636363636
S,F,2,No,Bachelors,Professional,1,0,1-2 Miles,Pacific,1,41-45,81.8181818181818
M,F,2,No,Bachelors,Professional,1,0,2-5 Miles,Pacific,1,29-34,81.8181818181818
M,F,1,No,Partial College,Skilled Manual,1,1,5-10 Miles,Pacific,0,46-50,45.4545454545455
M,M,1,No,Partial College,Skilled Manual,0,1,0-1 Miles,Pacific,1,46-50,45.4545454545455
M,M,5,No,Graduate Degree,Management,0,2,0-1 Miles,Pacific,1,65+,90.9090909090909
S,F,0,No,Graduate Degree,Management,0,1,5-10 Miles,Pacific,0,41-45,81.8181818181818
S,F,0,No,Graduate Degree,Management,0,1,1-2 Miles,Pacific,1,41-45,81.8181818181818
S,M,0,No,Graduate Degree,Management,1,1,2-5 Miles,Pacific,1,41-45,81.8181818181818
M,F,0,No,Bachelors,Professional,0,1,2-5 Miles,Pacific,1,35-40,81.8181818181818
S,F,0,No,Bachelors,Professional,0,1,2-5 Miles,Pacific,1,41-45,81.8181818181818
M,F,1,No,Partial College,Skilled Manual,1,1,5-10 Miles,Pacific,0,46-50,45.4545454545455
S,F,1,No,Partial College,Skilled Manual,1,1,5-10 Miles,Pacific,1,46-50,45.4545454545455
M,M,1,No,Partial College,Skilled Manual,1,1,5-10 Miles,Pacific,0,46-50,45.4545454545455
M,M,1,No,Partial College,Skilled Manual,1,1,5-10 Miles,Pacific,0,46-50,45.4545454545455
M,M,1,No,Partial College,Skilled Manual,1,1,5-10 Miles,Pacific,0,41-45,45.4545454545455
S,F,0,No,Bachelors,Professional,0,1,5-10 Miles,Pacific,1,35-40,63.6363636363636
S,F,5,Si,Bachelors,Professional,1,4,1-2 Miles,Pacific,0,41-45,72.7272727272727
M,F,5,Si,Bachelors,Professional,1,4,1-2 Miles,Pacific,0,35-40,72.7272727272727
S,M,0,No,Bachelors,Professional,0,1,5-10 Miles,Pacific,1,35-40,63.6363636363636
S,M,0,No,Bachelors,Professional,0,1,5-10 Miles,Pacific,0,35-40,63.6363636363636
S,F,0,No,Bachelors,Professional,0,1,0-1 Miles,Pacific,1,35-40,63.6363636363636
S,F,0,No,Bachelors,Professional,0,2,5-10 Miles,Pacific,1,41-45,63.6363636363636
S,M,1,No,Partial College,Skilled Manual,1,1,5-10 Miles,Pacific,1,46-50,45.4545454545455
M,F,1,No,Partial College,Skilled Manual,1,1,5-10 Miles,Pacific,1,46-50,45.4545454545455
M,M,5,Si,Partial College,Skilled Manual,1,2,5-10 Miles,Pacific,0,46-50,63.6363636363636
S,M,5,Si,Partial College,Skilled Manual,1,2,5-10 Miles,Pacific,0,46-50,63.6363636363636
S,M,1,No,Partial College,Skilled Manual,1,1,5-10 Miles,Pacific,1,41-45,45.4545454545455
M,M,1,No,Partial College,Skilled Manual,1,1,5-10 Miles,Pacific,0,46-50,45.4545454545455
M,F,5,Si,Partial College,Skilled Manual,0,2,0-1 Miles,Pacific,0,41-45,63.6363636363636
M,F,5,Si,Partial College,Skilled Manual,1,3,5-10 Miles,Pacific,0,41-45,63.6363636363636
M,M,5,Si,Partial College,Skilled Manual,1,3,5-10 Miles,Pacific,0,41-45,63.6363636363636
M,M,2,Si,High School,Skilled Manual,0,2,0-1 Miles,Pacific,0,51-55,9.09090909090909
M,M,0,No,High School,Skilled Manual,1,2,5-10 Miles,North America,0,29-34,18.1818181818182
S,M,0,No,High School,Skilled Manual,0,2,0-1 Miles,North America,0,29-34,18.1818181818182
S,M,0,No,High School,Skilled Manual,0,2,0-1 Miles,North America,0,29-34,27.2727272727273
S,F,0,No,High School,Skilled Manual,1,2,5-10 Miles,North America,0,29-34,27.2727272727273
M,M,0,No,High School,Skilled Manual,1,2,5-10 Miles,North America,0,29-34,27.2727272727273
M,F,0,No,High School,Skilled Manual,0,2,0-1 Miles,North America,0,29-34,18.1818181818182
S,F,0,No,High School,Skilled Manual,1,2,5-10 Miles,North America,0,29-34,18.1818181818182
M,F,2,No,Partial College,Clerical,0,2,0-1 Miles,Pacific,0,65+,18.1818181818182
M,F,0,No,High School,Skilled Manual,1,2,5-10 Miles,North America,0,29-34,27.2727272727273
S,M,0,No,High School,Skilled Manual,1,2,5-10 Miles,North America,0,29-34,27.2727272727273
S,M,0,No,Partial High School,Clerical,0,2,5-10 Miles,North America,0,29-34,18.1818181818182
S,M,0,No,High School,Skilled Manual,0,2,0-1 Miles,North America,1,29-34,27.2727272727273
S,F,2,No,Bachelors,Management,1,2,5-10 Miles,Pacific,0,65+,27.2727272727273
M,F,2,No,Bachelors,Management,1,2,5-10 Miles,Pacific,1,56-65,27.2727272727273
S,F,2,No,Graduate Degree,Management,1,1,5-10 Miles,Pacific,1,65+,45.4545454545455
M,M,0,No,High School,Skilled Manual,1,2,5-10 Miles,North America,0,29-34,27.2727272727273
S,F,0,No,Partial College,Skilled Manual,0,1,1-2 Miles,North America,0,29-34,27.2727272727273
S,F,0,No,Partial College,Skilled Manual,1,1,5-10 Miles,North America,0,29-34,27.2727272727273
S,M,0,No,Partial College,Skilled Manual,0,1,1-2 Miles,North America,0,29-34,27.2727272727273
S,F,0,No,Partial College,Skilled Manual,0,1,1-2 Miles,North America,0,29-34,27.2727272727273
S,M,0,No,Partial College,Skilled Manual,0,1,1-2 Miles,North America,0,29-34,27.2727272727273
S,F,0,No,High School,Skilled Manual,0,2,1-2 Miles,North America,1,29-34,27.2727272727273
S,F,0,No,Partial College,Skilled Manual,0,1,1-2 Miles,North America,0,29-34,18.1818181818182
S,F,0,No,Partial College,Skilled Manual,1,1,5-10 Miles,North America,0,35-40,18.1818181818182
S,F,0,No,Partial College,Skilled Manual,0,1,1-2 Miles,North America,0,29-34,18.1818181818182
M,M,0,No,Partial College,Skilled Manual,0,1,1-2 Miles,North America,1,35-40,45.4545454545455
S,F,0,No,Partial College,Skilled Manual,0,1,1-2 Miles,North America,1,35-40,45.4545454545455
S,F,0,No,Graduate Degree,Management,0,2,0-1 Miles,North America,1,35-40,90.9090909090909
S,M,0,No,Graduate Degree,Management,0,0,2-5 Miles,North America,0,35-40,90.9090909090909
M,F,4,Si,Bachelors,Management,1,1,1-2 Miles,North America,0,41-45,81.8181818181818
S,M,4,Si,Partial College,Skilled Manual,0,2,1-2 Miles,North America,0,41-45,81.8181818181818
M,F,4,Si,Partial College,Skilled Manual,1,3,0-1 Miles,North America,0,35-40,81.8181818181818
S,F,1,No,Graduate Degree,Management,0,3,0-1 Miles,North America,1,35-40,90.9090909090909
M,M,1,No,Graduate Degree,Management,1,1,5-10 Miles,North America,1,41-45,90.9090909090909
S,M,0,No,High School,Skilled Manual,0,2,1-2 Miles,North America,1,29-34,27.2727272727273
S,M,0,No,Partial College,Skilled Manual,0,1,5-10 Miles,North America,0,29-34,18.1818181818182
S,F,0,No,Partial College,Skilled Manual,0,1,5-10 Miles,North America,0,29-34,18.1818181818182
S,F,0,No,Partial College,Skilled Manual,1,1,5-10 Miles,North America,0,29-34,18.1818181818182
M,F,0,No,Partial College,Skilled Manual,1,1,5-10 Miles,North America,0,29-34,18.1818181818182
M,F,5,No,High School,Skilled Manual,1,4,5-10 Miles,Pacific,0,56-65,9.09090909090909
S,M,0,No,Partial College,Skilled Manual,1,1,5-10 Miles,North America,1,29-34,45.4545454545455
M,M,0,No,Partial College,Skilled Manual,0,1,1-2 Miles,North America,0,29-34,45.4545454545455
M,M,0,No,Partial High School,Clerical,0,2,1-2 Miles,North America,0,29-34,27.2727272727273
S,M,0,No,Partial College,Skilled Manual,0,1,1-2 Miles,North America,0,29-34,27.2727272727273
M,M,2,Si,High School,Skilled Manual,0,2,1-2 Miles,Pacific,0,56-65,9.09090909090909
S,M,0,No,Partial College,Skilled Manual,1,1,5-10 Miles,North America,0,29-34,27.2727272727273
S,F,4,No,High School,Skilled Manual,1,2,5-10 Miles,Pacific,0,56-65,9.09090909090909
M,M,4,No,High School,Skilled Manual,0,2,1-2 Miles,Pacific,0,56-65,9.09090909090909
M,F,1,Si,Graduate Degree,Skilled Manual,1,0,1-2 Miles,North America,1,29-34,45.4545454545455
M,M,1,Si,Graduate Degree,Skilled Manual,1,0,1-2 Miles,North America,1,35-40,45.4545454545455
M,F,1,Si,Graduate Degree,Skilled Manual,1,0,1-2 Miles,North America,1,35-40,45.4545454545455
M,F,1,Si,Graduate Degree,Skilled Manual,1,0,1-2 Miles,North America,1,35-40,45.4545454545455
S,F,0,No,Partial College,Professional,1,1,10+ Miles,North America,0,46-50,81.8181818181818
S,M,0,No,Partial College,Professional,0,2,0-1 Miles,North America,1,46-50,81.8181818181818
M,F,0,Si,Partial College,Professional,1,2,2-5 Miles,North America,1,41-45,81.8181818181818
S,M,3,Si,Bachelors,Management,0,4,1-2 Miles,North America,0,46-50,90.9090909090909
M,F,3,Si,Bachelors,Management,1,4,1-2 Miles,North America,0,46-50,90.9090909090909
M,F,3,Si,Bachelors,Management,1,4,1-2 Miles,North America,0,41-45,90.9090909090909
M,F,2,No,Bachelors,Management,1,4,0-1 Miles,North America,0,35-40,90.9090909090909
M,M,1,Si,Bachelors,Management,1,4,0-1 Miles,North America,0,35-40,90.9090909090909
M,M,5,Si,Partial College,Professional,1,2,5-10 Miles,North America,0,41-45,72.7272727272727
M,M,5,Si,Partial College,Professional,1,4,5-10 Miles,North America,0,46-50,81.8181818181818
M,M,5,Si,Partial College,Professional,1,4,5-10 Miles,North America,0,46-50,81.8181818181818
S,F,1,Si,Partial College,Professional,0,3,1-2 Miles,North America,0,46-50,81.8181818181818
M,M,1,Si,Bachelors,Management,1,1,5-10 Miles,North America,0,41-45,90.9090909090909
S,M,1,Si,Bachelors,Management,0,3,1-2 Miles,North America,0,46-50,90.9090909090909
M,M,1,Si,Bachelors,Management,1,3,1-2 Miles,North America,0,41-45,90.9090909090909
M,M,1,Si,High School,Professional,1,4,5-10 Miles,North America,1,35-40,90.9090909090909
S,F,1,Si,Bachelors,Management,0,4,0-1 Miles,North America,0,46-50,90.9090909090909
M,F,1,Si,Bachelors,Management,1,4,2-5 Miles,North America,1,46-50,90.9090909090909
M,F,1,Si,Bachelors,Management,1,4,2-5 Miles,North America,1,46-50,90.9090909090909
M,M,5,Si,Partial College,Professional,1,3,5-10 Miles,North America,0,46-50,63.6363636363636
M,F,5,Si,Partial College,Professional,1,3,1-2 Miles,North America,0,46-50,72.7272727272727
M,F,4,Si,Partial College,Professional,1,1,1-2 Miles,North America,0,46-50,81.8181818181818
M,F,1,Si,Bachelors,Management,1,3,2-5 Miles,North America,0,46-50,90.9090909090909
S,F,1,Si,Bachelors,Management,1,3,5-10 Miles,North America,1,41-45,90.9090909090909
S,F,1,Si,Bachelors,Management,0,3,0-1 Miles,North America,1,46-50,90.9090909090909
M,F,1,Si,Bachelors,Management,1,4,2-5 Miles,North America,1,35-40,90.9090909090909
S,F,1,Si,Bachelors,Management,0,2,0-1 Miles,North America,1,29-34,90.9090909090909
M,F,2,No,High School,Professional,0,2,5-10 Miles,North America,0,51-55,45.4545454545455
M,F,2,No,High School,Professional,0,2,1-2 Miles,North America,1,51-55,45.4545454545455
M,F,4,Si,High School,Professional,1,0,5-10 Miles,North America,0,51-55,63.6363636363636
M,F,4,Si,High School,Professional,1,0,5-10 Miles,North America,0,51-55,63.6363636363636
S,F,2,No,Partial High School,Skilled Manual,0,2,1-2 Miles,North America,0,51-55,72.7272727272727
M,M,2,No,Partial High School,Skilled Manual,0,2,1-2 Miles,North America,0,51-55,72.7272727272727
S,F,2,No,Partial High School,Skilled Manual,0,2,1-2 Miles,North America,0,51-55,72.7272727272727
M,M,3,No,Partial College,Professional,0,2,1-2 Miles,North America,0,65+,27.2727272727273
M,F,2,No,Graduate Degree,Management,1,2,5-10 Miles,North America,0,65+,45.4545454545455
M,M,2,No,Graduate Degree,Management,1,2,1-2 Miles,North America,0,65+,45.4545454545455
M,F,2,No,Graduate Degree,Management,1,2,5-10 Miles,North America,0,65+,45.4545454545455
M,F,1,Si,Graduate Degree,Management,1,4,2-5 Miles,North America,0,65+,90.9090909090909
M,M,2,No,Graduate Degree,Management,1,2,5-10 Miles,North America,0,65+,45.4545454545455
M,M,2,No,Graduate Degree,Management,0,2,1-2 Miles,North America,0,65+,45.4545454545455
S,M,4,No,Bachelors,Management,1,2,5-10 Miles,North America,0,65+,81.8181818181818
M,F,2,Si,Graduate Degree,Management,1,3,2-5 Miles,North America,0,65+,90.9090909090909
M,M,4,Si,High School,Professional,1,2,5-10 Miles,North America,0,46-50,81.8181818181818
M,M,1,Si,High School,Professional,1,4,2-5 Miles,North America,0,41-45,90.9090909090909
M,F,4,Si,High School,Professional,0,2,2-5 Miles,North America,0,35-40,90.9090909090909
S,M,2,No,Partial High School,Skilled Manual,1,2,5-10 Miles,North America,0,51-55,72.7272727272727
S,M,2,No,Partial High School,Skilled Manual,1,2,5-10 Miles,North America,0,46-50,72.7272727272727
M,M,3,No,Partial High School,Skilled Manual,1,2,5-10 Miles,North America,0,51-55,63.6363636363636
M,F,2,No,Partial High School,Skilled Manual,1,2,5-10 Miles,North America,1,56-65,45.4545454545455
M,F,2,No,Partial High School,Skilled Manual,0,2,1-2 Miles,North America,1,46-50,45.4545454545455
M,F,2,No,Partial High School,Skilled Manual,0,2,1-2 Miles,North America,1,46-50,45.4545454545455
M,M,2,No,Partial High School,Skilled Manual,0,2,1-2 Miles,North America,1,51-55,45.4545454545455
S,F,3,No,Graduate Degree,Management,1,2,5-10 Miles,North America,1,56-65,63.6363636363636
S,F,3,No,Graduate Degree,Management,1,2,5-10 Miles,North America,1,56-65,63.6363636363636
M,M,3,No,Graduate Degree,Management,1,2,5-10 Miles,North America,1,56-65,63.6363636363636
M,M,3,No,Graduate Degree,Management,1,2,1-2 Miles,North America,0,65+,45.4545454545455
S,F,3,No,Graduate Degree,Management,1,2,10+ Miles,North America,0,65+,45.4545454545455
M,F,3,No,Graduate Degree,Management,1,2,10+ Miles,North America,0,65+,45.4545454545455
M,M,3,No,Graduate Degree,Management,1,2,10+ Miles,North America,0,65+,45.4545454545455
M,M,5,No,Graduate Degree,Management,1,2,10+ Miles,North America,1,65+,63.6363636363636
S,M,3,No,Graduate Degree,Management,1,2,10+ Miles,North America,0,65+,45.4545454545455
M,M,3,No,Graduate Degree,Management,0,2,1-2 Miles,North America,0,65+,45.4545454545455
M,M,5,No,Graduate Degree,Management,1,2,10+ Miles,North America,1,65+,63.6363636363636
M,F,5,No,Graduate Degree,Management,1,2,10+ Miles,North America,1,65+,63.6363636363636
M,M,3,No,Graduate Degree,Management,0,2,1-2 Miles,North America,1,65+,45.4545454545455
M,F,5,No,Graduate Degree,Management,0,2,1-2 Miles,North America,0,65+,63.6363636363636
M,M,5,No,Graduate Degree,Management,1,2,10+ Miles,North America,0,65+,63.6363636363636
S,M,5,No,Graduate Degree,Management,1,2,10+ Miles,North America,0,65+,63.6363636363636
M,F,5,No,Graduate Degree,Management,1,2,1-2 Miles,North America,0,65+,63.6363636363636
M,F,4,No,Bachelors,Management,1,2,5-10 Miles,North America,0,65+,72.7272727272727
S,F,4,No,Bachelors,Management,1,2,5-10 Miles,North America,0,65+,72.7272727272727
M,F,4,No,Bachelors,Management,1,2,1-2 Miles,North America,1,65+,45.4545454545455
S,F,4,No,Bachelors,Management,0,2,1-2 Miles,North America,1,56-65,45.4545454545455
S,M,4,No,Bachelors,Management,1,2,10+ Miles,North America,0,65+,45.4545454545455
M,M,4,No,Bachelors,Management,1,2,10+ Miles,North America,0,65+,45.4545454545455
S,F,5,No,Graduate Degree,Management,1,2,10+ Miles,North America,0,65+,63.6363636363636
M,M,4,No,Bachelors,Management,1,2,1-2 Miles,North America,1,65+,45.4545454545455
M,F,4,No,Bachelors,Management,1,2,1-2 Miles,North America,1,65+,45.4545454545455
M,F,4,No,Bachelors,Management,1,2,1-2 Miles,North America,1,65+,45.4545454545455
M,M,4,No,High School,Skilled Manual,0,2,1-2 Miles,Pacific,0,56-65,9.09090909090909
M,M,4,No,High School,Skilled Manual,0,2,1-2 Miles,Pacific,0,56-65,9.09090909090909
S,M,2,Si,Partial High School,Clerical,1,2,5-10 Miles,Pacific,0,56-65,9.09090909090909
S,M,0,No,Partial College,Skilled Manual,0,2,0-1 Miles,North America,1,29-34,63.6363636363636
M,F,2,Si,Partial High School,Clerical,1,2,1-2 Miles,Pacific,0,56-65,9.09090909090909
M,M,2,Si,Partial High School,Clerical,1,2,5-10 Miles,Pacific,0,46-50,9.09090909090909
S,M,0,No,Partial High School,Clerical,1,2,5-10 Miles,North America,0,29-34,27.2727272727273
S,F,0,No,Partial College,Skilled Manual,1,2,5-10 Miles,North America,0,29-34,27.2727272727273
M,M,0,No,Partial College,Skilled Manual,1,2,5-10 Miles,North America,0,29-34,27.2727272727273
M,M,0,No,Partial College,Skilled Manual,1,2,5-10 Miles,North America,0,29-34,45.4545454545455
M,M,0,No,Partial College,Skilled Manual,1,2,5-10 Miles,North America,1,29-34,63.6363636363636
M,F,0,No,Partial College,Skilled Manual,1,2,5-10 Miles,North America,0,29-34,45.4545454545455
M,F,0,No,Partial College,Skilled Manual,1,2,5-10 Miles,North America,0,29-34,45.4545454545455
M,F,2,Si,Partial High School,Clerical,1,2,1-2 Miles,Pacific,0,56-65,9.09090909090909
S,M,3,No,Partial College,Clerical,1,2,5-10 Miles,Pacific,1,51-55,18.1818181818182
M,M,3,No,Partial College,Clerical,0,2,5-10 Miles,Pacific,0,56-65,18.1818181818182
M,M,3,No,Partial College,Clerical,0,2,1-2 Miles,Pacific,1,56-65,18.1818181818182
M,M,2,Si,Partial High School,Clerical,1,2,5-10 Miles,Pacific,0,51-55,9.09090909090909
M,F,3,No,High School,Skilled Manual,1,2,5-10 Miles,Pacific,1,56-65,18.1818181818182
S,F,0,No,Partial High School,Clerical,1,2,5-10 Miles,North America,0,29-34,27.2727272727273
S,F,0,No,Partial College,Skilled Manual,1,2,5-10 Miles,North America,1,29-34,45.4545454545455
S,F,3,No,High School,Skilled Manual,1,2,5-10 Miles,Pacific,1,51-55,18.1818181818182
M,F,3,No,High School,Skilled Manual,1,2,5-10 Miles,Pacific,1,56-65,18.1818181818182
M,F,3,No,High School,Skilled Manual,1,2,5-10 Miles,Pacific,1,51-55,18.1818181818182
M,M,3,No,High School,Skilled Manual,1,2,5-10 Miles,Pacific,1,56-65,18.1818181818182
S,M,3,No,Partial College,Skilled Manual,1,2,5-10 Miles,Pacific,1,56-65,27.2727272727273
M,M,3,No,Partial College,Skilled Manual,0,2,1-2 Miles,Pacific,0,56-65,27.2727272727273
M,M,3,No,Partial College,Skilled Manual,1,2,5-10 Miles,Pacific,1,56-65,27.2727272727273
M,M,2,No,Partial College,Skilled Manual,1,2,5-10 Miles,Pacific,1,56-65,63.6363636363636
S,M,0,No,Partial College,Skilled Manual,1,2,5-10 Miles,North America,0,29-34,27.2727272727273
S,M,0,No,High School,Skilled Manual,1,2,5-10 Miles,North America,0,35-40,27.2727272727273
M,F,0,No,High School,Skilled Manual,1,2,5-10 Miles,North America,0,29-34,27.2727272727273
S,M,0,No,Partial College,Skilled Manual,0,2,1-2 Miles,North America,1,29-34,45.4545454545455
M,F,0,No,Partial College,Skilled Manual,1,2,5-10 Miles,North America,0,29-34,45.4545454545455
S,F,0,No,Partial College,Skilled Manual,0,2,1-2 Miles,North America,1,29-34,45.4545454545455
S,F,0,No,Partial College,Skilled Manual,0,2,1-2 Miles,North America,1,29-34,45.4545454545455
S,M,0,No,Partial College,Skilled Manual,1,2,5-10 Miles,North America,0,29-34,45.4545454545455
M,F,0,No,Partial College,Skilled Manual,0,2,1-2 Miles,North America,0,29-34,45.4545454545455
S,F,0,No,Partial College,Skilled Manual,0,2,1-2 Miles,North America,0,29-34,45.4545454545455
M,F,0,No,Partial College,Professional,0,2,1-2 Miles,North America,0,29-34,45.4545454545455
M,M,0,No,Partial College,Professional,1,2,5-10 Miles,North America,1,35-40,63.6363636363636
S,M,0,No,Partial College,Professional,0,2,1-2 Miles,North America,0,29-34,45.4545454545455
S,F,2,No,High School,Skilled Manual,1,2,5-10 Miles,Pacific,1,46-50,72.7272727272727
M,F,2,No,High School,Skilled Manual,1,2,5-10 Miles,Pacific,1,46-50,72.7272727272727
M,M,2,No,High School,Skilled Manual,1,2,5-10 Miles,Pacific,1,51-55,72.7272727272727
S,F,2,No,High School,Skilled Manual,0,2,1-2 Miles,Pacific,1,51-55,72.7272727272727
M,M,2,No,High School,Skilled Manual,1,2,5-10 Miles,Pacific,1,46-50,72.7272727272727
S,F,0,No,Partial College,Professional,0,2,1-2 Miles,North America,0,29-34,45.4545454545455
S,M,2,No,High School,Professional,1,2,5-10 Miles,Pacific,1,51-55,63.6363636363636
S,F,2,No,High School,Professional,1,2,5-10 Miles,Pacific,1,51-55,63.6363636363636
S,F,2,No,High School,Professional,0,2,5-10 Miles,Pacific,1,41-45,63.6363636363636
M,M,1,Si,Bachelors,Management,1,2,0-1 Miles,Pacific,0,46-50,81.8181818181818
S,M,5,Si,Bachelors,Management,1,4,2-5 Miles,Pacific,0,51-55,90.9090909090909
M,M,4,Si,Bachelors,Management,1,4,2-5 Miles,Pacific,0,41-45,90.9090909090909
S,M,0,No,Graduate Degree,Management,1,3,0-1 Miles,Pacific,1,51-55,90.9090909090909
M,F,0,No,Partial College,Professional,1,2,5-10 Miles,North America,0,29-34,45.4545454545455
M,M,0,No,Partial College,Professional,1,2,5-10 Miles,North America,0,35-40,45.4545454545455
M,F,0,No,High School,Professional,1,2,5-10 Miles,North America,1,35-40,45.4545454545455
M,M,1,Si,Bachelors,Management,1,1,2-5 Miles,Pacific,0,35-40,90.9090909090909
S,F,0,No,Bachelors,Management,0,1,0-1 Miles,North America,1,41-45,90.9090909090909
S,F,0,No,Graduate Degree,Management,0,4,1-2 Miles,North America,1,41-45,90.9090909090909
M,F,2,No,High School,Professional,0,2,1-2 Miles,North America,1,51-55,45.4545454545455
M,F,2,Si,Partial College,Professional,1,0,0-1 Miles,North America,0,51-55,63.6363636363636
M,F,2,Si,Bachelors,Management,1,1,0-1 Miles,North America,1,46-50,72.7272727272727
M,M,2,No,Partial College,Professional,1,1,5-10 Miles,North America,0,46-50,81.8181818181818
M,F,2,No,High School,Professional,0,2,5-10 Miles,North America,0,51-55,45.4545454545455
M,F,2,No,High School,Professional,0,2,1-2 Miles,North America,1,51-55,45.4545454545455
M,M,3,No,Partial College,Professional,0,2,5-10 Miles,North America,0,51-55,63.6363636363636
S,F,3,No,Partial College,Professional,1,2,5-10 Miles,North America,1,46-50,63.6363636363636
M,M,2,No,Graduate Degree,Management,1,2,1-2 Miles,North America,0,65+,45.4545454545455
S,M,4,Si,Partial College,Professional,1,3,2-5 Miles,North America,1,35-40,81.8181818181818
M,M,5,Si,Partial College,Professional,1,3,0-1 Miles,North America,0,41-45,81.8181818181818
M,M,3,Si,Bachelors,Management,1,4,0-1 Miles,North America,0,35-40,81.8181818181818
M,M,2,Si,Bachelors,Management,1,3,2-5 Miles,North America,0,41-45,90.9090909090909
S,F,1,Si,Graduate Degree,Management,0,1,0-1 Miles,North America,1,41-45,90.9090909090909
S,M,2,Si,Graduate Degree,Management,0,2,0-1 Miles,North America,0,41-45,90.9090909090909
M,M,4,Si,Bachelors,Management,0,0,0-1 Miles,North America,0,35-40,72.7272727272727
M,M,4,Si,Bachelors,Management,1,0,2-5 Miles,North America,0,35-40,72.7272727272727
S,M,3,Si,High School,Skilled Manual,1,2,0-1 Miles,North America,1,41-45,27.2727272727273
M,M,3,Si,High School,Skilled Manual,1,2,2-5 Miles,North America,1,41-45,27.2727272727273
S,F,1,No,Bachelors,Professional,0,1,2-5 Miles,North America,1,41-45,63.6363636363636
M,M,1,No,Partial College,Skilled Manual,1,1,2-5 Miles,North America,1,46-50,63.6363636363636
S,F,4,No,Bachelors,Management,0,2,1-2 Miles,North America,1,65+,45.4545454545455
M,M,4,No,Bachelors,Management,1,2,10+ Miles,North America,0,56-65,45.4545454545455
M,M,3,No,Graduate Degree,Management,1,2,10+ Miles,North America,0,65+,45.4545454545455
M,M,3,No,Graduate Degree,Management,1,2,10+ Miles,North America,0,65+,45.4545454545455
M,F,3,No,Graduate Degree,Management,1,2,10+ Miles,North America,0,65+,45.4545454545455
S,M,5,No,Bachelors,Management,1,2,10+ Miles,North America,0,56-65,63.6363636363636
M,F,3,No,Graduate Degree,Management,1,2,10+ Miles,North America,0,65+,45.4545454545455
M,M,5,No,Bachelors,Management,1,2,10+ Miles,North America,0,65+,63.6363636363636
M,F,5,No,Bachelors,Management,1,2,1-2 Miles,North America,0,65+,63.6363636363636
M,M,5,No,Bachelors,Management,1,2,1-2 Miles,North America,0,56-65,63.6363636363636
M,M,5,No,Bachelors,Management,1,2,5-10 Miles,North America,0,51-55,72.7272727272727
M,M,5,No,Bachelors,Management,0,2,1-2 Miles,North America,1,65+,72.7272727272727
M,F,5,No,Bachelors,Management,0,2,1-2 Miles,North America,1,65+,81.8181818181818
M,F,5,No,Partial High School,Clerical,0,2,1-2 Miles,North America,0,65+,18.1818181818182
M,M,4,No,High School,Professional,0,2,10+ Miles,North America,0,56-65,27.2727272727273
S,M,4,No,High School,Professional,1,2,10+ Miles,North America,0,56-65,27.2727272727273
M,F,4,No,High School,Professional,0,2,10+ Miles,North America,0,56-65,27.2727272727273
M,F,4,No,Bachelors,Management,1,2,1-2 Miles,North America,0,56-65,63.6363636363636
M,M,4,No,Bachelors,Management,1,2,10+ Miles,North America,0,56-65,63.6363636363636
M,M,4,No,High School,Professional,0,2,2-5 Miles,North America,0,56-65,27.2727272727273
M,F,5,No,High School,Professional,0,2,2-5 Miles,North America,0,56-65,27.2727272727273
M,F,5,No,High School,Professional,0,2,10+ Miles,North America,0,56-65,27.2727272727273
M,F,5,No,High School,Professional,0,2,10+ Miles,North America,0,56-65,27.2727272727273
M,M,4,No,Bachelors,Management,0,2,2-5 Miles,North America,0,51-55,63.6363636363636
S,M,5,No,Bachelors,Management,1,2,10+ Miles,North America,0,56-65,63.6363636363636
M,F,5,No,Bachelors,Management,1,2,10+ Miles,North America,0,56-65,63.6363636363636
M,F,4,No,Bachelors,Management,0,2,2-5 Miles,North America,0,56-65,45.4545454545455
M,M,4,No,Bachelors,Management,1,2,10+ Miles,North America,0,56-65,45.4545454545455
M,F,2,Si,Partial College,Professional,1,1,2-5 Miles,North America,0,56-65,63.6363636363636
S,M,2,Si,Partial College,Professional,1,1,10+ Miles,North America,0,56-65,63.6363636363636
M,F,2,Si,Partial College,Professional,1,1,2-5 Miles,North America,0,56-65,63.6363636363636
S,F,2,Si,Partial College,Professional,1,1,10+ Miles,North America,0,56-65,63.6363636363636
M,M,2,Si,Partial College,Professional,1,1,10+ Miles,North America,0,56-65,63.6363636363636
M,F,2,Si,Partial College,Professional,1,1,10+ Miles,North America,0,56-65,63.6363636363636
M,F,2,Si,Partial College,Professional,1,1,10+ Miles,North America,0,56-65,63.6363636363636
M,M,2,Si,High School,Professional,1,2,2-5 Miles,North America,0,56-65,27.2727272727273
S,F,2,Si,High School,Professional,1,2,10+ Miles,North America,0,56-65,27.2727272727273
M,F,2,Si,High School,Professional,1,2,2-5 Miles,North America,0,56-65,27.2727272727273
M,M,2,Si,Bachelors,Management,1,0,10+ Miles,North America,0,56-65,45.4545454545455
M,F,2,Si,Bachelors,Management,1,0,10+ Miles,North America,0,56-65,45.4545454545455
S,F,2,Si,Partial College,Professional,1,2,10+ Miles,North America,0,51-55,45.4545454545455
M,M,2,Si,Bachelors,Management,1,0,2-5 Miles,North America,1,51-55,45.4545454545455
S,F,2,Si,Partial College,Professional,1,0,10+ Miles,North America,1,51-55,45.4545454545455
M,F,4,Si,Partial College,Professional,1,2,1-2 Miles,North America,1,56-65,63.6363636363636
M,M,2,Si,Partial High School,Skilled Manual,1,2,2-5 Miles,North America,0,56-65,27.2727272727273
S,F,2,Si,Partial College,Professional,0,2,2-5 Miles,North America,1,56-65,45.4545454545455
M,F,2,Si,High School,Professional,1,2,10+ Miles,North America,0,56-65,45.4545454545455
M,M,2,Si,Partial College,Professional,1,1,10+ Miles,North America,0,56-65,45.4545454545455
M,F,2,Si,Partial College,Professional,1,1,10+ Miles,North America,0,51-55,45.4545454545455
M,M,2,Si,Partial College,Professional,1,1,2-5 Miles,North America,0,56-65,45.4545454545455
M,M,2,Si,Partial College,Professional,1,1,2-5 Miles,North America,0,46-50,45.4545454545455
M,F,4,Si,Partial College,Professional,1,1,10+ Miles,North America,0,41-45,63.6363636363636
S,F,3,Si,Bachelors,Management,1,1,5-10 Miles,North America,0,56-65,72.7272727272727
S,M,3,Si,Bachelors,Management,1,1,5-10 Miles,North America,0,56-65,72.7272727272727
M,F,2,Si,Partial College,Professional,1,1,2-5 Miles,North America,0,51-55,45.4545454545455
M,M,2,Si,Partial College,Professional,1,1,10+ Miles,North America,0,56-65,45.4545454545455
M,F,2,Si,Partial College,Professional,1,1,2-5 Miles,North America,0,56-65,45.4545454545455
M,F,2,Si,Partial College,Professional,0,2,2-5 Miles,North America,1,56-65,45.4545454545455
M,F,2,Si,Partial College,Professional,1,2,10+ Miles,North America,0,56-65,45.4545454545455
M,M,4,Si,Partial College,Professional,0,2,2-5 Miles,North America,1,51-55,63.6363636363636
M,M,2,Si,Partial High School,Skilled Manual,0,2,2-5 Miles,North America,1,56-65,63.6363636363636
S,F,2,Si,Partial High School,Skilled Manual,0,3,2-5 Miles,North America,1,56-65,63.6363636363636
M,F,2,Si,High School,Professional,0,2,2-5 Miles,North America,1,56-65,45.4545454545455
M,M,4,Si,Partial College,Professional,1,1,2-5 Miles,North America,0,56-65,63.6363636363636
M,M,2,Si,High School,Professional,1,4,5-10 Miles,Europe,1,51-55,90.9090909090909
M,F,2,Si,Partial College,Professional,1,2,5-10 Miles,Europe,1,51-55,90.9090909090909
M,F,1,Si,Partial College,Professional,1,3,5-10 Miles,Europe,0,35-40,90.9090909090909
M,F,2,Si,High School,Professional,1,4,0-1 Miles,Europe,0,51-55,90.9090909090909
M,F,2,Si,High School,Professional,1,3,0-1 Miles,Europe,1,46-50,90.9090909090909
M,M,2,Si,Partial College,Professional,1,4,5-10 Miles,Europe,1,51-55,81.8181818181818
M,F,3,Si,High School,Professional,1,4,5-10 Miles,Europe,0,51-55,90.9090909090909
M,M,3,Si,High School,Professional,0,4,5-10 Miles,Europe,1,51-55,90.9090909090909
M,M,3,Si,High School,Professional,1,4,5-10 Miles,Europe,1,46-50,90.9090909090909
M,F,3,Si,High School,Professional,1,4,5-10 Miles,Europe,0,51-55,90.9090909090909
M,F,3,Si,Partial College,Professional,1,4,5-10 Miles,Europe,1,51-55,90.9090909090909
M,F,3,Si,Partial College,Professional,1,4,10+ Miles,Europe,0,51-55,90.9090909090909
M,F,3,Si,Partial College,Professional,1,4,5-10 Miles,Europe,1,35-40,90.9090909090909
S,M,3,Si,Partial College,Professional,0,3,0-1 Miles,Europe,1,51-55,90.9090909090909
M,F,3,Si,Partial College,Professional,1,3,5-10 Miles,Europe,1,46-50,90.9090909090909
M,F,3,Si,Bachelors,Management,1,4,10+ Miles,Europe,0,56-65,90.9090909090909
S,M,3,Si,Bachelors,Management,0,3,0-1 Miles,Europe,1,56-65,90.9090909090909
M,F,3,Si,Bachelors,Management,1,4,0-1 Miles,Europe,0,56-65,90.9090909090909
M,M,3,Si,Bachelors,Management,0,4,5-10 Miles,Europe,0,56-65,90.9090909090909
M,M,4,Si,Partial College,Professional,0,4,5-10 Miles,Europe,1,51-55,90.9090909090909
M,M,5,No,Partial College,Professional,0,2,2-5 Miles,Europe,0,56-65,81.8181818181818
M,F,4,Si,Partial College,Professional,1,4,5-10 Miles,Europe,1,56-65,90.9090909090909
M,M,4,Si,Partial College,Professional,1,4,0-1 Miles,Europe,0,56-65,90.9090909090909
S,F,4,Si,Bachelors,Management,0,4,0-1 Miles,Europe,0,56-65,90.9090909090909
M,F,4,Si,Partial College,Professional,1,2,10+ Miles,Europe,0,56-65,72.7272727272727
M,F,4,Si,Partial College,Professional,1,1,10+ Miles,Europe,1,35-40,81.8181818181818
M,M,3,Si,Partial College,Professional,1,4,0-1 Miles,Europe,0,51-55,90.9090909090909
M,F,4,Si,High School,Professional,1,2,10+ Miles,Europe,1,56-65,90.9090909090909
S,M,4,Si,High School,Professional,0,2,0-1 Miles,Europe,1,51-55,90.9090909090909
M,F,4,Si,High School,Professional,1,2,0-1 Miles,Europe,1,51-55,90.9090909090909
M,M,3,Si,Bachelors,Management,0,3,2-5 Miles,Europe,0,56-65,81.8181818181818
M,F,3,Si,Partial College,Professional,1,4,2-5 Miles,Europe,0,51-55,81.8181818181818
S,M,4,Si,Partial College,Professional,1,2,10+ Miles,Europe,0,51-55,72.7272727272727
M,F,4,Si,Partial College,Professional,0,2,2-5 Miles,Europe,1,56-65,72.7272727272727
S,F,4,Si,High School,Professional,1,2,10+ Miles,Europe,0,56-65,72.7272727272727
M,F,4,Si,High School,Professional,1,2,10+ Miles,Europe,0,41-45,81.8181818181818
S,F,4,Si,Partial College,Professional,1,2,10+ Miles,Europe,1,56-65,90.9090909090909
M,F,4,Si,High School,Professional,1,3,10+ Miles,Europe,0,51-55,90.9090909090909
M,M,4,Si,High School,Management,1,3,10+ Miles,Europe,0,51-55,81.8181818181818
M,M,3,Si,Partial College,Management,1,4,5-10 Miles,Europe,1,56-65,81.8181818181818
M,F,4,Si,Partial College,Management,1,4,0-1 Miles,Europe,0,56-65,90.9090909090909
M,F,5,Si,High School,Management,1,3,5-10 Miles,Europe,1,56-65,72.7272727272727
M,M,3,Si,Partial College,Management,1,4,10+ Miles,Europe,1,56-65,81.8181818181818
M,F,4,Si,High School,Management,1,3,10+ Miles,Europe,0,56-65,90.9090909090909
M,M,4,Si,High School,Management,1,4,10+ Miles,Europe,1,56-65,90.9090909090909
M,M,5,Si,High School,Management,1,4,10+ Miles,Europe,0,56-65,72.7272727272727
M,M,5,Si,High School,Management,1,4,10+ Miles,Europe,0,56-65,72.7272727272727
S,F,5,Si,High School,Management,1,4,10+ Miles,Europe,0,56-65,72.7272727272727
M,F,5,Si,Bachelors,Professional,1,4,0-1 Miles,Europe,0,56-65,90.9090909090909
M,F,5,No,Partial High School,Skilled Manual,0,2,5-10 Miles,Europe,0,56-65,81.8181818181818
M,M,3,Si,Partial High School,Professional,1,0,10+ Miles,Europe,1,56-65,81.8181818181818
M,M,5,Si,High School,Management,0,4,10+ Miles,Europe,0,56-65,90.9090909090909
S,M,0,No,Bachelors,Professional,0,2,5-10 Miles,Pacific,1,29-34,63.6363636363636
M,F,0,No,Bachelors,Professional,1,3,10+ Miles,Pacific,0,29-34,63.6363636363636
S,M,0,No,Bachelors,Professional,0,3,10+ Miles,Pacific,0,29-34,63.6363636363636
S,M,0,No,Bachelors,Professional,1,3,10+ Miles,Pacific,0,29-34,63.6363636363636
S,M,0,No,Bachelors,Professional,0,4,2-5 Miles,Pacific,0,35-40,45.4545454545455
S,M,0,No,Bachelors,Professional,1,3,10+ Miles,Pacific,0,29-34,72.7272727272727
M,F,0,No,Bachelors,Professional,1,4,10+ Miles,Pacific,1,35-40,63.6363636363636
S,F,0,No,Bachelors,Professional,1,3,10+ Miles,Pacific,0,35-40,72.7272727272727
S,F,0,Si,High School,Management,1,2,10+ Miles,Pacific,1,35-40,81.8181818181818
M,M,0,Si,High School,Management,1,2,10+ Miles,Pacific,1,35-40,81.8181818181818
M,M,0,Si,Partial College,Management,1,3,10+ Miles,Pacific,1,29-34,90.9090909090909
M,F,0,Si,Partial College,Management,0,3,10+ Miles,Pacific,1,35-40,90.9090909090909
M,M,0,Si,Partial College,Management,1,3,10+ Miles,Pacific,1,35-40,90.9090909090909
M,F,0,Si,Partial College,Management,1,3,10+ Miles,Pacific,1,35-40,90.9090909090909
S,M,0,Si,Partial College,Management,1,3,10+ Miles,Pacific,1,35-40,90.9090909090909
S,F,0,Si,Partial College,Management,1,3,10+ Miles,Pacific,1,35-40,90.9090909090909
S,F,0,Si,Partial High School,Professional,1,4,10+ Miles,Pacific,1,35-40,90.9090909090909
S,F,0,Si,High School,Management,1,3,10+ Miles,Pacific,1,29-34,81.8181818181818
S,F,0,No,Bachelors,Professional,1,4,10+ Miles,Pacific,0,35-40,72.7272727272727
S,M,0,No,Bachelors,Professional,0,4,10+ Miles,Pacific,0,35-40,72.7272727272727
S,F,0,No,Bachelors,Professional,0,3,10+ Miles,Pacific,1,35-40,81.8181818181818
M,F,0,Si,Partial High School,Professional,0,4,10+ Miles,Pacific,1,35-40,90.9090909090909
M,M,0,Si,Partial High School,Professional,1,4,10+ Miles,Pacific,1,35-40,90.9090909090909
M,F,4,Si,High School,Management,1,4,0-1 Miles,Pacific,1,35-40,90.9090909090909
S,F,0,Si,High School,Management,1,3,10+ Miles,Pacific,1,35-40,81.8181818181818
M,M,0,Si,High School,Management,1,3,10+ Miles,Pacific,1,29-34,81.8181818181818
M,M,0,Si,High School,Management,1,4,10+ Miles,Pacific,1,29-34,81.8181818181818
M,F,0,Si,High School,Management,1,4,10+ Miles,Pacific,1,35-40,90.9090909090909
S,M,0,Si,Partial High School,Professional,1,4,10+ Miles,Pacific,1,29-34,90.9090909090909
M,F,0,Si,Partial High School,Professional,1,4,10+ Miles,Pacific,1,35-40,90.9090909090909
M,F,5,Si,High School,Management,1,4,0-1 Miles,Pacific,0,35-40,90.9090909090909
S,M,5,Si,Bachelors,Professional,1,4,0-1 Miles,Pacific,0,35-40,90.9090909090909
S,M,4,Si,Partial College,Professional,1,1,2-5 Miles,North America,0,35-40,72.7272727272727
M,M,5,Si,Partial College,Professional,1,3,2-5 Miles,North America,0,46-50,81.8181818181818
M,F,5,Si,Partial College,Professional,1,0,2-5 Miles,North America,0,41-45,81.8181818181818
M,M,3,Si,Bachelors,Management,1,4,1-2 Miles,North America,0,41-45,90.9090909090909
M,F,3,Si,Bachelors,Management,1,3,1-2 Miles,North America,0,35-40,90.9090909090909
M,M,3,Si,Partial College,Professional,1,1,5-10 Miles,North America,0,51-55,63.6363636363636
S,M,3,No,Partial College,Professional,1,2,2-5 Miles,North America,1,51-55,72.7272727272727
M,F,3,Si,Partial College,Professional,0,0,0-1 Miles,North America,1,51-55,72.7272727272727
M,M,2,Si,Partial College,Professional,0,0,5-10 Miles,North America,1,51-55,81.8181818181818
S,F,2,Si,Partial College,Professional,1,0,5-10 Miles,North America,1,46-50,81.8181818181818
S,F,2,Si,Partial College,Professional,1,1,5-10 Miles,North America,1,46-50,81.8181818181818
M,F,4,No,Bachelors,Management,1,1,10+ Miles,North America,0,65+,81.8181818181818
S,M,1,Si,Graduate Degree,Management,0,3,0-1 Miles,North America,1,65+,90.9090909090909
M,M,1,No,Graduate Degree,Skilled Manual,1,0,0-1 Miles,North America,1,29-34,45.4545454545455
M,M,1,No,Graduate Degree,Skilled Manual,1,0,0-1 Miles,North America,1,35-40,45.4545454545455
M,M,1,No,Graduate Degree,Professional,1,0,2-5 Miles,North America,1,35-40,45.4545454545455
M,M,1,No,Graduate Degree,Professional,1,0,0-1 Miles,North America,1,35-40,63.6363636363636
S,F,2,No,Graduate Degree,Professional,1,0,2-5 Miles,North America,1,35-40,63.6363636363636
M,M,1,Si,Bachelors,Skilled Manual,1,0,0-1 Miles,North America,1,29-34,45.4545454545455
M,M,1,Si,Bachelors,Skilled Manual,1,0,0-1 Miles,North America,1,35-40,45.4545454545455
M,F,1,Si,Bachelors,Skilled Manual,1,0,2-5 Miles,North America,1,35-40,45.4545454545455
M,F,1,Si,Bachelors,Skilled Manual,1,0,0-1 Miles,North America,1,35-40,45.4545454545455
M,F,1,Si,Bachelors,Skilled Manual,1,0,2-5 Miles,North America,1,29-34,45.4545454545455
M,M,1,Si,Bachelors,Skilled Manual,1,1,0-1 Miles,North America,0,35-40,45.4545454545455
M,M,1,No,Graduate Degree,Professional,1,0,2-5 Miles,North America,1,35-40,45.4545454545455
S,M,2,Si,Bachelors,Skilled Manual,1,0,2-5 Miles,North America,1,35-40,45.4545454545455
M,F,2,No,Graduate Degree,Professional,1,0,0-1 Miles,North America,1,35-40,63.6363636363636
M,M,3,No,Graduate Degree,Professional,1,0,0-1 Miles,North America,1,35-40,63.6363636363636
M,F,1,No,Graduate Degree,Professional,1,0,0-1 Miles,North America,1,35-40,45.4545454545455
M,F,1,No,Graduate Degree,Professional,1,0,0-1 Miles,North America,1,35-40,45.4545454545455
M,F,2,Si,Bachelors,Skilled Manual,1,0,2-5 Miles,North America,1,41-45,63.6363636363636
S,F,2,Si,Bachelors,Skilled Manual,0,0,0-1 Miles,North America,1,35-40,63.6363636363636
M,M,2,Si,Bachelors,Skilled Manual,1,1,2-5 Miles,North America,1,41-45,63.6363636363636
S,M,2,Si,Bachelors,Skilled Manual,1,1,2-5 Miles,North America,1,41-45,63.6363636363636
S,F,2,Si,Bachelors,Skilled Manual,1,1,2-5 Miles,North America,1,41-45,63.6363636363636
S,F,2,Si,Bachelors,Skilled Manual,1,1,2-5 Miles,North America,1,41-45,63.6363636363636
S,F,2,Si,Bachelors,Skilled Manual,0,1,0-1 Miles,North America,1,41-45,63.6363636363636
S,F,0,No,Bachelors,Professional,1,1,2-5 Miles,North America,1,29-34,27.2727272727273
M,F,1,No,Graduate Degree,Professional,1,0,0-1 Miles,North America,1,35-40,45.4545454545455
M,M,4,No,Graduate Degree,Professional,1,0,2-5 Miles,North America,1,29-34,63.6363636363636
S,M,4,No,Graduate Degree,Professional,1,0,2-5 Miles,North America,1,29-34,63.6363636363636
M,M,4,No,Graduate Degree,Professional,1,0,0-1 Miles,North America,1,29-34,63.6363636363636
S,M,2,Si,Bachelors,Skilled Manual,0,1,0-1 Miles,North America,1,35-40,45.4545454545455
S,F,2,Si,Bachelors,Skilled Manual,0,1,0-1 Miles,North America,1,35-40,45.4545454545455
M,M,3,Si,Bachelors,Skilled Manual,1,0,2-5 Miles,North America,0,41-45,45.4545454545455
S,F,3,Si,Bachelors,Skilled Manual,1,0,2-5 Miles,North America,1,35-40,45.4545454545455
S,F,3,Si,Bachelors,Skilled Manual,1,1,2-5 Miles,North America,1,29-34,45.4545454545455
M,M,0,No,Graduate Degree,Professional,1,0,2-5 Miles,North America,0,41-45,45.4545454545455
S,F,0,No,Graduate Degree,Professional,1,0,2-5 Miles,North America,1,35-40,45.4545454545455
S,M,5,Si,Graduate Degree,Professional,1,2,2-5 Miles,North America,0,35-40,63.6363636363636
M,M,2,No,Graduate Degree,Professional,1,0,0-1 Miles,North America,1,35-40,72.7272727272727
M,F,3,No,Graduate Degree,Professional,1,0,0-1 Miles,North America,1,35-40,72.7272727272727
M,F,3,No,Graduate Degree,Professional,1,0,0-1 Miles,North America,1,41-45,72.7272727272727
M,F,0,No,Bachelors,Professional,0,1,0-1 Miles,North America,1,41-45,27.2727272727273
S,M,0,No,Bachelors,Professional,1,1,2-5 Miles,North America,1,41-45,27.2727272727273
S,F,0,No,Bachelors,Professional,0,1,2-5 Miles,North America,0,41-45,27.2727272727273
M,M,3,Si,Bachelors,Skilled Manual,1,1,2-5 Miles,North America,0,41-45,45.4545454545455
M,M,3,Si,Bachelors,Skilled Manual,1,2,2-5 Miles,North America,0,35-40,45.4545454545455
M,M,3,Si,Bachelors,Skilled Manual,1,2,2-5 Miles,North America,0,41-45,45.4545454545455
M,M,0,No,Graduate Degree,Professional,1,0,0-1 Miles,North America,0,41-45,45.4545454545455
M,M,0,No,Graduate Degree,Professional,1,0,0-1 Miles,North America,0,35-40,45.4545454545455
S,M,0,No,Graduate Degree,Professional,0,1,0-1 Miles,North America,1,41-45,45.4545454545455
M,M,4,Si,Bachelors,Skilled Manual,1,2,2-5 Miles,North America,0,41-45,45.4545454545455
M,M,4,Si,Bachelors,Skilled Manual,1,2,2-5 Miles,North America,0,46-50,45.4545454545455
M,M,4,Si,Bachelors,Skilled Manual,0,2,0-1 Miles,North America,0,41-45,45.4545454545455
M,F,4,Si,Bachelors,Skilled Manual,1,3,10+ Miles,North America,0,41-45,45.4545454545455
M,M,4,Si,Bachelors,Skilled Manual,1,3,5-10 Miles,North America,0,35-40,45.4545454545455
S,M,4,Si,Bachelors,Skilled Manual,0,2,0-1 Miles,North America,1,46-50,45.4545454545455
M,M,4,Si,Bachelors,Skilled Manual,1,2,2-5 Miles,North America,1,41-45,45.4545454545455
S,F,4,Si,Bachelors,Skilled Manual,0,2,0-1 Miles,North America,1,29-34,45.4545454545455
S,M,4,Si,Bachelors,Skilled Manual,0,2,0-1 Miles,North America,1,46-50,63.6363636363636
S,M,4,Si,Bachelors,Professional,1,2,2-5 Miles,North America,1,46-50,63.6363636363636
M,M,4,Si,Bachelors,Professional,1,2,2-5 Miles,North America,0,46-50,63.6363636363636
M,M,0,No,Bachelors,Professional,0,1,0-1 Miles,North America,0,41-45,63.6363636363636
S,F,0,No,Bachelors,Professional,1,1,2-5 Miles,North America,1,41-45,63.6363636363636
S,F,0,No,Bachelors,Professional,0,1,2-5 Miles,North America,1,41-45,63.6363636363636
S,M,4,Si,Bachelors,Professional,1,3,2-5 Miles,North America,1,35-40,63.6363636363636
M,M,0,No,Bachelors,Professional,0,1,0-1 Miles,North America,1,46-50,63.6363636363636
M,M,1,Si,Bachelors,Skilled Manual,1,0,1-2 Miles,Europe,1,35-40,27.2727272727273
M,F,1,Si,Bachelors,Skilled Manual,1,0,1-2 Miles,Europe,1,35-40,27.2727272727273
M,M,1,Si,Bachelors,Skilled Manual,1,0,1-2 Miles,Europe,1,35-40,27.2727272727273
S,F,0,No,Partial High School,Manual,0,2,1-2 Miles,Europe,1,29-34,9.09090909090909
S,F,0,No,Partial High School,Manual,0,2,0-1 Miles,Europe,0,29-34,9.09090909090909
S,M,0,No,Partial High School,Manual,0,2,0-1 Miles,Europe,0,35-40,9.09090909090909
M,F,1,Si,Bachelors,Skilled Manual,1,1,0-1 Miles,Europe,1,35-40,27.2727272727273
S,F,0,No,Graduate Degree,Skilled Manual,0,0,1-2 Miles,Europe,1,29-34,27.2727272727273
S,M,0,No,High School,Manual,1,1,2-5 Miles,Europe,1,35-40,18.1818181818182
S,M,0,No,High School,Manual,0,1,1-2 Miles,Europe,1,35-40,18.1818181818182
S,F,0,No,High School,Manual,0,1,2-5 Miles,Europe,1,35-40,18.1818181818182
S,F,0,No,Partial High School,Manual,1,2,1-2 Miles,Europe,0,35-40,9.09090909090909
S,F,2,Si,Partial College,Clerical,1,0,1-2 Miles,Europe,1,35-40,27.2727272727273
S,M,0,No,Partial High School,Manual,0,2,1-2 Miles,Europe,0,35-40,9.09090909090909
S,F,0,No,Partial High School,Manual,1,2,1-2 Miles,Europe,0,35-40,9.09090909090909
S,F,0,No,Partial High School,Manual,1,2,1-2 Miles,Europe,0,35-40,9.09090909090909
S,F,0,No,High School,Manual,0,1,2-5 Miles,Europe,1,29-34,18.1818181818182
S,M,2,Si,Partial College,Clerical,1,0,0-1 Miles,Europe,0,35-40,27.2727272727273
S,M,2,Si,Partial College,Clerical,1,0,1-2 Miles,Europe,1,35-40,27.2727272727273
M,F,2,Si,Partial College,Clerical,0,1,0-1 Miles,Europe,0,35-40,27.2727272727273
S,M,2,Si,Partial College,Clerical,1,2,1-2 Miles,Europe,0,35-40,27.2727272727273
S,M,0,No,Graduate Degree,Skilled Manual,0,0,1-2 Miles,Europe,0,35-40,45.4545454545455
S,M,3,Si,Partial College,Clerical,1,0,0-1 Miles,North America,0,29-34,27.2727272727273
S,F,3,Si,Partial College,Clerical,1,2,0-1 Miles,North America,0,35-40,27.2727272727273
M,M,0,No,Graduate Degree,Skilled Manual,1,0,0-1 Miles,North America,0,35-40,45.4545454545455
M,F,0,No,Graduate Degree,Skilled Manual,1,0,1-2 Miles,North America,1,29-34,45.4545454545455
S,F,4,Si,Partial College,Clerical,1,1,1-2 Miles,North America,1,29-34,27.2727272727273
M,F,2,No,Partial College,Clerical,0,2,1-2 Miles,North America,0,65+,9.09090909090909
M,M,0,No,Graduate Degree,Skilled Manual,1,0,0-1 Miles,North America,0,35-40,45.4545454545455
S,F,2,Si,High School,Manual,1,2,1-2 Miles,North America,0,56-65,9.09090909090909
M,F,2,Si,High School,Manual,1,2,0-1 Miles,North America,0,56-65,9.09090909090909
S,F,2,No,High School,Manual,1,2,1-2 Miles,North America,0,56-65,9.09090909090909
M,F,2,No,High School,Manual,0,2,0-1 Miles,North America,0,51-55,9.09090909090909
M,F,2,No,High School,Manual,0,2,0-1 Miles,North America,0,56-65,9.09090909090909
M,F,2,No,High School,Manual,0,2,0-1 Miles,North America,1,56-65,9.09090909090909
M,F,2,No,Partial High School,Manual,0,2,1-2 Miles,North America,0,46-50,9.09090909090909
M,F,2,No,Partial High School,Manual,0,2,1-2 Miles,North America,0,35-40,9.09090909090909
M,F,3,No,Partial High School,Clerical,0,2,0-1 Miles,North America,0,46-50,9.09090909090909
S,F,3,No,Partial High School,Clerical,1,2,1-2 Miles,North America,0,51-55,9.09090909090909
M,F,1,No,High School,Clerical,1,1,2-5 Miles,North America,1,51-55,18.1818181818182
M,F,1,No,Partial College,Clerical,1,1,0-1 Miles,North America,1,51-55,27.2727272727273
M,M,1,No,High School,Clerical,0,2,1-2 Miles,North America,1,51-55,18.1818181818182
M,M,1,No,High School,Clerical,0,2,0-1 Miles,North America,0,51-55,18.1818181818182
M,F,1,No,High School,Clerical,0,2,1-2 Miles,North America,1,46-50,18.1818181818182
M,M,2,No,High School,Skilled Manual,1,2,1-2 Miles,North America,0,51-55,18.1818181818182
M,M,1,No,Partial College,Clerical,1,1,0-1 Miles,North America,1,51-55,27.2727272727273
M,M,2,No,High School,Skilled Manual,0,2,0-1 Miles,North America,0,46-50,18.1818181818182
M,F,2,No,High School,Skilled Manual,0,2,0-1 Miles,North America,0,51-55,18.1818181818182
M,M,2,No,High School,Skilled Manual,1,2,1-2 Miles,North America,0,41-45,18.1818181818182
M,F,1,No,Partial College,Clerical,1,1,0-1 Miles,North America,0,51-55,27.2727272727273
M,M,1,No,Partial College,Clerical,1,1,1-2 Miles,North America,0,41-45,27.2727272727273
M,M,1,No,Partial College,Clerical,1,1,1-2 Miles,North America,0,46-50,27.2727272727273
M,F,2,No,High School,Skilled Manual,1,2,1-2 Miles,North America,0,46-50,18.1818181818182
M,M,2,No,High School,Skilled Manual,1,2,1-2 Miles,North America,0,51-55,18.1818181818182
M,M,2,No,High School,Skilled Manual,0,2,0-1 Miles,North America,0,51-55,18.1818181818182
M,M,1,No,Partial College,Clerical,1,1,1-2 Miles,North America,1,51-55,27.2727272727273
M,M,2,No,Partial College,Clerical,1,1,0-1 Miles,North America,0,46-50,27.2727272727273
S,F,2,No,Partial College,Clerical,1,1,1-2 Miles,North America,1,51-55,27.2727272727273
S,M,2,No,Partial College,Clerical,1,1,1-2 Miles,North America,1,51-55,27.2727272727273
M,F,2,No,Partial College,Clerical,1,1,0-1 Miles,North America,0,51-55,27.2727272727273
M,M,5,No,Graduate Degree,Skilled Manual,1,0,1-2 Miles,North America,0,51-55,72.7272727272727
M,F,4,No,Graduate Degree,Skilled Manual,1,0,1-2 Miles,North America,0,51-55,72.7272727272727
S,F,4,No,Graduate Degree,Skilled Manual,1,0,1-2 Miles,North America,0,46-50,72.7272727272727
S,F,4,No,Graduate Degree,Skilled Manual,0,0,0-1 Miles,North America,0,51-55,72.7272727272727
S,M,4,No,Graduate Degree,Skilled Manual,1,0,1-2 Miles,North America,0,46-50,72.7272727272727
M,M,2,No,Partial College,Clerical,1,1,0-1 Miles,North America,0,46-50,27.2727272727273
M,F,2,No,Partial College,Clerical,1,1,0-1 Miles,North America,0,46-50,27.2727272727273
M,F,4,No,Graduate Degree,Skilled Manual,1,0,1-2 Miles,North America,0,46-50,45.4545454545455
M,M,4,No,Graduate Degree,Skilled Manual,1,0,1-2 Miles,North America,0,46-50,45.4545454545455
M,F,4,No,Graduate Degree,Skilled Manual,1,0,0-1 Miles,North America,0,41-45,45.4545454545455
M,M,4,No,Graduate Degree,Skilled Manual,1,0,1-2 Miles,North America,0,51-55,45.4545454545455
M,F,4,No,Graduate Degree,Skilled Manual,1,0,1-2 Miles,North America,0,46-50,45.4545454545455
M,M,4,No,Graduate Degree,Skilled Manual,1,0,0-1 Miles,North America,1,35-40,45.4545454545455
M,F,4,No,Graduate Degree,Skilled Manual,1,0,1-2 Miles,North America,0,41-45,45.4545454545455
M,M,4,No,Graduate Degree,Skilled Manual,1,0,1-2 Miles,North America,0,51-55,45.4545454545455
S,F,0,No,Graduate Degree,Skilled Manual,1,0,1-2 Miles,North America,1,35-40,45.4545454545455
M,M,0,No,Graduate Degree,Skilled Manual,1,0,0-1 Miles,North America,0,35-40,45.4545454545455
M,F,0,No,Graduate Degree,Skilled Manual,1,0,1-2 Miles,North America,1,35-40,27.2727272727273
S,F,1,No,Graduate Degree,Skilled Manual,1,0,1-2 Miles,North America,0,35-40,27.2727272727273
M,M,1,No,Graduate Degree,Skilled Manual,0,0,0-1 Miles,North America,0,35-40,27.2727272727273
M,F,1,No,Graduate Degree,Skilled Manual,1,0,1-2 Miles,North America,0,35-40,27.2727272727273
M,M,1,No,Graduate Degree,Skilled Manual,1,0,1-2 Miles,North America,0,35-40,27.2727272727273
M,F,1,No,Graduate Degree,Skilled Manual,1,0,1-2 Miles,North America,0,35-40,45.4545454545455
S,M,0,No,Graduate Degree,Manual,1,0,0-1 Miles,Europe,1,35-40,9.09090909090909
M,F,1,No,Graduate Degree,Manual,1,0,0-1 Miles,Europe,0,46-50,9.09090909090909
S,M,1,No,Graduate Degree,Manual,1,0,0-1 Miles,Europe,0,46-50,9.09090909090909
S,F,1,No,Bachelors,Manual,1,0,0-1 Miles,Europe,0,46-50,9.09090909090909
M,F,1,No,Bachelors,Manual,1,0,0-1 Miles,Europe,0,51-55,9.09090909090909
M,M,1,No,Bachelors,Manual,1,0,0-1 Miles,Europe,0,51-55,9.09090909090909
M,M,1,No,Graduate Degree,Clerical,1,0,0-1 Miles,Europe,0,51-55,9.09090909090909
M,M,1,No,Bachelors,Manual,1,0,0-1 Miles,Europe,0,51-55,9.09090909090909
S,M,1,No,Partial College,Manual,1,0,0-1 Miles,Europe,0,51-55,9.09090909090909
S,M,2,No,Partial College,Manual,1,0,0-1 Miles,Europe,0,51-55,9.09090909090909
S,F,2,No,Partial College,Manual,1,0,0-1 Miles,Europe,0,51-55,9.09090909090909
M,F,2,No,Partial College,Manual,1,0,0-1 Miles,Europe,0,51-55,9.09090909090909
M,M,2,No,Partial College,Manual,1,0,0-1 Miles,Europe,0,51-55,9.09090909090909
M,M,2,No,Partial College,Manual,1,0,0-1 Miles,Europe,0,41-45,9.09090909090909
M,M,2,No,Partial College,Manual,1,1,0-1 Miles,Europe,1,51-55,9.09090909090909
M,F,2,No,Partial College,Manual,1,1,0-1 Miles,Europe,1,41-45,9.09090909090909
M,M,2,No,Partial College,Manual,1,1,2-5 Miles,Europe,0,51-55,9.09090909090909
M,F,2,No,Partial College,Manual,1,1,0-1 Miles,Europe,0,65+,9.09090909090909
S,M,1,No,Graduate Degree,Clerical,1,0,0-1 Miles,Europe,1,65+,27.2727272727273
S,M,0,No,Partial College,Manual,0,1,0-1 Miles,Pacific,1,29-34,9.09090909090909
M,M,0,No,Partial College,Manual,1,1,2-5 Miles,Pacific,0,29-34,9.09090909090909
S,F,0,No,Partial College,Manual,1,1,1-2 Miles,Pacific,1,29-34,9.09090909090909
S,F,0,No,Partial College,Manual,1,1,2-5 Miles,Pacific,1,29-34,9.09090909090909
M,M,0,No,Bachelors,Clerical,1,0,0-1 Miles,Pacific,1,29-34,9.09090909090909
S,M,0,No,Partial College,Manual,0,1,0-1 Miles,Pacific,1,29-34,9.09090909090909
S,F,0,No,High School,Manual,0,2,0-1 Miles,Pacific,1,29-34,9.09090909090909
S,M,0,No,Bachelors,Clerical,1,0,0-1 Miles,Pacific,1,29-34,9.09090909090909
M,F,0,No,Bachelors,Clerical,1,0,0-1 Miles,Pacific,1,29-34,9.09090909090909
M,M,0,No,Bachelors,Clerical,1,0,0-1 Miles,Pacific,1,29-34,9.09090909090909
S,M,0,No,Partial College,Manual,0,0,0-1 Miles,Pacific,1,29-34,9.09090909090909
M,M,0,No,Partial College,Manual,1,0,0-1 Miles,Pacific,1,29-34,9.09090909090909
S,M,1,No,Bachelors,Clerical,1,0,0-1 Miles,Europe,1,65+,18.1818181818182
M,F,1,No,Graduate Degree,Clerical,1,0,0-1 Miles,Europe,1,65+,27.2727272727273
S,F,1,Si,Partial College,Manual,0,0,0-1 Miles,Europe,1,41-45,9.09090909090909
S,F,1,Si,Partial College,Manual,0,0,1-2 Miles,Europe,0,46-50,9.09090909090909
M,F,4,No,Graduate Degree,Clerical,1,0,0-1 Miles,Europe,1,46-50,18.1818181818182
M,M,4,No,Graduate Degree,Clerical,1,0,0-1 Miles,Europe,1,46-50,18.1818181818182
M,F,4,No,Graduate Degree,Clerical,1,0,0-1 Miles,Europe,1,46-50,18.1818181818182
M,M,4,No,Graduate Degree,Clerical,1,0,0-1 Miles,Europe,1,41-45,18.1818181818182
S,M,3,No,Graduate Degree,Clerical,1,0,0-1 Miles,Europe,1,41-45,18.1818181818182
S,M,1,Si,Partial College,Manual,0,0,0-1 Miles,Europe,1,46-50,9.09090909090909
S,F,3,No,Graduate Degree,Clerical,1,0,0-1 Miles,Europe,1,46-50,18.1818181818182
M,M,2,No,Partial College,Manual,1,1,2-5 Miles,Europe,1,46-50,9.09090909090909
M,M,2,No,Partial College,Manual,1,1,2-5 Miles,Europe,1,35-40,9.09090909090909
M,M,2,No,Partial College,Manual,1,1,0-1 Miles,Europe,1,46-50,9.09090909090909
S,F,3,No,Graduate Degree,Clerical,1,0,0-1 Miles,Europe,1,46-50,18.1818181818182
S,F,3,No,Graduate Degree,Clerical,1,0,0-1 Miles,Europe,1,46-50,18.1818181818182
S,F,2,No,Partial College,Manual,1,1,2-5 Miles,Europe,0,51-55,9.09090909090909
S,M,1,No,Graduate Degree,Clerical,1,0,0-1 Miles,Europe,1,35-40,18.1818181818182
S,M,3,No,Bachelors,Clerical,1,0,0-1 Miles,Europe,1,46-50,18.1818181818182
M,M,3,No,Bachelors,Clerical,1,0,0-1 Miles,Europe,1,46-50,18.1818181818182
M,M,3,No,Bachelors,Clerical,1,0,0-1 Miles,Europe,1,29-34,18.1818181818182
M,M,3,No,Bachelors,Clerical,1,0,0-1 Miles,Europe,1,41-45,18.1818181818182
M,M,0,No,Bachelors,Clerical,1,0,0-1 Miles,Europe,1,51-55,18.1818181818182
M,M,0,No,Bachelors,Clerical,1,0,0-1 Miles,Europe,1,51-55,18.1818181818182
M,M,1,No,Bachelors,Clerical,1,0,0-1 Miles,Europe,1,51-55,18.1818181818182
S,F,0,No,Partial College,Manual,1,1,2-5 Miles,Europe,0,29-34,9.09090909090909
M,M,0,No,Partial College,Manual,0,1,1-2 Miles,Europe,1,29-34,9.09090909090909
S,M,0,No,Partial College,Manual,0,1,2-5 Miles,Europe,1,29-34,9.09090909090909
M,F,0,No,Bachelors,Clerical,1,0,0-1 Miles,Europe,1,29-34,18.1818181818182
M,M,0,No,Bachelors,Clerical,0,0,0-1 Miles,Europe,1,29-34,18.1818181818182
S,F,2,Si,High School,Manual,1,0,0-1 Miles,Europe,1,41-45,9.09090909090909
M,F,0,No,Bachelors,Clerical,1,0,0-1 Miles,Europe,1,29-34,18.1818181818182
S,F,0,No,Partial College,Manual,0,1,2-5 Miles,Europe,1,35-40,9.09090909090909
S,M,0,No,Partial College,Manual,0,1,2-5 Miles,Europe,1,35-40,9.09090909090909
M,M,0,No,Bachelors,Clerical,1,0,0-1 Miles,Europe,1,35-40,18.1818181818182
S,M,0,No,Bachelors,Clerical,0,0,1-2 Miles,Europe,1,35-40,18.1818181818182
S,M,0,No,Graduate Degree,Clerical,1,0,0-1 Miles,Europe,1,41-45,27.2727272727273
M,M,0,No,Graduate Degree,Clerical,1,0,0-1 Miles,Europe,1,35-40,27.2727272727273
M,M,0,No,Graduate Degree,Clerical,1,0,0-1 Miles,Europe,1,29-34,27.2727272727273
M,F,0,No,Graduate Degree,Clerical,1,0,0-1 Miles,Europe,1,35-40,27.2727272727273
M,F,0,No,Graduate Degree,Skilled Manual,1,0,0-1 Miles,Europe,1,41-45,45.4545454545455
M,M,2,No,Partial College,Manual,1,1,2-5 Miles,Europe,0,65+,9.09090909090909
M,M,0,No,Bachelors,Professional,1,0,0-1 Miles,Europe,1,65+,90.9090909090909
M,M,3,No,Partial College,Manual,0,2,0-1 Miles,Europe,0,56-65,9.09090909090909
M,F,4,No,High School,Manual,0,2,0-1 Miles,Europe,0,56-65,9.09090909090909
S,M,2,Si,High School,Manual,1,1,0-1 Miles,Europe,1,35-40,9.09090909090909
S,F,2,Si,High School,Manual,1,1,0-1 Miles,Europe,1,41-45,9.09090909090909
S,F,3,Si,High School,Manual,1,0,0-1 Miles,Europe,0,35-40,9.09090909090909
S,M,3,Si,High School,Manual,1,0,0-1 Miles,Europe,1,29-34,9.09090909090909
M,M,1,Si,Partial College,Manual,1,0,2-5 Miles,Europe,0,41-45,9.09090909090909
S,M,1,Si,Partial College,Manual,0,1,0-1 Miles,Europe,1,41-45,9.09090909090909
M,F,1,Si,Partial College,Manual,1,1,2-5 Miles,Europe,1,41-45,9.09090909090909
S,M,1,No,Bachelors,Clerical,1,0,1-2 Miles,Europe,1,41-45,18.1818181818182
S,M,1,No,Bachelors,Clerical,1,0,1-2 Miles,Europe,1,41-45,18.1818181818182
M,F,1,No,Bachelors,Clerical,1,0,0-1 Miles,Europe,1,35-40,18.1818181818182
M,F,0,No,Graduate Degree,Clerical,1,0,0-1 Miles,Europe,1,35-40,27.2727272727273
S,F,3,Si,High School,Manual,1,1,0-1 Miles,Europe,1,35-40,9.09090909090909
S,F,1,Si,Partial College,Manual,0,1,2-5 Miles,Europe,0,35-40,9.09090909090909
M,F,1,Si,Partial College,Manual,1,1,2-5 Miles,Europe,1,29-34,9.09090909090909
M,F,1,Si,Bachelors,Clerical,1,0,2-5 Miles,Europe,1,35-40,18.1818181818182
S,M,1,Si,Bachelors,Clerical,0,0,1-2 Miles,Europe,1,41-45,18.1818181818182
S,M,1,Si,Bachelors,Clerical,0,0,1-2 Miles,Europe,1,41-45,18.1818181818182
M,M,1,Si,Bachelors,Clerical,1,0,2-5 Miles,Europe,1,41-45,18.1818181818182
S,M,4,Si,Partial High School,Manual,1,1,0-1 Miles,Europe,1,41-45,9.09090909090909
S,M,4,Si,Partial High School,Manual,1,1,0-1 Miles,Europe,1,41-45,9.09090909090909
S,M,1,Si,High School,Manual,0,1,2-5 Miles,Europe,0,35-40,9.09090909090909
S,M,1,Si,High School,Manual,0,1,1-2 Miles,Europe,1,41-45,9.09090909090909
M,M,0,No,Bachelors,Clerical,0,0,0-1 Miles,Europe,1,35-40,27.2727272727273
M,M,0,No,Bachelors,Clerical,0,0,0-1 Miles,Europe,1,41-45,27.2727272727273
M,M,1,No,Bachelors,Clerical,1,1,0-1 Miles,Europe,0,65+,18.1818181818182
S,F,2,Si,High School,Manual,1,0,0-1 Miles,Europe,1,41-45,9.09090909090909
S,M,1,Si,Bachelors,Clerical,0,1,0-1 Miles,Europe,1,41-45,18.1818181818182
M,M,1,Si,Bachelors,Skilled Manual,1,1,0-1 Miles,Europe,1,41-45,18.1818181818182
M,F,1,Si,Bachelors,Skilled Manual,1,2,0-1 Miles,Europe,0,41-45,18.1818181818182
M,M,1,Si,Bachelors,Skilled Manual,1,2,0-1 Miles,Europe,0,41-45,18.1818181818182
S,F,5,Si,Partial High School,Manual,1,2,0-1 Miles,Europe,0,41-45,9.09090909090909
S,F,4,Si,Partial High School,Manual,1,2,0-1 Miles,Europe,0,41-45,9.09090909090909
S,M,2,Si,High School,Manual,1,1,0-1 Miles,Europe,1,41-45,9.09090909090909
M,M,1,Si,Bachelors,Skilled Manual,1,2,0-1 Miles,Europe,0,35-40,18.1818181818182
M,F,1,Si,Bachelors,Skilled Manual,1,2,0-1 Miles,Europe,0,41-45,18.1818181818182
M,F,1,Si,Bachelors,Skilled Manual,1,2,0-1 Miles,Europe,0,41-45,18.1818181818182
S,F,5,Si,Partial High School,Manual,1,1,0-1 Miles,Europe,1,41-45,9.09090909090909
S,F,5,Si,Partial High School,Manual,1,1,0-1 Miles,Europe,0,41-45,9.09090909090909
S,M,3,Si,Partial High School,Manual,1,2,0-1 Miles,Europe,0,41-45,9.09090909090909
S,M,3,Si,Partial High School,Manual,1,2,0-1 Miles,Europe,0,35-40,9.09090909090909
S,F,3,Si,Partial High School,Manual,1,2,0-1 Miles,Europe,0,46-50,9.09090909090909
M,F,0,No,Bachelors,Professional,1,0,0-1 Miles,Europe,1,35-40,27.2727272727273
M,F,0,No,Bachelors,Professional,0,0,0-1 Miles,Europe,1,41-45,27.2727272727273
M,F,0,No,Bachelors,Professional,0,0,0-1 Miles,Europe,1,41-45,27.2727272727273
S,M,2,Si,Partial College,Clerical,1,0,0-1 Miles,Europe,1,46-50,18.1818181818182
M,M,1,No,Partial College,Clerical,1,1,0-1 Miles,Europe,1,35-40,18.1818181818182
S,F,2,Si,Partial College,Clerical,1,1,0-1 Miles,Europe,0,41-45,18.1818181818182
S,F,2,Si,Partial College,Clerical,1,2,0-1 Miles,Europe,0,41-45,18.1818181818182
M,F,1,No,Bachelors,Skilled Manual,1,0,0-1 Miles,Europe,1,35-40,27.2727272727273
M,M,2,Si,Partial College,Clerical,0,2,0-1 Miles,Europe,0,35-40,18.1818181818182
S,F,2,Si,Partial College,Clerical,1,2,0-1 Miles,Europe,0,35-40,18.1818181818182
S,F,2,Si,Partial College,Clerical,1,2,0-1 Miles,Europe,0,35-40,18.1818181818182
M,F,1,No,Bachelors,Skilled Manual,1,0,0-1 Miles,Europe,1,35-40,27.2727272727273
M,M,1,No,Bachelors,Skilled Manual,1,0,0-1 Miles,Europe,1,41-45,27.2727272727273
M,F,1,No,Bachelors,Skilled Manual,1,0,0-1 Miles,Europe,1,46-50,27.2727272727273
S,M,0,No,High School,Manual,1,1,2-5 Miles,Europe,0,29-34,9.09090909090909
S,F,4,Si,High School,Manual,1,2,0-1 Miles,Europe,0,29-34,9.09090909090909
S,M,4,Si,High School,Manual,1,3,0-1 Miles,Europe,1,29-34,9.09090909090909
S,F,5,Si,High School,Manual,1,2,0-1 Miles,Europe,0,29-34,9.09090909090909
S,M,3,Si,Partial College,Clerical,1,1,0-1 Miles,Europe,0,29-34,18.1818181818182
S,M,3,Si,Partial College,Clerical,1,2,0-1 Miles,Europe,0,29-34,18.1818181818182
M,M,1,No,Bachelors,Skilled Manual,1,0,0-1 Miles,Europe,1,46-50,27.2727272727273
M,M,1,No,Bachelors,Skilled Manual,1,0,0-1 Miles,Europe,1,46-50,27.2727272727273
S,M,1,No,Partial College,Clerical,1,1,2-5 Miles,Europe,0,46-50,18.1818181818182
S,F,4,Si,Partial College,Clerical,1,3,0-1 Miles,Europe,1,29-34,18.1818181818182
S,F,5,Si,Partial College,Clerical,1,1,0-1 Miles,Europe,1,29-34,18.1818181818182
S,F,5,Si,Partial College,Clerical,1,3,0-1 Miles,Europe,0,29-34,18.1818181818182
S,F,0,No,Partial College,Clerical,0,1,0-1 Miles,Europe,1,29-34,18.1818181818182
S,F,0,No,Partial College,Clerical,1,1,2-5 Miles,Europe,0,29-34,18.1818181818182
S,F,0,No,Partial College,Clerical,0,1,2-5 Miles,Europe,0,29-34,18.1818181818182
S,M,0,No,High School,Manual,0,1,1-2 Miles,Europe,0,29-34,9.09090909090909
S,F,0,No,High School,Manual,0,1,1-2 Miles,Europe,0,29-34,9.09090909090909
M,M,0,No,Partial High School,Manual,1,2,0-1 Miles,Europe,0,29-34,9.09090909090909
S,F,0,No,High School,Manual,0,1,5-10 Miles,Europe,0,29-34,9.09090909090909
S,M,0,No,High School,Manual,1,1,2-5 Miles,Europe,0,35-40,9.09090909090909
S,F,0,No,High School,Manual,0,1,5-10 Miles,Europe,0,29-34,9.09090909090909
S,M,0,No,Partial College,Clerical,0,1,0-1 Miles,Europe,1,29-34,18.1818181818182
S,F,0,No,Partial College,Clerical,0,1,2-5 Miles,Europe,0,29-34,18.1818181818182
S,F,0,No,Partial College,Clerical,1,1,2-5 Miles,Europe,0,29-34,18.1818181818182
S,M,0,No,Partial College,Clerical,0,1,0-1 Miles,Europe,0,29-34,18.1818181818182
S,F,0,No,Partial High School,Manual,1,2,0-1 Miles,Europe,0,35-40,9.09090909090909
S,M,0,No,Partial High School,Manual,1,2,0-1 Miles,Europe,0,29-34,9.09090909090909
S,M,0,No,Partial High School,Manual,0,2,1-2 Miles,Europe,0,35-40,9.09090909090909
S,M,0,No,Partial High School,Manual,0,2,0-1 Miles,Europe,0,35-40,9.09090909090909
S,M,0,No,Partial High School,Manual,1,2,1-2 Miles,Europe,0,35-40,9.09090909090909
S,M,0,No,Partial High School,Manual,0,2,0-1 Miles,Europe,0,29-34,9.09090909090909
S,F,0,No,Partial College,Clerical,0,1,2-5 Miles,Europe,1,29-34,18.1818181818182
S,F,0,No,Partial College,Clerical,0,1,0-1 Miles,Europe,0,29-34,18.1818181818182
S,M,0,No,Partial College,Clerical,0,1,0-1 Miles,Europe,0,35-40,18.1818181818182
S,M,0,No,Partial College,Clerical,0,1,0-1 Miles,Europe,0,29-34,18.1818181818182
M,M,1,No,Graduate Degree,Clerical,1,0,0-1 Miles,Europe,0,46-50,9.09090909090909
S,M,1,No,Graduate Degree,Clerical,1,0,0-1 Miles,Europe,0,46-50,9.09090909090909
M,M,1,No,Bachelors,Manual,1,0,0-1 Miles,Europe,0,46-50,9.09090909090909
M,F,1,No,Graduate Degree,Clerical,1,0,0-1 Miles,Europe,0,46-50,9.09090909090909
M,F,1,No,Graduate Degree,Clerical,1,0,0-1 Miles,Europe,0,46-50,9.09090909090909
S,F,1,No,Graduate Degree,Clerical,1,0,0-1 Miles,Europe,0,65+,9.09090909090909
M,F,1,No,Graduate Degree,Clerical,1,0,0-1 Miles,Europe,0,65+,18.1818181818182
M,F,5,No,Graduate Degree,Clerical,1,0,0-1 Miles,Europe,1,41-45,18.1818181818182
M,M,1,No,Partial College,Manual,1,0,0-1 Miles,Europe,0,51-55,9.09090909090909
M,M,1,No,Partial College,Manual,1,0,0-1 Miles,Europe,0,51-55,9.09090909090909
M,F,2,No,Partial College,Manual,1,0,1-2 Miles,Europe,0,51-55,9.09090909090909
S,M,2,No,Partial College,Manual,1,1,0-1 Miles,Europe,1,46-50,9.09090909090909
S,M,2,No,Bachelors,Clerical,1,1,0-1 Miles,Europe,0,65+,9.09090909090909
M,M,1,No,Bachelors,Clerical,1,0,0-1 Miles,Europe,0,65+,9.09090909090909
M,F,1,No,Graduate Degree,Clerical,1,0,0-1 Miles,Europe,0,65+,18.1818181818182
M,M,2,No,Bachelors,Clerical,1,1,0-1 Miles,Europe,0,65+,9.09090909090909
M,M,1,No,Bachelors,Clerical,1,0,0-1 Miles,Europe,1,65+,9.09090909090909
M,F,2,No,Partial College,Manual,1,1,0-1 Miles,Europe,0,56-65,9.09090909090909
M,M,1,No,Bachelors,Clerical,1,0,0-1 Miles,Europe,1,56-65,9.09090909090909
M,M,1,No,Partial College,Manual,1,0,0-1 Miles,Europe,0,65+,9.09090909090909
M,F,1,No,Partial College,Manual,1,0,0-1 Miles,Europe,1,65+,9.09090909090909
S,M,1,No,Bachelors,Clerical,1,0,0-1 Miles,Europe,1,65+,18.1818181818182
M,M,3,No,Partial College,Manual,1,1,0-1 Miles,Europe,0,65+,9.09090909090909
S,M,1,No,Graduate Degree,Clerical,1,0,0-1 Miles,Europe,1,65+,27.2727272727273
S,F,0,No,Partial College,Manual,0,1,0-1 Miles,Pacific,1,29-34,9.09090909090909
M,F,0,No,Partial College,Manual,0,1,0-1 Miles,Pacific,1,29-34,9.09090909090909
M,F,0,No,Bachelors,Clerical,1,0,0-1 Miles,Pacific,1,29-34,9.09090909090909
M,F,0,No,High School,Manual,1,1,2-5 Miles,Pacific,0,29-34,9.09090909090909
S,M,0,No,High School,Manual,0,1,1-2 Miles,Pacific,1,29-34,9.09090909090909
M,F,0,No,High School,Manual,0,2,0-1 Miles,Pacific,1,29-34,9.09090909090909
M,F,1,Si,High School,Manual,1,0,2-5 Miles,Pacific,1,29-34,9.09090909090909
M,F,1,Si,High School,Manual,1,0,2-5 Miles,Pacific,1,29-34,9.09090909090909
M,M,1,Si,High School,Manual,1,0,2-5 Miles,Pacific,1,29-34,9.09090909090909
M,M,0,No,Bachelors,Clerical,1,0,0-1 Miles,Pacific,1,29-34,9.09090909090909
S,M,0,No,Bachelors,Clerical,0,0,0-1 Miles,Pacific,1,29-34,9.09090909090909
M,F,0,No,Bachelors,Clerical,0,0,0-1 Miles,Pacific,1,29-34,9.09090909090909
S,M,0,No,Bachelors,Clerical,1,0,0-1 Miles,Pacific,1,29-34,9.09090909090909
S,M,0,No,Bachelors,Clerical,1,0,0-1 Miles,Pacific,1,29-34,9.09090909090909
M,F,0,No,Bachelors,Clerical,1,0,0-1 Miles,Pacific,1,29-34,9.09090909090909
M,M,0,No,Bachelors,Clerical,0,0,0-1 Miles,Pacific,1,29-34,9.09090909090909
M,F,0,No,Bachelors,Clerical,1,0,0-1 Miles,Pacific,1,29-34,9.09090909090909
M,M,0,No,Bachelors,Clerical,1,0,0-1 Miles,Pacific,1,29-34,9.09090909090909
S,M,0,No,Bachelors,Clerical,0,0,0-1 Miles,Pacific,1,29-34,9.09090909090909
S,F,0,No,Partial College,Manual,0,0,0-1 Miles,Pacific,1,29-34,9.09090909090909
M,M,1,Si,Partial College,Manual,1,0,1-2 Miles,Europe,0,46-50,9.09090909090909
M,F,4,No,Graduate Degree,Clerical,1,0,0-1 Miles,Europe,1,41-45,18.1818181818182
M,F,1,Si,High School,Manual,1,1,2-5 Miles,Europe,0,46-50,9.09090909090909
S,F,1,Si,Partial College,Manual,0,0,0-1 Miles,Europe,1,46-50,9.09090909090909
M,M,1,Si,Partial College,Manual,1,0,1-2 Miles,Europe,0,41-45,9.09090909090909
S,F,1,Si,Partial College,Manual,0,0,0-1 Miles,Europe,1,46-50,9.09090909090909
S,M,1,Si,Partial College,Manual,0,0,1-2 Miles,Europe,0,46-50,9.09090909090909
M,M,1,Si,Partial College,Manual,1,0,1-2 Miles,Europe,0,41-45,9.09090909090909
S,F,1,Si,Partial College,Manual,0,0,0-1 Miles,Europe,1,46-50,9.09090909090909
M,F,2,No,Partial College,Manual,1,1,2-5 Miles,Europe,1,46-50,9.09090909090909
M,M,2,No,Partial College,Manual,1,1,2-5 Miles,Europe,1,51-55,9.09090909090909
M,F,2,No,Partial College,Manual,1,1,0-1 Miles,Europe,1,51-55,9.09090909090909
M,F,1,No,Graduate Degree,Clerical,1,0,0-1 Miles,Europe,1,46-50,18.1818181818182
M,F,3,No,Graduate Degree,Clerical,1,0,0-1 Miles,Europe,1,41-45,18.1818181818182
M,F,3,No,Graduate Degree,Clerical,1,0,0-1 Miles,Europe,1,46-50,18.1818181818182
M,F,3,No,Graduate Degree,Clerical,1,0,0-1 Miles,Europe,1,41-45,18.1818181818182
S,F,3,No,Graduate Degree,Clerical,1,0,0-1 Miles,Europe,1,46-50,27.2727272727273
M,M,3,No,Bachelors,Clerical,1,0,0-1 Miles,Europe,1,41-45,18.1818181818182
M,M,0,No,Bachelors,Clerical,1,0,0-1 Miles,Europe,1,46-50,18.1818181818182
M,F,1,No,Bachelors,Clerical,1,0,0-1 Miles,Europe,1,51-55,18.1818181818182
M,F,1,Si,High School,Manual,1,1,5-10 Miles,Europe,0,29-34,9.09090909090909
S,F,1,Si,High School,Manual,0,1,2-5 Miles,Europe,1,35-40,9.09090909090909
S,M,1,Si,High School,Manual,0,2,0-1 Miles,Europe,0,35-40,9.09090909090909
S,M,0,No,Partial College,Manual,1,1,2-5 Miles,Europe,0,35-40,9.09090909090909
S,M,0,No,Partial College,Manual,0,1,1-2 Miles,Europe,1,35-40,9.09090909090909
S,M,0,No,Partial College,Manual,1,1,2-5 Miles,Europe,0,29-34,9.09090909090909
S,F,2,Si,High School,Manual,1,0,0-1 Miles,Europe,1,35-40,9.09090909090909
S,F,0,No,Bachelors,Clerical,0,0,0-1 Miles,Europe,1,29-34,18.1818181818182
S,F,0,No,Bachelors,Clerical,0,0,0-1 Miles,Europe,1,29-34,18.1818181818182
S,M,0,No,Partial College,Manual,1,1,2-5 Miles,Europe,0,35-40,9.09090909090909
S,M,0,No,Bachelors,Clerical,0,0,0-1 Miles,Europe,1,35-40,18.1818181818182
S,F,0,No,Bachelors,Clerical,0,0,1-2 Miles,Europe,1,35-40,18.1818181818182
M,M,1,No,Bachelors,Clerical,1,0,1-2 Miles,Europe,1,35-40,18.1818181818182
M,M,1,No,Bachelors,Clerical,1,0,0-1 Miles,Europe,1,35-40,18.1818181818182
M,M,0,No,Graduate Degree,Clerical,1,0,0-1 Miles,Europe,1,29-34,27.2727272727273
M,M,0,No,Graduate Degree,Clerical,1,0,0-1 Miles,Europe,1,35-40,27.2727272727273
S,F,0,No,Graduate Degree,Skilled Manual,0,0,0-1 Miles,Europe,1,41-45,45.4545454545455
S,M,0,No,Graduate Degree,Skilled Manual,0,0,0-1 Miles,Europe,1,41-45,45.4545454545455
M,M,2,No,Partial College,Manual,1,1,2-5 Miles,Europe,1,56-65,9.09090909090909
M,M,2,No,Partial College,Manual,1,1,1-2 Miles,Europe,1,56-65,9.09090909090909
M,M,4,No,High School,Manual,0,2,0-1 Miles,Europe,0,56-65,9.09090909090909
M,M,2,No,Partial College,Manual,1,1,1-2 Miles,Europe,1,56-65,9.09090909090909
S,F,2,Si,High School,Manual,1,2,0-1 Miles,Europe,0,46-50,9.09090909090909
M,M,2,Si,High School,Manual,0,2,0-1 Miles,Europe,0,51-55,9.09090909090909
S,F,1,Si,Partial College,Manual,0,0,0-1 Miles,Europe,1,35-40,9.09090909090909
M,F,1,Si,Partial College,Manual,1,1,2-5 Miles,Europe,1,41-45,9.09090909090909
S,M,1,Si,Partial College,Manual,0,1,2-5 Miles,Europe,0,41-45,9.09090909090909
M,M,1,No,Bachelors,Clerical,1,0,0-1 Miles,Europe,1,41-45,18.1818181818182
M,F,1,No,Bachelors,Clerical,1,0,2-5 Miles,Europe,1,29-34,18.1818181818182
S,F,1,Si,Bachelors,Clerical,0,0,1-2 Miles,Europe,1,41-45,18.1818181818182
M,M,1,Si,Bachelors,Clerical,1,0,2-5 Miles,Europe,1,41-45,18.1818181818182
M,M,0,No,Graduate Degree,Clerical,1,0,0-1 Miles,Europe,1,41-45,27.2727272727273
M,F,0,No,Graduate Degree,Clerical,1,0,0-1 Miles,Europe,1,41-45,27.2727272727273
M,M,0,No,Graduate Degree,Clerical,1,0,0-1 Miles,Europe,1,41-45,27.2727272727273
M,F,5,No,Bachelors,Skilled Manual,1,0,0-1 Miles,Europe,1,65+,72.7272727272727
S,F,3,Si,High School,Manual,1,1,0-1 Miles,Europe,0,41-45,9.09090909090909
M,F,1,Si,Partial College,Manual,1,1,2-5 Miles,Europe,1,41-45,9.09090909090909
S,F,1,Si,Bachelors,Clerical,0,0,1-2 Miles,Europe,1,41-45,18.1818181818182
M,F,1,Si,Bachelors,Clerical,1,1,2-5 Miles,Europe,1,35-40,18.1818181818182
S,F,1,Si,Bachelors,Clerical,0,1,0-1 Miles,Europe,1,29-34,18.1818181818182
M,M,5,Si,Partial High School,Manual,0,2,0-1 Miles,Europe,0,35-40,9.09090909090909
S,F,1,Si,High School,Manual,0,1,1-2 Miles,Europe,1,41-45,9.09090909090909
M,M,0,No,Bachelors,Clerical,1,0,0-1 Miles,Europe,1,29-34,27.2727272727273
M,F,1,Si,Bachelors,Skilled Manual,1,2,0-1 Miles,Europe,0,35-40,18.1818181818182
S,M,5,Si,Partial High School,Manual,1,1,0-1 Miles,Europe,1,35-40,9.09090909090909
S,M,4,Si,Partial High School,Manual,1,2,0-1 Miles,Europe,0,41-45,9.09090909090909
M,M,4,Si,Partial High School,Manual,0,2,0-1 Miles,Europe,0,41-45,9.09090909090909
M,F,2,Si,High School,Manual,0,1,0-1 Miles,Europe,0,41-45,9.09090909090909
S,F,2,Si,High School,Manual,1,1,0-1 Miles,Europe,1,35-40,9.09090909090909
S,M,2,Si,High School,Manual,1,1,0-1 Miles,Europe,1,35-40,9.09090909090909
S,F,2,Si,High School,Manual,1,2,0-1 Miles,Europe,0,41-45,9.09090909090909
M,F,1,Si,Bachelors,Skilled Manual,1,2,0-1 Miles,Europe,0,35-40,18.1818181818182
M,M,1,Si,Bachelors,Skilled Manual,1,2,0-1 Miles,Europe,0,41-45,18.1818181818182
S,M,3,Si,Partial High School,Manual,1,2,0-1 Miles,Europe,0,41-45,9.09090909090909
S,F,3,Si,Partial High School,Manual,1,2,0-1 Miles,Europe,0,41-45,9.09090909090909
S,F,3,Si,Partial High School,Manual,1,2,0-1 Miles,Europe,0,35-40,9.09090909090909
S,M,3,Si,High School,Manual,1,0,0-1 Miles,Europe,0,41-45,9.09090909090909
M,F,1,Si,Bachelors,Skilled Manual,1,2,0-1 Miles,Europe,0,41-45,18.1818181818182
S,M,2,Si,Bachelors,Skilled Manual,1,0,0-1 Miles,Europe,0,46-50,18.1818181818182
S,M,2,Si,Partial College,Manual,1,0,0-1 Miles,Europe,0,35-40,18.1818181818182
S,F,3,Si,High School,Manual,1,2,0-1 Miles,Europe,0,35-40,9.09090909090909
M,M,4,No,High School,Manual,0,2,0-1 Miles,Europe,0,65+,9.09090909090909
M,F,2,No,Partial College,Manual,1,1,2-5 Miles,Europe,0,65+,9.09090909090909
M,F,2,No,Partial College,Manual,1,1,2-5 Miles,Europe,0,65+,9.09090909090909
S,F,0,No,Bachelors,Professional,0,0,0-1 Miles,Europe,1,41-45,27.2727272727273
S,M,2,Si,Partial College,Clerical,1,1,0-1 Miles,Europe,0,35-40,18.1818181818182
S,F,2,Si,Partial College,Clerical,1,1,0-1 Miles,Europe,1,35-40,18.1818181818182
S,M,2,Si,Partial College,Clerical,1,1,0-1 Miles,Europe,1,41-45,18.1818181818182
S,F,2,Si,Partial College,Clerical,1,2,0-1 Miles,Europe,0,35-40,18.1818181818182
M,F,1,No,Bachelors,Skilled Manual,1,0,0-1 Miles,Europe,1,46-50,27.2727272727273
M,F,1,No,Bachelors,Skilled Manual,1,0,0-1 Miles,Europe,1,35-40,27.2727272727273
S,F,2,Si,Partial College,Clerical,1,2,0-1 Miles,Europe,0,35-40,18.1818181818182
S,M,2,Si,Partial College,Clerical,1,2,0-1 Miles,Europe,0,35-40,18.1818181818182
S,M,3,Si,Partial College,Clerical,1,0,0-1 Miles,Europe,0,46-50,18.1818181818182
M,M,0,No,High School,Manual,0,1,2-5 Miles,Europe,0,29-34,9.09090909090909
M,M,4,Si,High School,Manual,0,2,0-1 Miles,Europe,0,29-34,9.09090909090909
S,F,4,Si,High School,Manual,1,2,0-1 Miles,Europe,0,29-34,9.09090909090909
S,F,3,Si,Partial College,Clerical,1,1,0-1 Miles,Europe,1,29-34,18.1818181818182
S,F,3,Si,Partial College,Clerical,1,2,0-1 Miles,Europe,0,29-34,18.1818181818182
M,M,1,No,Bachelors,Skilled Manual,1,0,0-1 Miles,Europe,1,46-50,27.2727272727273
M,M,1,No,Bachelors,Skilled Manual,1,0,0-1 Miles,Europe,1,46-50,27.2727272727273
M,F,1,No,Bachelors,Skilled Manual,1,0,0-1 Miles,Europe,1,46-50,27.2727272727273
M,M,1,No,Bachelors,Skilled Manual,1,0,0-1 Miles,Europe,1,41-45,27.2727272727273
M,F,1,No,Bachelors,Skilled Manual,1,1,0-1 Miles,Europe,1,46-50,27.2727272727273
M,F,1,No,Bachelors,Skilled Manual,1,1,0-1 Miles,Europe,1,41-45,27.2727272727273
M,F,1,No,Bachelors,Skilled Manual,1,1,0-1 Miles,Europe,1,46-50,27.2727272727273
S,F,4,Si,Partial College,Clerical,1,1,0-1 Miles,Europe,0,29-34,18.1818181818182
M,M,4,Si,Partial College,Clerical,0,2,0-1 Miles,Europe,0,29-34,18.1818181818182
S,M,4,Si,Partial College,Clerical,1,2,0-1 Miles,Europe,0,29-34,18.1818181818182
M,M,5,Si,Partial College,Clerical,0,3,0-1 Miles,Europe,0,29-34,18.1818181818182
S,F,0,No,Partial College,Clerical,1,1,2-5 Miles,Europe,0,29-34,18.1818181818182
M,F,0,No,Partial College,Clerical,0,1,0-1 Miles,Europe,0,29-34,18.1818181818182
S,M,0,No,Partial College,Clerical,1,1,2-5 Miles,Europe,0,29-34,18.1818181818182
M,M,0,No,High School,Manual,0,1,2-5 Miles,Europe,0,29-34,9.09090909090909
S,M,0,No,Partial High School,Manual,1,2,0-1 Miles,Europe,0,29-34,9.09090909090909
S,F,0,No,High School,Manual,0,1,5-10 Miles,Europe,0,35-40,9.09090909090909
S,M,0,No,High School,Manual,0,1,5-10 Miles,Europe,0,29-34,9.09090909090909
M,M,0,No,Partial College,Clerical,0,1,0-1 Miles,Europe,0,29-34,18.1818181818182
S,M,0,No,Partial High School,Manual,0,1,5-10 Miles,Europe,0,35-40,9.09090909090909
M,F,0,No,Partial High School,Manual,1,2,0-1 Miles,Europe,0,29-34,9.09090909090909
S,M,0,No,Partial High School,Manual,1,2,1-2 Miles,Europe,0,35-40,9.09090909090909
S,F,0,No,Partial High School,Manual,0,2,0-1 Miles,Europe,0,35-40,9.09090909090909
S,M,0,No,Partial College,Clerical,1,1,2-5 Miles,Europe,0,29-34,18.1818181818182
S,F,0,No,Partial College,Clerical,0,1,2-5 Miles,Europe,1,29-34,18.1818181818182
S,F,0,No,Partial College,Clerical,1,1,2-5 Miles,Europe,0,29-34,18.1818181818182
S,M,0,No,Partial College,Clerical,0,1,0-1 Miles,Europe,0,29-34,18.1818181818182
S,M,0,No,Partial College,Clerical,1,1,2-5 Miles,Europe,0,35-40,18.1818181818182
M,F,1,Si,Bachelors,Skilled Manual,1,0,1-2 Miles,Europe,1,29-34,27.2727272727273
S,M,0,No,Partial High School,Manual,0,2,0-1 Miles,Europe,0,35-40,9.09090909090909
S,M,0,No,Partial College,Clerical,0,1,0-1 Miles,Europe,0,35-40,18.1818181818182
S,F,0,No,Partial College,Clerical,0,1,2-5 Miles,Europe,0,29-34,18.1818181818182
S,M,0,No,Partial High School,Manual,0,2,0-1 Miles,Europe,0,29-34,9.09090909090909
M,M,0,No,Partial High School,Manual,0,2,0-1 Miles,Europe,0,29-34,9.09090909090909
M,F,0,No,Partial High School,Manual,0,2,0-1 Miles,Europe,0,29-34,9.09090909090909
S,M,0,No,Partial High School,Manual,0,2,1-2 Miles,Europe,0,29-34,9.09090909090909
M,F,1,No,Partial College,Skilled Manual,1,1,0-1 Miles,North America,1,35-40,63.6363636363636
M,M,1,No,Partial College,Skilled Manual,1,1,2-5 Miles,North America,1,41-45,63.6363636363636
M,M,4,Si,High School,Skilled Manual,1,3,5-10 Miles,North America,0,41-45,27.2727272727273
S,M,4,Si,High School,Skilled Manual,1,3,10+ Miles,North America,1,41-45,27.2727272727273
M,M,4,Si,High School,Skilled Manual,1,3,5-10 Miles,North America,0,46-50,27.2727272727273
M,F,1,No,Partial College,Skilled Manual,1,1,2-5 Miles,North America,1,35-40,45.4545454545455
M,M,1,No,Partial College,Skilled Manual,1,1,0-1 Miles,North America,1,41-45,45.4545454545455
M,F,0,No,Bachelors,Professional,0,1,0-1 Miles,North America,0,46-50,27.2727272727273
M,M,1,No,Partial College,Skilled Manual,1,1,0-1 Miles,North America,1,35-40,45.4545454545455
M,M,1,No,Partial College,Skilled Manual,1,1,2-5 Miles,North America,1,46-50,45.4545454545455
S,F,0,No,Partial College,Skilled Manual,1,1,2-5 Miles,North America,1,41-45,45.4545454545455
S,M,0,No,Partial College,Skilled Manual,0,1,2-5 Miles,North America,1,29-34,45.4545454545455
S,F,0,No,Graduate Degree,Professional,0,1,0-1 Miles,North America,1,29-34,45.4545454545455
S,M,0,No,Graduate Degree,Professional,1,1,2-5 Miles,North America,1,41-45,45.4545454545455
S,F,0,No,Graduate Degree,Professional,0,1,0-1 Miles,North America,1,41-45,45.4545454545455
M,M,0,No,Graduate Degree,Professional,0,1,0-1 Miles,North America,1,41-45,45.4545454545455
M,M,1,No,Graduate Degree,Professional,0,1,0-1 Miles,North America,0,65+,45.4545454545455
M,M,1,No,Partial College,Skilled Manual,1,1,2-5 Miles,North America,1,46-50,45.4545454545455
M,F,1,No,Partial College,Skilled Manual,1,1,0-1 Miles,North America,1,46-50,45.4545454545455
M,M,5,Si,Bachelors,Professional,1,1,0-1 Miles,North America,0,46-50,45.4545454545455
S,M,4,Si,Bachelors,Professional,1,1,2-5 Miles,North America,0,46-50,45.4545454545455
M,F,5,Si,Graduate Degree,Professional,1,3,10+ Miles,North America,0,41-45,63.6363636363636
M,F,3,No,Graduate Degree,Professional,1,0,0-1 Miles,North America,1,46-50,72.7272727272727
M,F,1,No,Bachelors,Professional,1,1,2-5 Miles,North America,1,51-55,45.4545454545455
S,F,1,No,Bachelors,Professional,1,1,2-5 Miles,North America,1,35-40,45.4545454545455
M,M,5,Si,Graduate Degree,Professional,1,1,2-5 Miles,North America,0,35-40,63.6363636363636
M,M,5,Si,Graduate Degree,Professional,1,2,2-5 Miles,North America,0,51-55,63.6363636363636
S,F,4,Si,Graduate Degree,Management,1,0,0-1 Miles,Pacific,1,35-40,72.7272727272727
S,F,1,No,Graduate Degree,Management,1,0,0-1 Miles,Pacific,1,41-45,81.8181818181818
S,F,2,No,Graduate Degree,Management,0,0,0-1 Miles,Pacific,1,29-34,81.8181818181818
M,M,4,Si,Graduate Degree,Management,1,1,0-1 Miles,Pacific,1,35-40,72.7272727272727
M,F,2,No,Bachelors,Professional,1,0,2-5 Miles,Pacific,1,35-40,81.8181818181818
M,M,5,Si,Bachelors,Professional,0,3,10+ Miles,Pacific,0,41-45,63.6363636363636
S,M,5,Si,Bachelors,Professional,1,3,10+ Miles,Pacific,0,35-40,63.6363636363636
M,M,5,Si,Bachelors,Professional,0,3,10+ Miles,Pacific,0,35-40,63.6363636363636
M,M,5,Si,Bachelors,Professional,1,3,10+ Miles,Pacific,1,41-45,63.6363636363636
M,M,5,Si,Bachelors,Professional,1,3,10+ Miles,Pacific,0,29-34,63.6363636363636
S,M,5,Si,Graduate Degree,Management,1,2,0-1 Miles,Pacific,0,41-45,72.7272727272727
M,M,5,Si,Graduate Degree,Management,1,2,0-1 Miles,Pacific,0,29-34,72.7272727272727
M,F,5,Si,Graduate Degree,Management,1,2,0-1 Miles,Pacific,0,35-40,72.7272727272727
M,F,5,Si,Bachelors,Professional,0,3,0-1 Miles,Pacific,0,41-45,72.7272727272727
M,F,5,Si,Bachelors,Professional,1,3,0-1 Miles,Pacific,1,41-45,72.7272727272727
S,F,2,Si,Bachelors,Professional,0,1,0-1 Miles,Pacific,1,41-45,45.4545454545455
S,F,3,Si,Bachelors,Professional,1,1,2-5 Miles,Pacific,0,41-45,45.4545454545455
M,F,3,Si,Bachelors,Professional,1,1,5-10 Miles,Pacific,0,41-45,45.4545454545455
M,M,5,Si,Bachelors,Professional,1,4,10+ Miles,Pacific,1,41-45,63.6363636363636
S,M,0,No,Bachelors,Professional,0,1,5-10 Miles,Pacific,0,41-45,63.6363636363636
M,M,5,Si,Bachelors,Professional,1,4,1-2 Miles,Pacific,0,41-45,72.7272727272727
S,M,0,No,Bachelors,Professional,0,1,5-10 Miles,Pacific,0,41-45,63.6363636363636
M,M,3,Si,Bachelors,Professional,1,2,0-1 Miles,Pacific,0,35-40,45.4545454545455
M,M,4,Si,Bachelors,Professional,1,2,5-10 Miles,Pacific,0,41-45,45.4545454545455
M,F,3,Si,Bachelors,Professional,1,2,5-10 Miles,Pacific,1,46-50,45.4545454545455
S,M,0,No,Bachelors,Professional,0,1,5-10 Miles,Pacific,0,46-50,63.6363636363636
M,M,1,No,Bachelors,Professional,1,1,0-1 Miles,Pacific,1,46-50,45.4545454545455
M,F,1,No,Bachelors,Professional,1,1,5-10 Miles,Pacific,1,46-50,45.4545454545455
M,M,1,No,Bachelors,Professional,1,1,5-10 Miles,Pacific,1,41-45,45.4545454545455
M,F,1,No,Bachelors,Professional,1,1,0-1 Miles,Pacific,1,41-45,45.4545454545455
M,M,1,No,Bachelors,Professional,1,1,0-1 Miles,Pacific,1,41-45,45.4545454545455
M,F,1,No,Partial College,Skilled Manual,1,1,5-10 Miles,Pacific,0,41-45,45.4545454545455
S,F,1,No,Bachelors,Professional,1,1,5-10 Miles,Pacific,1,35-40,45.4545454545455
M,F,1,No,Bachelors,Professional,1,1,5-10 Miles,Pacific,0,46-50,45.4545454545455
S,F,1,No,Partial College,Skilled Manual,1,1,5-10 Miles,Pacific,1,46-50,45.4545454545455
S,F,1,No,Partial College,Skilled Manual,1,1,5-10 Miles,Pacific,1,46-50,45.4545454545455
S,F,3,No,Graduate Degree,Management,1,1,1-2 Miles,Pacific,1,65+,72.7272727272727
S,F,0,No,Graduate Degree,Management,0,1,2-5 Miles,Pacific,1,41-45,81.8181818181818
M,F,0,No,Graduate Degree,Management,0,1,2-5 Miles,Pacific,1,41-45,81.8181818181818
S,F,0,No,Bachelors,Professional,0,1,5-10 Miles,Pacific,0,41-45,81.8181818181818
S,F,0,No,Graduate Degree,Management,0,2,1-2 Miles,Pacific,1,35-40,90.9090909090909
S,M,1,No,Partial College,Skilled Manual,1,1,5-10 Miles,Pacific,1,41-45,45.4545454545455
M,M,1,No,Partial College,Skilled Manual,1,1,5-10 Miles,Pacific,0,41-45,45.4545454545455
S,F,2,No,Partial College,Clerical,1,2,5-10 Miles,Pacific,0,65+,18.1818181818182
S,M,0,No,Bachelors,Professional,0,1,5-10 Miles,Pacific,0,41-45,63.6363636363636
S,M,5,Si,Bachelors,Professional,1,4,1-2 Miles,Pacific,0,41-45,72.7272727272727
S,M,0,No,Bachelors,Professional,1,1,5-10 Miles,Pacific,1,41-45,63.6363636363636
S,M,0,No,Bachelors,Professional,0,1,5-10 Miles,Pacific,0,41-45,63.6363636363636
S,M,0,No,Bachelors,Professional,0,1,5-10 Miles,Pacific,0,41-45,63.6363636363636
S,M,0,No,Bachelors,Professional,1,1,5-10 Miles,Pacific,1,41-45,63.6363636363636
S,F,0,No,Bachelors,Professional,1,1,5-10 Miles,Pacific,1,35-40,63.6363636363636
S,M,4,No,Bachelors,Professional,0,1,1-2 Miles,Pacific,1,41-45,72.7272727272727
S,F,1,No,Bachelors,Professional,1,1,2-5 Miles,Pacific,1,41-45,81.8181818181818
S,M,0,No,Bachelors,Professional,0,1,5-10 Miles,Pacific,1,46-50,63.6363636363636
S,F,0,No,Bachelors,Professional,0,1,5-10 Miles,Pacific,1,46-50,63.6363636363636
M,F,5,Si,Partial College,Skilled Manual,1,2,5-10 Miles,Pacific,0,46-50,63.6363636363636
M,M,1,No,Partial College,Skilled Manual,1,1,5-10 Miles,Pacific,0,46-50,45.4545454545455
M,M,1,No,Partial College,Skilled Manual,1,1,0-1 Miles,Pacific,1,41-45,45.4545454545455
S,F,5,Si,Partial College,Skilled Manual,1,3,10+ Miles,Pacific,0,46-50,63.6363636363636
M,M,2,No,Bachelors,Professional,1,1,1-2 Miles,Pacific,0,51-55,81.8181818181818
S,F,2,No,Bachelors,Professional,1,1,2-5 Miles,Pacific,1,51-55,81.8181818181818
S,M,1,No,Partial College,Skilled Manual,0,1,0-1 Miles,Pacific,1,51-55,72.7272727272727
M,F,2,No,Partial College,Clerical,0,2,5-10 Miles,Pacific,0,46-50,18.1818181818182
M,F,2,No,Bachelors,Management,1,1,5-10 Miles,Pacific,1,51-55,27.2727272727273
S,F,2,No,Bachelors,Management,1,1,5-10 Miles,Pacific,1,46-50,27.2727272727273
M,F,2,No,Bachelors,Management,1,1,0-1 Miles,Pacific,1,56-65,27.2727272727273
M,F,2,No,Bachelors,Management,1,1,0-1 Miles,Pacific,1,56-65,27.2727272727273
M,M,2,Si,High School,Skilled Manual,1,2,5-10 Miles,Pacific,0,56-65,9.09090909090909
M,M,0,No,High School,Skilled Manual,0,2,0-1 Miles,North America,0,29-34,18.1818181818182
S,F,0,No,High School,Skilled Manual,1,2,5-10 Miles,North America,0,29-34,18.1818181818182
S,F,0,No,High School,Skilled Manual,0,1,0-1 Miles,North America,1,29-34,27.2727272727273
S,M,0,No,High School,Skilled Manual,1,1,5-10 Miles,North America,0,29-34,27.2727272727273
M,M,0,No,High School,Skilled Manual,1,2,5-10 Miles,North America,0,29-34,18.1818181818182
S,M,0,No,High School,Skilled Manual,0,2,0-1 Miles,North America,0,29-34,18.1818181818182
M,F,2,No,Partial College,Clerical,0,2,0-1 Miles,Pacific,0,65+,18.1818181818182
S,M,0,No,Partial High School,Clerical,0,2,5-10 Miles,North America,0,29-34,18.1818181818182
S,M,0,No,Partial High School,Clerical,0,2,5-10 Miles,North America,0,29-34,18.1818181818182
S,F,0,No,Partial High School,Clerical,1,2,5-10 Miles,North America,0,29-34,18.1818181818182
M,M,0,No,High School,Skilled Manual,0,2,0-1 Miles,North America,0,29-34,27.2727272727273
M,F,0,No,High School,Skilled Manual,1,2,5-10 Miles,North America,0,29-34,27.2727272727273
M,F,0,No,High School,Skilled Manual,0,2,0-1 Miles,North America,0,29-34,27.2727272727273
S,M,0,No,High School,Skilled Manual,0,2,0-1 Miles,North America,1,29-34,27.2727272727273
M,M,0,No,High School,Skilled Manual,1,2,5-10 Miles,North America,0,29-34,27.2727272727273
M,M,2,No,Bachelors,Management,1,2,5-10 Miles,Pacific,0,65+,27.2727272727273
S,M,0,No,High School,Skilled Manual,0,2,0-1 Miles,North America,0,29-34,27.2727272727273
M,M,0,No,High School,Skilled Manual,1,2,5-10 Miles,North America,0,29-34,27.2727272727273
S,F,0,No,Partial High School,Clerical,0,2,5-10 Miles,North America,0,29-34,18.1818181818182
S,M,0,No,Partial High School,Clerical,1,2,5-10 Miles,North America,0,29-34,18.1818181818182
S,F,0,No,High School,Skilled Manual,0,2,0-1 Miles,North America,1,29-34,27.2727272727273
M,F,2,No,Partial College,Clerical,0,2,5-10 Miles,Pacific,0,65+,18.1818181818182
M,F,2,No,Graduate Degree,Management,1,1,0-1 Miles,Pacific,0,65+,45.4545454545455
M,F,2,No,Bachelors,Management,1,2,0-1 Miles,Pacific,1,56-65,27.2727272727273
M,F,2,No,Bachelors,Management,1,2,0-1 Miles,Pacific,1,65+,27.2727272727273
S,M,2,No,Bachelors,Management,1,2,5-10 Miles,Pacific,1,65+,27.2727272727273
S,M,2,No,Graduate Degree,Management,1,1,5-10 Miles,Pacific,1,65+,45.4545454545455
S,F,0,No,High School,Skilled Manual,1,2,5-10 Miles,North America,0,29-34,27.2727272727273
S,F,0,No,Partial College,Skilled Manual,1,1,5-10 Miles,North America,0,29-34,27.2727272727273
S,F,0,No,Partial College,Skilled Manual,0,1,1-2 Miles,North America,0,29-34,27.2727272727273
S,F,0,No,Partial College,Skilled Manual,0,1,5-10 Miles,North America,0,35-40,27.2727272727273
S,M,0,No,Partial College,Skilled Manual,1,1,5-10 Miles,North America,1,29-34,45.4545454545455
S,M,0,No,Partial College,Skilled Manual,0,2,5-10 Miles,North America,1,29-34,63.6363636363636
S,F,0,No,Bachelors,Management,1,1,1-2 Miles,North America,1,29-34,72.7272727272727
M,M,0,No,Bachelors,Management,1,1,1-2 Miles,North America,1,35-40,72.7272727272727
M,F,0,No,Bachelors,Management,1,1,1-2 Miles,North America,1,35-40,72.7272727272727
S,M,4,Si,Bachelors,Management,1,1,1-2 Miles,North America,1,35-40,81.8181818181818
S,M,0,Si,Graduate Degree,Management,1,0,5-10 Miles,North America,0,41-45,90.9090909090909
M,M,0,Si,Bachelors,Management,1,2,0-1 Miles,North America,1,41-45,90.9090909090909
S,F,4,Si,Bachelors,Management,1,1,1-2 Miles,North America,1,35-40,81.8181818181818
M,F,2,No,Bachelors,Management,1,3,1-2 Miles,North America,0,41-45,81.8181818181818
S,M,0,No,Partial College,Skilled Manual,1,1,5-10 Miles,North America,1,29-34,45.4545454545455
M,F,0,No,Partial College,Skilled Manual,1,1,5-10 Miles,North America,1,29-34,45.4545454545455
M,M,0,No,High School,Skilled Manual,1,2,5-10 Miles,North America,0,29-34,27.2727272727273
S,M,0,No,Partial High School,Clerical,0,2,5-10 Miles,North America,0,29-34,27.2727272727273
S,F,0,No,Partial High School,Clerical,0,2,5-10 Miles,North America,0,29-34,27.2727272727273
M,F,2,Si,Partial High School,Clerical,1,2,5-10 Miles,Pacific,0,56-65,9.09090909090909
S,M,0,No,Partial College,Skilled Manual,0,1,1-2 Miles,North America,0,29-34,27.2727272727273
S,F,0,No,Partial College,Skilled Manual,0,2,1-2 Miles,North America,1,29-34,45.4545454545455
M,F,0,No,Partial College,Skilled Manual,1,2,5-10 Miles,North America,1,29-34,45.4545454545455
M,M,4,No,High School,Skilled Manual,1,2,5-10 Miles,Pacific,0,56-65,9.09090909090909
M,M,1,Si,Graduate Degree,Skilled Manual,1,0,0-1 Miles,North America,1,29-34,45.4545454545455
M,F,0,No,Partial College,Professional,0,1,10+ Miles,North America,0,46-50,81.8181818181818
S,M,0,Si,Partial College,Professional,1,2,5-10 Miles,North America,0,46-50,81.8181818181818
M,F,4,Si,Bachelors,Management,1,4,5-10 Miles,North America,0,46-50,90.9090909090909
S,M,3,Si,Bachelors,Management,0,4,1-2 Miles,North America,0,46-50,90.9090909090909
S,M,4,Si,Partial College,Professional,1,0,5-10 Miles,North America,1,46-50,81.8181818181818
S,M,1,Si,Partial College,Professional,0,3,1-2 Miles,North America,0,46-50,81.8181818181818
M,F,1,Si,Partial College,Professional,1,3,5-10 Miles,North America,1,41-45,81.8181818181818
M,M,1,Si,Partial College,Professional,1,4,1-2 Miles,North America,0,29-34,81.8181818181818
S,F,1,Si,Partial College,Professional,1,4,5-10 Miles,North America,1,46-50,90.9090909090909
M,M,1,Si,Bachelors,Management,1,4,0-1 Miles,North America,0,46-50,90.9090909090909
M,M,5,Si,Partial College,Professional,1,3,5-10 Miles,North America,0,41-45,63.6363636363636
M,M,5,Si,Partial College,Professional,0,3,1-2 Miles,North America,0,35-40,72.7272727272727
S,F,4,Si,High School,Professional,1,1,5-10 Miles,North America,1,41-45,81.8181818181818
M,M,4,Si,High School,Professional,1,1,1-2 Miles,North America,0,46-50,81.8181818181818
M,F,4,Si,High School,Professional,1,1,5-10 Miles,North America,0,46-50,81.8181818181818
M,F,1,Si,Bachelors,Management,1,1,0-1 Miles,North America,1,35-40,90.9090909090909
S,F,2,No,Partial High School,Skilled Manual,0,2,1-2 Miles,North America,0,46-50,72.7272727272727
M,M,2,No,Partial High School,Skilled Manual,1,2,5-10 Miles,North America,0,51-55,72.7272727272727
M,F,2,No,High School,Professional,0,2,5-10 Miles,North America,0,51-55,45.4545454545455
M,F,2,No,High School,Professional,0,2,5-10 Miles,North America,0,51-55,45.4545454545455
M,M,2,No,High School,Professional,0,2,1-2 Miles,North America,1,51-55,45.4545454545455
S,M,2,No,High School,Professional,1,2,5-10 Miles,North America,0,51-55,45.4545454545455
M,F,4,Si,High School,Professional,1,0,1-2 Miles,North America,0,51-55,63.6363636363636
M,F,4,Si,High School,Professional,1,0,5-10 Miles,North America,0,51-55,63.6363636363636
M,F,3,Si,Partial College,Professional,1,1,1-2 Miles,North America,1,51-55,72.7272727272727
M,F,2,Si,High School,Professional,1,1,10+ Miles,North America,1,46-50,81.8181818181818
S,F,2,Si,High School,Professional,1,1,10+ Miles,North America,1,51-55,81.8181818181818
M,M,2,No,Graduate Degree,Management,1,2,1-2 Miles,North America,0,65+,45.4545454545455
M,F,4,No,Graduate Degree,Management,0,2,1-2 Miles,North America,1,65+,63.6363636363636
M,M,2,No,Graduate Degree,Management,0,2,1-2 Miles,North America,0,65+,45.4545454545455
M,F,4,No,Graduate Degree,Management,0,2,1-2 Miles,North America,1,65+,63.6363636363636
M,M,2,Si,Graduate Degree,Management,0,3,2-5 Miles,North America,0,65+,90.9090909090909
M,F,2,Si,Graduate Degree,Management,1,3,0-1 Miles,North America,0,65+,90.9090909090909
S,M,5,Si,Partial College,Professional,0,3,1-2 Miles,North America,0,41-45,72.7272727272727
M,M,4,Si,High School,Professional,1,2,5-10 Miles,North America,0,46-50,81.8181818181818
M,F,4,Si,High School,Professional,1,2,5-10 Miles,North America,0,41-45,81.8181818181818
S,M,4,Si,High School,Professional,0,3,1-2 Miles,North America,0,41-45,81.8181818181818
M,M,4,Si,High School,Professional,1,3,1-2 Miles,North America,0,41-45,81.8181818181818
M,M,3,Si,Partial College,Professional,1,4,5-10 Miles,North America,1,41-45,81.8181818181818
M,F,5,Si,Partial College,Professional,0,4,2-5 Miles,North America,0,46-50,90.9090909090909
M,F,1,Si,High School,Professional,1,4,2-5 Miles,North America,0,41-45,90.9090909090909
M,F,1,Si,Partial College,Professional,0,3,2-5 Miles,North America,1,41-45,90.9090909090909
S,M,1,Si,Bachelors,Management,0,3,0-1 Miles,North America,1,46-50,90.9090909090909
S,M,2,No,Partial High School,Skilled Manual,0,2,1-2 Miles,North America,0,46-50,63.6363636363636
M,M,2,No,Partial High School,Skilled Manual,1,2,5-10 Miles,North America,1,46-50,45.4545454545455
S,F,2,No,Partial High School,Skilled Manual,1,2,5-10 Miles,North America,1,46-50,45.4545454545455
S,M,2,No,Partial High School,Skilled Manual,1,2,5-10 Miles,North America,1,56-65,45.4545454545455
M,F,2,No,Partial High School,Skilled Manual,0,2,1-2 Miles,North America,1,51-55,45.4545454545455
M,F,3,No,Graduate Degree,Management,1,2,5-10 Miles,North America,1,56-65,63.6363636363636
S,M,3,No,Graduate Degree,Management,1,2,5-10 Miles,North America,1,56-65,63.6363636363636
M,F,3,No,Graduate Degree,Management,1,2,5-10 Miles,North America,1,56-65,63.6363636363636
M,M,3,No,Graduate Degree,Management,1,2,5-10 Miles,North America,1,56-65,45.4545454545455
S,F,3,No,Partial College,Professional,1,2,5-10 Miles,North America,0,51-55,27.2727272727273
M,F,3,No,Partial College,Professional,0,2,5-10 Miles,North America,0,51-55,27.2727272727273
S,F,3,No,Graduate Degree,Management,0,2,1-2 Miles,North America,0,56-65,45.4545454545455
M,M,3,No,Graduate Degree,Management,1,2,10+ Miles,North America,0,65+,45.4545454545455
M,M,3,No,Graduate Degree,Management,1,2,1-2 Miles,North America,0,65+,45.4545454545455
M,F,5,No,Graduate Degree,Management,0,2,1-2 Miles,North America,1,65+,63.6363636363636
M,M,5,No,Graduate Degree,Management,1,2,10+ Miles,North America,1,65+,63.6363636363636
M,M,5,No,Graduate Degree,Management,0,2,1-2 Miles,North America,1,56-65,63.6363636363636
M,F,4,No,Graduate Degree,Management,1,2,5-10 Miles,North America,0,65+,72.7272727272727
M,M,3,No,Graduate Degree,Management,1,2,1-2 Miles,North America,0,65+,45.4545454545455
S,F,3,No,Graduate Degree,Management,1,2,10+ Miles,North America,0,65+,45.4545454545455
M,F,5,No,Graduate Degree,Management,1,2,1-2 Miles,North America,1,65+,63.6363636363636
M,M,5,No,Graduate Degree,Management,0,2,1-2 Miles,North America,1,65+,63.6363636363636
M,F,5,No,Graduate Degree,Management,1,2,10+ Miles,North America,0,65+,63.6363636363636
M,M,5,No,Graduate Degree,Management,1,2,10+ Miles,North America,0,65+,63.6363636363636
M,F,4,No,Bachelors,Management,1,2,1-2 Miles,North America,1,65+,45.4545454545455
S,F,4,No,Bachelors,Management,1,2,10+ Miles,North America,0,65+,45.4545454545455
S,F,3,No,Graduate Degree,Management,1,2,10+ Miles,North America,1,65+,45.4545454545455
M,F,3,No,Graduate Degree,Management,1,2,10+ Miles,North America,1,65+,45.4545454545455
S,F,3,No,Graduate Degree,Management,1,2,10+ Miles,North America,1,65+,45.4545454545455
S,F,3,No,Graduate Degree,Management,1,2,10+ Miles,North America,1,65+,45.4545454545455
M,M,5,No,Graduate Degree,Management,1,2,10+ Miles,North America,0,65+,63.6363636363636
M,M,2,No,Partial College,Clerical,0,2,1-2 Miles,Pacific,1,56-65,18.1818181818182
M,M,4,No,High School,Skilled Manual,1,2,5-10 Miles,Pacific,0,56-65,9.09090909090909
M,M,2,No,Partial College,Clerical,0,2,1-2 Miles,Pacific,1,56-65,18.1818181818182
M,M,2,No,Partial College,Clerical,0,2,5-10 Miles,Pacific,0,56-65,18.1818181818182
M,F,2,Si,Partial High School,Clerical,1,2,1-2 Miles,Pacific,0,56-65,9.09090909090909
S,M,0,No,Partial High School,Clerical,0,2,5-10 Miles,North America,0,29-34,27.2727272727273
M,F,2,Si,Partial High School,Clerical,1,2,5-10 Miles,Pacific,0,56-65,9.09090909090909
M,M,2,Si,Partial High School,Clerical,1,2,5-10 Miles,Pacific,0,56-65,9.09090909090909
M,F,2,Si,Partial High School,Clerical,1,2,5-10 Miles,Pacific,0,56-65,9.09090909090909
M,M,0,No,Partial College,Skilled Manual,1,2,5-10 Miles,North America,0,29-34,45.4545454545455
M,F,0,No,Partial College,Skilled Manual,1,2,5-10 Miles,North America,1,29-34,63.6363636363636
M,M,2,Si,Partial High School,Clerical,1,2,1-2 Miles,Pacific,0,51-55,9.09090909090909
M,F,2,Si,Partial High School,Clerical,1,2,5-10 Miles,Pacific,0,56-65,9.09090909090909
S,M,2,Si,Partial High School,Clerical,1,2,5-10 Miles,Pacific,0,56-65,9.09090909090909
M,M,2,Si,Partial High School,Clerical,0,2,1-2 Miles,Pacific,0,56-65,9.09090909090909
M,F,2,Si,Partial High School,Clerical,1,2,5-10 Miles,Pacific,0,56-65,9.09090909090909
S,M,2,Si,Partial High School,Clerical,1,2,5-10 Miles,Pacific,0,56-65,9.09090909090909
M,F,2,Si,Partial High School,Clerical,1,2,1-2 Miles,Pacific,0,46-50,9.09090909090909
S,F,2,Si,Partial High School,Clerical,1,2,5-10 Miles,Pacific,0,56-65,9.09090909090909
M,F,2,Si,Partial High School,Clerical,1,2,5-10 Miles,Pacific,0,56-65,9.09090909090909
M,F,3,No,Partial College,Clerical,0,2,1-2 Miles,Pacific,1,56-65,18.1818181818182
M,F,3,No,Partial College,Clerical,0,2,1-2 Miles,Pacific,1,56-65,18.1818181818182
M,M,3,No,Partial College,Clerical,0,2,5-10 Miles,Pacific,0,56-65,18.1818181818182
M,M,3,No,Partial College,Clerical,0,2,5-10 Miles,Pacific,0,51-55,18.1818181818182
M,M,2,Si,Partial High School,Clerical,1,2,1-2 Miles,Pacific,0,51-55,9.09090909090909
M,M,3,No,High School,Skilled Manual,0,2,1-2 Miles,Pacific,1,56-65,18.1818181818182
S,F,0,No,Partial College,Skilled Manual,1,2,5-10 Miles,North America,1,29-34,18.1818181818182
S,F,0,No,Partial College,Skilled Manual,1,2,5-10 Miles,North America,1,29-34,18.1818181818182
S,M,3,No,High School,Skilled Manual,1,2,5-10 Miles,Pacific,1,56-65,18.1818181818182
S,F,0,No,Bachelors,Management,0,1,0-1 Miles,North America,1,29-34,72.7272727272727
M,F,3,No,High School,Skilled Manual,0,2,1-2 Miles,Pacific,1,56-65,18.1818181818182
M,M,3,No,Partial College,Skilled Manual,0,2,1-2 Miles,Pacific,0,51-55,27.2727272727273
M,F,3,No,Partial High School,Clerical,0,2,1-2 Miles,Pacific,0,51-55,27.2727272727273
M,F,3,No,Partial High School,Clerical,0,2,1-2 Miles,Pacific,0,56-65,27.2727272727273
S,F,2,No,Partial College,Skilled Manual,0,2,1-2 Miles,Pacific,1,51-55,63.6363636363636
S,F,2,No,Partial College,Skilled Manual,1,2,5-10 Miles,Pacific,1,51-55,63.6363636363636
M,F,0,No,Partial College,Skilled Manual,1,2,5-10 Miles,North America,0,29-34,27.2727272727273
S,F,0,No,Partial College,Skilled Manual,0,2,1-2 Miles,North America,1,29-34,27.2727272727273
M,M,0,No,High School,Skilled Manual,1,2,5-10 Miles,North America,0,29-34,27.2727272727273
M,M,0,No,Partial College,Skilled Manual,1,2,5-10 Miles,North America,0,29-34,45.4545454545455
M,M,0,No,Partial College,Skilled Manual,1,2,5-10 Miles,North America,0,29-34,45.4545454545455
S,M,0,No,Partial College,Skilled Manual,0,2,1-2 Miles,North America,1,29-34,45.4545454545455
S,M,0,No,Partial College,Professional,1,2,5-10 Miles,North America,1,29-34,45.4545454545455
M,M,2,No,High School,Skilled Manual,0,2,1-2 Miles,Pacific,1,51-55,72.7272727272727
S,M,2,No,High School,Professional,0,2,1-2 Miles,Pacific,1,51-55,63.6363636363636
S,M,2,No,High School,Professional,0,2,1-2 Miles,Pacific,1,51-55,63.6363636363636
M,F,5,Si,Bachelors,Management,1,4,2-5 Miles,Pacific,0,35-40,90.9090909090909
M,M,4,Si,Bachelors,Management,1,4,0-1 Miles,Pacific,0,46-50,90.9090909090909
M,M,4,Si,Bachelors,Management,1,4,2-5 Miles,Pacific,0,41-45,90.9090909090909
M,F,4,Si,Bachelors,Management,1,4,2-5 Miles,Pacific,1,46-50,90.9090909090909
M,M,1,Si,Bachelors,Management,1,4,2-5 Miles,Pacific,0,46-50,90.9090909090909
M,M,0,No,Partial College,Professional,0,2,0-1 Miles,North America,1,29-34,63.6363636363636
S,F,0,No,Partial College,Professional,0,2,0-1 Miles,North America,1,35-40,63.6363636363636
M,M,0,No,High School,Professional,1,2,5-10 Miles,North America,0,35-40,45.4545454545455
M,M,0,No,Partial College,Professional,1,2,5-10 Miles,North America,0,35-40,45.4545454545455
M,M,0,No,Partial College,Professional,1,2,5-10 Miles,North America,0,35-40,45.4545454545455
S,F,0,No,Partial College,Professional,1,2,5-10 Miles,North America,0,35-40,45.4545454545455
S,M,0,No,Partial College,Professional,0,2,1-2 Miles,North America,1,29-34,45.4545454545455
S,F,0,No,Partial College,Professional,0,2,1-2 Miles,North America,1,35-40,45.4545454545455
M,F,1,Si,Bachelors,Management,1,2,2-5 Miles,Pacific,1,51-55,90.9090909090909
M,M,2,Si,Bachelors,Management,1,3,0-1 Miles,North America,0,41-45,90.9090909090909
S,F,2,No,Partial High School,Skilled Manual,0,2,1-2 Miles,North America,0,46-50,63.6363636363636
M,F,2,No,High School,Professional,1,2,5-10 Miles,North America,0,46-50,45.4545454545455
M,F,2,Si,Bachelors,Management,1,0,2-5 Miles,North America,1,51-55,72.7272727272727
S,M,2,No,Partial College,Professional,1,1,2-5 Miles,North America,1,51-55,81.8181818181818
M,F,2,No,High School,Professional,0,2,1-2 Miles,North America,1,41-45,45.4545454545455
M,M,2,No,High School,Professional,0,2,5-10 Miles,North America,0,51-55,45.4545454545455
M,M,2,No,High School,Professional,0,2,1-2 Miles,North America,1,51-55,45.4545454545455
M,F,3,No,Partial College,Professional,0,2,5-10 Miles,North America,1,51-55,63.6363636363636
M,F,3,No,Partial College,Professional,0,2,5-10 Miles,North America,1,51-55,63.6363636363636
M,F,3,No,Partial College,Professional,1,2,5-10 Miles,North America,1,35-40,63.6363636363636
M,F,3,No,Graduate Degree,Management,1,1,5-10 Miles,North America,0,65+,81.8181818181818
S,M,0,No,Bachelors,Management,0,1,2-5 Miles,North America,0,35-40,72.7272727272727
M,F,3,Si,Bachelors,Management,1,4,2-5 Miles,North America,0,41-45,81.8181818181818
M,M,3,Si,Bachelors,Management,1,4,2-5 Miles,North America,0,35-40,90.9090909090909
S,F,1,Si,Graduate Degree,Management,0,1,0-1 Miles,North America,1,41-45,90.9090909090909
S,M,0,No,Bachelors,Management,0,2,0-1 Miles,North America,1,35-40,90.9090909090909
S,F,1,No,Bachelors,Professional,1,1,2-5 Miles,North America,1,41-45,63.6363636363636
S,F,1,No,Bachelors,Professional,0,1,2-5 Miles,North America,1,46-50,63.6363636363636
S,M,1,No,Bachelors,Professional,0,1,2-5 Miles,North America,1,46-50,63.6363636363636
S,M,1,No,Bachelors,Professional,1,1,2-5 Miles,North America,1,41-45,63.6363636363636
S,M,1,No,Bachelors,Professional,0,1,2-5 Miles,North America,1,46-50,63.6363636363636
M,M,4,No,Bachelors,Management,1,2,10+ Miles,North America,0,56-65,45.4545454545455
S,F,4,No,Bachelors,Management,1,2,10+ Miles,North America,0,56-65,45.4545454545455
M,F,5,No,Bachelors,Management,1,2,10+ Miles,North America,0,65+,63.6363636363636
M,M,5,No,Bachelors,Management,1,2,1-2 Miles,North America,0,65+,63.6363636363636
M,F,3,No,Graduate Degree,Management,1,2,10+ Miles,North America,0,65+,45.4545454545455
M,M,3,No,Graduate Degree,Management,0,2,1-2 Miles,North America,0,65+,45.4545454545455
M,M,5,No,Bachelors,Management,1,2,10+ Miles,North America,0,65+,63.6363636363636
M,F,5,No,Bachelors,Management,0,2,1-2 Miles,North America,1,65+,72.7272727272727
M,M,5,No,Bachelors,Management,1,2,5-10 Miles,North America,0,65+,72.7272727272727
M,M,4,No,High School,Professional,0,2,1-2 Miles,North America,0,65+,27.2727272727273
M,F,4,No,High School,Professional,1,2,10+ Miles,North America,0,56-65,27.2727272727273
M,M,4,No,High School,Professional,1,2,10+ Miles,North America,0,56-65,27.2727272727273
M,M,4,No,Bachelors,Management,1,2,1-2 Miles,North America,0,56-65,63.6363636363636
M,M,4,No,Bachelors,Management,1,2,1-2 Miles,North America,0,65+,63.6363636363636
M,M,4,No,High School,Professional,0,2,10+ Miles,North America,0,56-65,27.2727272727273
M,M,4,No,High School,Professional,0,2,10+ Miles,North America,0,56-65,27.2727272727273
M,M,5,No,High School,Professional,0,2,2-5 Miles,North America,0,56-65,27.2727272727273
M,M,5,No,High School,Professional,0,2,2-5 Miles,North America,0,56-65,27.2727272727273
M,M,4,No,Bachelors,Management,0,2,2-5 Miles,North America,0,56-65,63.6363636363636
M,M,4,No,Bachelors,Management,1,2,2-5 Miles,North America,0,56-65,63.6363636363636
M,F,5,No,Bachelors,Management,1,2,10+ Miles,North America,0,56-65,63.6363636363636
S,F,5,No,Bachelors,Management,0,2,2-5 Miles,North America,0,56-65,63.6363636363636
M,M,5,No,Bachelors,Management,1,2,2-5 Miles,North America,0,56-65,63.6363636363636
M,M,5,No,Bachelors,Management,1,2,10+ Miles,North America,0,56-65,63.6363636363636
M,M,5,No,Bachelors,Management,1,3,10+ Miles,North America,1,56-65,63.6363636363636
M,M,5,No,Bachelors,Management,0,3,2-5 Miles,North America,1,56-65,63.6363636363636
M,M,4,No,Bachelors,Management,1,2,10+ Miles,North America,0,56-65,45.4545454545455
M,M,4,No,Bachelors,Management,1,2,10+ Miles,North America,0,56-65,45.4545454545455
S,F,2,Si,Partial College,Professional,0,1,2-5 Miles,North America,1,56-65,63.6363636363636
S,F,2,Si,Partial College,Professional,0,1,2-5 Miles,North America,1,56-65,63.6363636363636
M,M,2,Si,Partial College,Professional,1,1,10+ Miles,North America,0,56-65,63.6363636363636
M,M,2,Si,Partial College,Professional,1,1,2-5 Miles,North America,0,56-65,63.6363636363636
M,F,2,Si,High School,Professional,1,2,2-5 Miles,North America,0,56-65,27.2727272727273
M,M,2,Si,Partial College,Professional,1,1,10+ Miles,North America,0,56-65,45.4545454545455
M,F,2,Si,Bachelors,Management,1,0,2-5 Miles,North America,1,56-65,45.4545454545455
M,M,2,Si,Bachelors,Management,0,0,2-5 Miles,North America,1,56-65,45.4545454545455
M,F,2,Si,Bachelors,Management,1,0,10+ Miles,North America,0,56-65,45.4545454545455
M,F,2,Si,Bachelors,Management,1,0,2-5 Miles,North America,1,56-65,45.4545454545455
M,M,2,Si,Bachelors,Management,1,0,2-5 Miles,North America,1,56-65,45.4545454545455
M,M,2,Si,High School,Professional,0,2,2-5 Miles,North America,0,56-65,27.2727272727273
M,M,2,Si,Partial College,Professional,1,2,10+ Miles,North America,0,56-65,45.4545454545455
S,F,2,Si,Partial College,Professional,0,2,2-5 Miles,North America,1,56-65,45.4545454545455
M,F,2,Si,Partial College,Professional,1,2,2-5 Miles,North America,1,56-65,45.4545454545455
M,F,2,Si,Partial College,Professional,1,2,2-5 Miles,North America,1,41-45,45.4545454545455
M,M,2,Si,Partial College,Professional,0,2,2-5 Miles,North America,1,41-45,45.4545454545455
S,F,2,Si,Bachelors,Management,1,0,10+ Miles,North America,1,56-65,45.4545454545455
S,F,4,Si,Partial College,Professional,1,2,10+ Miles,North America,1,56-65,63.6363636363636
M,F,4,Si,Partial College,Professional,0,2,1-2 Miles,North America,1,56-65,63.6363636363636
M,M,2,Si,Partial High School,Skilled Manual,0,2,2-5 Miles,North America,0,56-65,27.2727272727273
M,M,2,Si,Partial High School,Skilled Manual,1,2,10+ Miles,North America,0,56-65,27.2727272727273
M,M,2,Si,Partial College,Professional,1,2,2-5 Miles,North America,1,51-55,45.4545454545455
S,M,2,Si,Partial College,Professional,1,1,10+ Miles,North America,0,56-65,45.4545454545455
S,M,3,Si,Bachelors,Management,1,1,5-10 Miles,North America,0,56-65,72.7272727272727
S,F,2,Si,High School,Professional,1,2,10+ Miles,North America,0,51-55,45.4545454545455
M,M,2,Si,High School,Professional,1,2,10+ Miles,North America,0,56-65,45.4545454545455
M,F,2,Si,Partial College,Professional,1,2,10+ Miles,North America,0,51-55,45.4545454545455
M,M,2,Si,Partial College,Professional,1,2,10+ Miles,North America,0,51-55,45.4545454545455
M,M,2,Si,Partial College,Professional,1,2,10+ Miles,North America,0,51-55,45.4545454545455
M,F,4,Si,Partial College,Professional,1,1,1-2 Miles,North America,0,56-65,63.6363636363636
M,M,2,Si,Partial High School,Skilled Manual,1,2,10+ Miles,North America,0,56-65,63.6363636363636
S,M,2,Si,Partial High School,Skilled Manual,1,3,10+ Miles,North America,1,56-65,63.6363636363636
S,F,2,Si,High School,Professional,1,2,10+ Miles,North America,0,51-55,45.4545454545455
M,F,2,Si,High School,Professional,1,2,10+ Miles,North America,0,56-65,45.4545454545455
M,F,2,Si,High School,Professional,1,2,2-5 Miles,North America,1,56-65,45.4545454545455
S,M,2,Si,Partial College,Professional,1,3,5-10 Miles,Europe,1,46-50,90.9090909090909
M,M,3,Si,Partial College,Professional,1,2,5-10 Miles,Europe,1,46-50,90.9090909090909
M,M,1,Si,Partial College,Professional,0,3,5-10 Miles,Europe,0,51-55,90.9090909090909
M,F,3,Si,High School,Professional,1,4,5-10 Miles,Europe,1,51-55,90.9090909090909
M,F,3,Si,Partial College,Professional,1,3,5-10 Miles,Europe,1,51-55,90.9090909090909
M,F,3,Si,Partial College,Professional,0,1,2-5 Miles,Europe,0,51-55,72.7272727272727
M,M,4,Si,Partial College,Professional,1,1,2-5 Miles,Europe,0,46-50,72.7272727272727
M,F,4,Si,Partial College,Professional,0,1,2-5 Miles,Europe,0,51-55,72.7272727272727
M,F,5,Si,High School,Professional,1,2,10+ Miles,Europe,0,56-65,63.6363636363636
M,F,3,Si,Bachelors,Management,1,4,10+ Miles,Europe,0,65+,90.9090909090909
M,F,3,Si,Bachelors,Management,1,3,5-10 Miles,Europe,0,65+,90.9090909090909
M,M,3,Si,Bachelors,Management,1,4,5-10 Miles,Europe,1,56-65,90.9090909090909
M,M,3,Si,Graduate Degree,Management,1,2,0-1 Miles,Europe,1,56-65,90.9090909090909
M,M,5,Si,High School,Professional,1,2,2-5 Miles,Europe,0,56-65,63.6363636363636
S,M,2,Si,Bachelors,Management,1,4,10+ Miles,Europe,0,56-65,81.8181818181818
M,M,3,Si,Bachelors,Management,1,4,10+ Miles,Europe,0,56-65,90.9090909090909
S,F,5,No,Partial College,Professional,0,2,2-5 Miles,Europe,0,56-65,72.7272727272727
S,F,5,No,Partial College,Professional,0,2,10+ Miles,Europe,0,56-65,81.8181818181818
M,M,4,Si,Bachelors,Management,1,0,5-10 Miles,Europe,0,51-55,90.9090909090909
S,F,4,Si,Partial College,Professional,1,1,10+ Miles,Europe,0,56-65,72.7272727272727
M,F,4,Si,Partial College,Professional,1,2,10+ Miles,Europe,0,56-65,72.7272727272727
S,M,4,Si,Partial College,Professional,1,2,10+ Miles,Europe,0,35-40,72.7272727272727
S,M,4,Si,High School,Professional,1,2,10+ Miles,Europe,1,51-55,81.8181818181818
M,M,3,Si,Partial College,Professional,1,4,0-1 Miles,Europe,0,51-55,90.9090909090909
S,F,3,Si,Bachelors,Management,1,3,10+ Miles,Europe,0,56-65,81.8181818181818
M,F,3,Si,Bachelors,Management,0,4,2-5 Miles,Europe,0,51-55,81.8181818181818
M,F,3,Si,Bachelors,Management,1,4,10+ Miles,Europe,0,56-65,81.8181818181818
M,F,2,Si,Bachelors,Management,0,2,10+ Miles,Europe,1,56-65,90.9090909090909
M,M,0,Si,Partial College,Professional,1,2,0-1 Miles,Europe,0,41-45,90.9090909090909
S,M,4,Si,High School,Professional,0,3,0-1 Miles,Europe,1,51-55,90.9090909090909
S,M,4,Si,High School,Professional,1,2,10+ Miles,Europe,0,51-55,72.7272727272727
M,M,4,Si,High School,Professional,1,2,10+ Miles,Europe,0,56-65,81.8181818181818
M,F,4,Si,High School,Professional,0,2,2-5 Miles,Europe,1,56-65,81.8181818181818
M,F,5,Si,High School,Management,1,2,5-10 Miles,Europe,1,56-65,72.7272727272727
M,M,3,Si,Partial College,Management,1,4,10+ Miles,Europe,0,46-50,81.8181818181818
S,M,4,Si,Bachelors,Management,0,3,0-1 Miles,Europe,1,56-65,90.9090909090909
M,F,2,Si,Partial College,Management,0,3,10+ Miles,Europe,0,46-50,90.9090909090909
M,F,5,Si,Partial High School,Skilled Manual,0,3,5-10 Miles,Europe,1,56-65,63.6363636363636
M,F,5,Si,High School,Management,1,3,10+ Miles,Europe,0,51-55,72.7272727272727
M,M,4,Si,High School,Management,1,4,10+ Miles,Europe,0,41-45,90.9090909090909
M,F,0,Si,High School,Management,1,4,0-1 Miles,Europe,1,56-65,90.9090909090909
M,M,4,Si,Partial High School,Skilled Manual,1,4,10+ Miles,Europe,0,56-65,81.8181818181818
S,M,4,Si,High School,Management,1,3,10+ Miles,Europe,0,41-45,90.9090909090909
M,F,5,Si,High School,Management,1,4,10+ Miles,Europe,0,56-65,90.9090909090909
S,M,3,Si,High School,Management,1,4,10+ Miles,Europe,0,51-55,81.8181818181818
M,F,3,Si,High School,Management,0,4,5-10 Miles,Europe,0,56-65,81.8181818181818
S,M,0,No,Bachelors,Professional,0,3,2-5 Miles,Pacific,0,29-34,45.4545454545455
M,M,0,No,Bachelors,Professional,0,3,10+ Miles,Pacific,1,29-34,72.7272727272727
M,M,0,No,Bachelors,Professional,1,2,10+ Miles,Pacific,1,29-34,81.8181818181818
S,F,0,No,Bachelors,Professional,0,3,10+ Miles,Pacific,0,35-40,72.7272727272727
S,M,0,No,Bachelors,Professional,1,2,10+ Miles,Pacific,1,35-40,81.8181818181818
S,F,0,No,Bachelors,Professional,0,3,10+ Miles,Pacific,1,35-40,81.8181818181818
S,F,0,Si,Partial College,Management,1,3,10+ Miles,Pacific,1,35-40,90.9090909090909
S,F,0,Si,High School,Management,1,2,10+ Miles,Pacific,1,29-34,81.8181818181818
M,M,0,Si,High School,Management,0,2,10+ Miles,Pacific,1,35-40,81.8181818181818
M,M,0,Si,Partial High School,Professional,1,4,10+ Miles,Pacific,1,35-40,90.9090909090909
S,M,0,No,Bachelors,Professional,0,3,10+ Miles,Pacific,1,35-40,81.8181818181818
S,M,0,Si,High School,Management,1,3,10+ Miles,Pacific,1,29-34,81.8181818181818
S,F,0,No,Bachelors,Professional,1,4,10+ Miles,Pacific,0,35-40,72.7272727272727
S,F,0,No,Bachelors,Professional,1,4,10+ Miles,Pacific,0,35-40,72.7272727272727
M,F,0,Si,High School,Management,1,3,10+ Miles,Pacific,0,29-34,90.9090909090909
M,M,0,Si,High School,Management,1,3,10+ Miles,Pacific,0,35-40,90.9090909090909
M,F,0,Si,High School,Management,0,3,10+ Miles,Pacific,1,29-34,81.8181818181818
M,F,0,Si,High School,Management,1,4,10+ Miles,Pacific,1,35-40,81.8181818181818
S,M,0,No,Bachelors,Professional,1,4,10+ Miles,Pacific,1,29-34,81.8181818181818
M,M,0,Si,High School,Management,1,4,10+ Miles,Pacific,1,35-40,81.8181818181818
M,M,0,Si,High School,Management,1,4,10+ Miles,Pacific,1,35-40,90.9090909090909
M,M,0,Si,Bachelors,Management,1,4,0-1 Miles,Pacific,1,29-34,90.9090909090909
S,M,0,Si,Bachelors,Management,1,4,0-1 Miles,Pacific,0,35-40,90.9090909090909
M,M,5,Si,Partial College,Professional,1,1,0-1 Miles,North America,0,41-45,81.8181818181818
M,M,3,No,Partial College,Professional,0,2,2-5 Miles,North America,1,51-55,72.7272727272727
M,M,3,No,Partial College,Professional,0,2,2-5 Miles,North America,1,51-55,72.7272727272727
M,F,2,No,Graduate Degree,Management,1,2,5-10 Miles,North America,0,65+,45.4545454545455
M,M,2,No,Graduate Degree,Management,1,2,5-10 Miles,North America,0,56-65,45.4545454545455
M,M,2,No,Graduate Degree,Management,1,2,5-10 Miles,North America,0,65+,45.4545454545455
S,F,4,Si,Partial College,Professional,1,2,2-5 Miles,North America,0,46-50,72.7272727272727
M,F,4,Si,Partial College,Professional,1,2,0-1 Miles,North America,0,46-50,72.7272727272727
M,F,1,Si,Graduate Degree,Skilled Manual,1,0,0-1 Miles,North America,1,29-34,45.4545454545455
M,F,1,Si,Bachelors,Skilled Manual,1,0,0-1 Miles,North America,1,35-40,45.4545454545455
M,M,1,Si,Bachelors,Skilled Manual,1,0,2-5 Miles,North America,1,35-40,45.4545454545455
M,F,1,Si,Bachelors,Skilled Manual,1,0,2-5 Miles,North America,1,35-40,45.4545454545455
M,F,1,No,Graduate Degree,Skilled Manual,1,0,2-5 Miles,North America,1,35-40,45.4545454545455
M,F,1,No,Graduate Degree,Skilled Manual,1,0,2-5 Miles,North America,1,29-34,45.4545454545455
M,M,1,No,Graduate Degree,Skilled Manual,1,0,2-5 Miles,North America,1,35-40,45.4545454545455
M,F,1,Si,Bachelors,Skilled Manual,1,0,2-5 Miles,North America,1,35-40,45.4545454545455
M,F,1,Si,Bachelors,Skilled Manual,1,0,2-5 Miles,North America,1,35-40,27.2727272727273
M,M,1,Si,Bachelors,Skilled Manual,1,1,0-1 Miles,North America,0,35-40,27.2727272727273
M,F,1,Si,Bachelors,Skilled Manual,1,1,0-1 Miles,North America,0,35-40,27.2727272727273
S,M,2,Si,Bachelors,Skilled Manual,0,0,0-1 Miles,North America,1,35-40,45.4545454545455
M,F,2,Si,Bachelors,Skilled Manual,1,0,0-1 Miles,North America,1,29-34,45.4545454545455
M,M,1,No,Graduate Degree,Professional,1,0,2-5 Miles,North America,1,29-34,45.4545454545455
M,M,1,No,Graduate Degree,Professional,1,0,0-1 Miles,North America,1,35-40,45.4545454545455
M,M,3,No,Graduate Degree,Professional,1,0,0-1 Miles,North America,1,29-34,63.6363636363636
M,F,1,No,Graduate Degree,Professional,1,0,0-1 Miles,North America,1,29-34,45.4545454545455
M,F,1,No,Graduate Degree,Professional,1,0,2-5 Miles,North America,1,29-34,45.4545454545455
M,F,2,Si,Bachelors,Skilled Manual,1,0,2-5 Miles,North America,1,41-45,63.6363636363636
M,F,2,Si,Bachelors,Skilled Manual,1,0,2-5 Miles,North America,1,35-40,63.6363636363636
M,M,2,Si,Bachelors,Skilled Manual,1,1,2-5 Miles,North America,1,41-45,63.6363636363636
M,M,2,Si,Bachelors,Skilled Manual,1,1,0-1 Miles,North America,1,41-45,63.6363636363636
S,F,0,No,Bachelors,Professional,0,1,2-5 Miles,North America,1,41-45,27.2727272727273
M,F,2,No,Graduate Degree,Professional,1,0,0-1 Miles,North America,1,35-40,45.4545454545455
M,M,2,No,Graduate Degree,Professional,1,0,0-1 Miles,North America,1,29-34,45.4545454545455
M,M,2,No,Graduate Degree,Professional,1,0,2-5 Miles,North America,1,35-40,45.4545454545455
M,M,3,No,Graduate Degree,Professional,1,0,2-5 Miles,North America,1,29-34,63.6363636363636
S,F,4,No,Graduate Degree,Professional,1,0,2-5 Miles,North America,1,35-40,63.6363636363636
M,M,4,No,Graduate Degree,Professional,1,0,2-5 Miles,North America,1,29-34,63.6363636363636
M,M,2,No,Graduate Degree,Professional,1,0,0-1 Miles,North America,1,35-40,72.7272727272727
S,M,0,No,Bachelors,Professional,0,1,0-1 Miles,North America,0,41-45,27.2727272727273
S,M,2,Si,Bachelors,Skilled Manual,0,1,0-1 Miles,North America,1,41-45,45.4545454545455
M,M,2,Si,Bachelors,Skilled Manual,1,1,0-1 Miles,North America,1,41-45,45.4545454545455
S,F,2,Si,Bachelors,Skilled Manual,0,1,0-1 Miles,North America,1,41-45,45.4545454545455
M,M,0,No,Graduate Degree,Professional,1,0,2-5 Miles,North America,0,41-45,45.4545454545455
S,F,0,No,Graduate Degree,Professional,0,0,0-1 Miles,North America,0,29-34,45.4545454545455
M,M,4,No,Graduate Degree,Professional,1,0,2-5 Miles,North America,1,35-40,63.6363636363636
S,F,4,No,Graduate Degree,Professional,1,0,2-5 Miles,North America,1,41-45,63.6363636363636
M,F,2,No,Graduate Degree,Professional,1,0,0-1 Miles,North America,1,29-34,45.4545454545455
M,M,2,No,Graduate Degree,Professional,1,0,2-5 Miles,North America,1,35-40,45.4545454545455
M,M,2,No,Graduate Degree,Professional,1,0,2-5 Miles,North America,1,35-40,45.4545454545455
M,M,5,Si,Graduate Degree,Professional,1,2,2-5 Miles,North America,0,35-40,63.6363636363636
S,F,5,Si,Graduate Degree,Professional,1,2,2-5 Miles,North America,0,41-45,63.6363636363636
M,F,5,Si,Graduate Degree,Professional,1,2,2-5 Miles,North America,0,35-40,63.6363636363636
M,F,5,Si,Graduate Degree,Professional,1,2,0-1 Miles,North America,0,29-34,63.6363636363636
M,F,5,Si,Graduate Degree,Professional,1,2,2-5 Miles,North America,0,35-40,63.6363636363636
S,F,0,No,Bachelors,Professional,0,1,2-5 Miles,North America,0,41-45,27.2727272727273
S,M,3,Si,Bachelors,Skilled Manual,0,1,0-1 Miles,North America,1,35-40,45.4545454545455
M,F,3,Si,Bachelors,Skilled Manual,1,2,2-5 Miles,North America,0,35-40,45.4545454545455
M,M,3,Si,Bachelors,Skilled Manual,1,3,10+ Miles,North America,0,35-40,45.4545454545455
M,F,3,Si,Bachelors,Skilled Manual,1,3,10+ Miles,North America,0,41-45,45.4545454545455
M,M,3,Si,Bachelors,Skilled Manual,1,3,10+ Miles,North America,0,41-45,45.4545454545455
M,F,3,Si,Bachelors,Skilled Manual,1,3,10+ Miles,North America,0,35-40,45.4545454545455
M,M,3,Si,Bachelors,Skilled Manual,1,3,10+ Miles,North America,0,35-40,45.4545454545455
M,F,3,Si,Bachelors,Skilled Manual,1,3,10+ Miles,North America,0,41-45,45.4545454545455
S,M,0,No,Bachelors,Professional,0,1,2-5 Miles,North America,1,29-34,27.2727272727273
S,F,0,No,Bachelors,Professional,0,1,2-5 Miles,North America,1,41-45,27.2727272727273
M,M,4,Si,Bachelors,Skilled Manual,1,3,10+ Miles,North America,0,35-40,45.4545454545455
M,M,5,Si,Bachelors,Skilled Manual,0,3,2-5 Miles,North America,0,41-45,45.4545454545455
M,F,4,Si,Bachelors,Skilled Manual,1,2,2-5 Miles,North America,1,29-34,45.4545454545455
M,F,4,Si,Bachelors,Skilled Manual,1,2,2-5 Miles,North America,1,41-45,45.4545454545455
M,M,4,Si,Bachelors,Skilled Manual,1,2,2-5 Miles,North America,1,41-45,45.4545454545455
M,F,4,Si,Bachelors,Skilled Manual,1,2,2-5 Miles,North America,1,41-45,45.4545454545455
M,M,4,Si,Bachelors,Skilled Manual,1,2,0-1 Miles,North America,1,41-45,45.4545454545455
M,M,4,Si,Bachelors,Professional,1,2,0-1 Miles,North America,1,46-50,63.6363636363636
S,M,4,Si,Bachelors,Professional,1,2,2-5 Miles,North America,1,46-50,63.6363636363636
S,M,4,Si,Bachelors,Professional,1,2,2-5 Miles,North America,1,46-50,63.6363636363636
M,M,4,Si,Bachelors,Professional,1,2,2-5 Miles,North America,1,46-50,63.6363636363636
M,M,4,Si,Bachelors,Professional,1,2,2-5 Miles,North America,1,46-50,63.6363636363636
M,M,4,Si,Bachelors,Professional,1,2,2-5 Miles,North America,1,46-50,63.6363636363636
M,F,4,Si,Bachelors,Professional,1,2,2-5 Miles,North America,1,35-40,63.6363636363636
S,M,4,Si,Bachelors,Professional,1,2,2-5 Miles,North America,1,46-50,63.6363636363636
S,M,4,Si,Bachelors,Professional,1,2,2-5 Miles,North America,1,46-50,63.6363636363636
M,M,4,Si,Bachelors,Professional,1,2,2-5 Miles,North America,1,41-45,63.6363636363636
M,F,4,Si,Bachelors,Professional,1,3,0-1 Miles,North America,0,46-50,63.6363636363636
S,F,0,No,Bachelors,Professional,0,1,2-5 Miles,North America,0,46-50,63.6363636363636
M,F,3,Si,Graduate Degree,Professional,1,0,2-5 Miles,North America,1,46-50,45.4545454545455
M,F,3,Si,Graduate Degree,Professional,1,0,2-5 Miles,North America,1,46-50,45.4545454545455
M,F,3,Si,Graduate Degree,Professional,1,0,2-5 Miles,North America,1,46-50,45.4545454545455
S,M,0,No,High School,Manual,0,1,1-2 Miles,Europe,0,29-34,18.1818181818182
S,M,0,No,Partial High School,Manual,1,2,1-2 Miles,Europe,0,35-40,9.09090909090909
S,M,0,No,Partial High School,Manual,0,2,0-1 Miles,Europe,0,35-40,9.09090909090909
S,M,0,No,Partial High School,Manual,1,2,1-2 Miles,Europe,0,35-40,9.09090909090909
S,M,0,No,High School,Manual,0,1,1-2 Miles,Europe,1,35-40,18.1818181818182
M,F,1,Si,Bachelors,Skilled Manual,1,0,0-1 Miles,Europe,1,35-40,27.2727272727273
M,F,1,Si,Bachelors,Skilled Manual,1,1,1-2 Miles,Europe,1,35-40,27.2727272727273
M,F,1,Si,Bachelors,Skilled Manual,1,1,0-1 Miles,Europe,1,35-40,27.2727272727273
M,F,1,Si,Bachelors,Skilled Manual,1,1,1-2 Miles,Europe,1,35-40,27.2727272727273
S,M,0,No,Partial High School,Manual,1,2,1-2 Miles,Europe,0,29-34,9.09090909090909
S,M,0,No,High School,Manual,0,1,2-5 Miles,Europe,1,35-40,18.1818181818182
S,M,0,No,High School,Manual,0,1,2-5 Miles,Europe,1,35-40,18.1818181818182
S,M,0,No,High School,Manual,0,1,1-2 Miles,Europe,1,35-40,18.1818181818182
M,F,0,No,Partial High School,Manual,0,2,0-1 Miles,Europe,0,35-40,9.09090909090909
S,F,0,No,Partial High School,Manual,0,2,0-1 Miles,Europe,0,35-40,9.09090909090909
S,F,0,No,Partial High School,Manual,1,2,1-2 Miles,Europe,0,35-40,9.09090909090909
S,M,0,No,Partial High School,Manual,0,2,1-2 Miles,Europe,0,35-40,9.09090909090909
S,M,0,No,Partial High School,Manual,0,2,0-1 Miles,Europe,0,35-40,9.09090909090909
S,M,0,No,High School,Manual,0,1,2-5 Miles,Europe,1,35-40,18.1818181818182
S,M,0,No,High School,Manual,0,1,2-5 Miles,Europe,0,29-34,18.1818181818182
S,M,2,Si,Partial College,Clerical,1,1,1-2 Miles,Europe,1,35-40,27.2727272727273
S,F,2,Si,Partial College,Clerical,1,2,1-2 Miles,Europe,0,35-40,27.2727272727273
S,M,2,Si,Partial College,Clerical,1,2,0-1 Miles,Europe,1,29-34,27.2727272727273
M,F,4,No,Partial High School,Manual,1,2,1-2 Miles,Europe,0,65+,9.09090909090909
S,F,3,Si,Partial College,Clerical,1,1,1-2 Miles,North America,1,35-40,27.2727272727273
M,M,3,Si,Partial College,Clerical,0,2,0-1 Miles,North America,0,35-40,27.2727272727273
S,F,0,No,Graduate Degree,Skilled Manual,0,0,0-1 Miles,North America,0,35-40,45.4545454545455
S,M,5,No,Graduate Degree,Skilled Manual,1,0,1-2 Miles,North America,0,65+,63.6363636363636
M,F,1,No,Graduate Degree,Skilled Manual,1,1,1-2 Miles,North America,0,65+,27.2727272727273
S,F,0,No,Graduate Degree,Skilled Manual,0,0,0-1 Miles,North America,0,41-45,45.4545454545455
S,M,0,No,Graduate Degree,Skilled Manual,0,0,0-1 Miles,North America,0,41-45,45.4545454545455
S,F,0,No,Graduate Degree,Skilled Manual,0,0,0-1 Miles,North America,0,41-45,45.4545454545455
S,F,0,No,Graduate Degree,Skilled Manual,0,0,0-1 Miles,North America,0,41-45,45.4545454545455
S,M,0,No,Graduate Degree,Skilled Manual,0,0,0-1 Miles,North America,0,41-45,45.4545454545455
M,M,0,No,Graduate Degree,Skilled Manual,1,0,1-2 Miles,North America,1,41-45,45.4545454545455
M,F,2,Si,High School,Manual,0,2,0-1 Miles,North America,0,51-55,9.09090909090909
M,M,2,Si,High School,Manual,1,2,1-2 Miles,North America,0,56-65,9.09090909090909
M,F,2,No,High School,Manual,0,2,1-2 Miles,North America,0,56-65,9.09090909090909
M,M,1,No,Partial College,Clerical,1,1,1-2 Miles,North America,1,51-55,27.2727272727273
M,M,1,No,Partial College,Clerical,1,1,1-2 Miles,North America,1,46-50,27.2727272727273
M,F,1,No,High School,Clerical,1,2,1-2 Miles,North America,0,51-55,18.1818181818182
M,F,2,No,High School,Clerical,0,2,0-1 Miles,North America,0,51-55,18.1818181818182
M,F,2,No,High School,Clerical,0,2,1-2 Miles,North America,0,51-55,18.1818181818182
M,M,1,No,Partial College,Clerical,1,1,1-2 Miles,North America,1,51-55,27.2727272727273
M,M,2,No,High School,Skilled Manual,0,2,0-1 Miles,North America,0,51-55,18.1818181818182
M,F,2,No,High School,Skilled Manual,1,2,1-2 Miles,North America,0,41-45,18.1818181818182
M,F,2,No,High School,Skilled Manual,1,2,1-2 Miles,North America,0,41-45,18.1818181818182
M,F,2,No,Partial College,Clerical,1,1,0-1 Miles,North America,0,46-50,27.2727272727273
S,F,2,No,Partial College,Clerical,1,1,1-2 Miles,North America,1,41-45,27.2727272727273
M,F,2,No,Partial College,Clerical,1,1,1-2 Miles,North America,1,35-40,27.2727272727273
S,F,2,No,Partial College,Clerical,1,1,1-2 Miles,North America,1,51-55,27.2727272727273
M,F,5,No,Graduate Degree,Skilled Manual,1,0,1-2 Miles,North America,0,51-55,72.7272727272727
S,M,5,No,Graduate Degree,Skilled Manual,0,0,0-1 Miles,North America,0,51-55,72.7272727272727
S,F,5,No,Graduate Degree,Skilled Manual,0,0,0-1 Miles,North America,0,51-55,72.7272727272727
M,M,5,No,Graduate Degree,Skilled Manual,1,0,1-2 Miles,North America,0,46-50,72.7272727272727
M,M,4,No,Graduate Degree,Skilled Manual,0,0,0-1 Miles,North America,0,51-55,72.7272727272727
M,M,2,No,Partial College,Clerical,1,1,0-1 Miles,North America,0,35-40,27.2727272727273
S,M,4,No,Graduate Degree,Skilled Manual,1,0,1-2 Miles,North America,0,35-40,45.4545454545455
S,F,4,No,Graduate Degree,Skilled Manual,1,0,1-2 Miles,North America,0,46-50,45.4545454545455
S,M,4,No,Graduate Degree,Skilled Manual,0,0,0-1 Miles,North America,0,46-50,45.4545454545455
S,F,4,No,Graduate Degree,Skilled Manual,1,0,1-2 Miles,North America,0,46-50,45.4545454545455
M,M,4,No,Graduate Degree,Skilled Manual,1,0,1-2 Miles,North America,0,46-50,45.4545454545455
M,F,0,No,Graduate Degree,Skilled Manual,1,0,1-2 Miles,North America,1,35-40,45.4545454545455
S,F,0,No,Graduate Degree,Skilled Manual,0,0,0-1 Miles,North America,0,35-40,45.4545454545455
S,F,0,No,Graduate Degree,Skilled Manual,0,0,0-1 Miles,North America,0,29-34,45.4545454545455
S,F,0,No,Graduate Degree,Skilled Manual,0,0,0-1 Miles,North America,0,35-40,27.2727272727273
M,F,0,No,Graduate Degree,Skilled Manual,1,0,1-2 Miles,North America,1,35-40,27.2727272727273
S,F,0,No,Graduate Degree,Skilled Manual,1,0,1-2 Miles,North America,1,35-40,27.2727272727273
S,F,1,No,Graduate Degree,Skilled Manual,1,0,1-2 Miles,North America,0,29-34,27.2727272727273
M,M,1,No,Graduate Degree,Skilled Manual,1,0,1-2 Miles,North America,0,35-40,27.2727272727273
M,F,1,No,Graduate Degree,Skilled Manual,1,0,1-2 Miles,North America,0,35-40,27.2727272727273
S,M,1,No,Graduate Degree,Skilled Manual,1,0,1-2 Miles,North America,0,35-40,45.4545454545455
S,M,1,No,Graduate Degree,Skilled Manual,1,0,1-2 Miles,North America,0,35-40,45.4545454545455
M,F,1,No,Graduate Degree,Skilled Manual,1,0,1-2 Miles,North America,0,35-40,45.4545454545455
M,F,1,No,Graduate Degree,Skilled Manual,1,0,0-1 Miles,North America,0,29-34,63.6363636363636
M,M,1,No,Graduate Degree,Skilled Manual,0,0,0-1 Miles,North America,0,29-34,63.6363636363636
S,M,1,No,Graduate Degree,Manual,1,0,0-1 Miles,Europe,0,46-50,9.09090909090909
M,M,1,No,Graduate Degree,Clerical,1,0,0-1 Miles,Europe,0,41-45,9.09090909090909
S,M,1,No,Graduate Degree,Clerical,1,0,0-1 Miles,Europe,0,41-45,9.09090909090909
M,F,1,No,Graduate Degree,Clerical,1,0,0-1 Miles,Europe,0,46-50,9.09090909090909
M,F,3,No,Partial College,Professional,1,2,5-10 Miles,North America,1,41-45,63.6363636363636
M,F,4,Si,Partial College,Professional,1,3,2-5 Miles,North America,0,35-40,81.8181818181818
M,F,2,Si,Bachelors,Management,1,4,2-5 Miles,North America,0,41-45,90.9090909090909
M,F,3,Si,Bachelors,Management,1,4,2-5 Miles,North America,0,41-45,90.9090909090909
S,F,4,Si,Bachelors,Management,1,0,2-5 Miles,North America,0,41-45,72.7272727272727
M,M,3,Si,High School,Skilled Manual,1,2,2-5 Miles,North America,1,41-45,27.2727272727273
M,M,1,No,Bachelors,Professional,1,1,2-5 Miles,North America,1,46-50,63.6363636363636
S,M,1,No,Bachelors,Professional,0,1,0-1 Miles,North America,1,35-40,63.6363636363636
S,F,4,No,Bachelors,Management,0,2,1-2 Miles,North America,1,65+,45.4545454545455
M,M,3,No,Graduate Degree,Management,1,2,10+ Miles,North America,0,56-65,45.4545454545455
M,M,3,No,Graduate Degree,Management,1,2,1-2 Miles,North America,0,65+,45.4545454545455
M,M,3,No,Graduate Degree,Management,1,2,10+ Miles,North America,0,56-65,45.4545454545455
M,F,5,No,Bachelors,Management,1,2,1-2 Miles,North America,0,65+,63.6363636363636
M,F,5,No,Bachelors,Management,0,2,1-2 Miles,North America,0,56-65,63.6363636363636
M,M,5,No,Bachelors,Management,1,2,1-2 Miles,North America,0,65+,63.6363636363636
M,F,5,No,Bachelors,Management,0,2,1-2 Miles,North America,1,65+,72.7272727272727
M,M,5,No,Bachelors,Management,1,2,5-10 Miles,North America,0,56-65,72.7272727272727
M,F,4,No,High School,Professional,1,2,10+ Miles,North America,0,65+,27.2727272727273
M,F,4,No,High School,Professional,1,2,10+ Miles,North America,0,56-65,27.2727272727273
M,F,4,No,High School,Professional,1,2,10+ Miles,North America,0,56-65,27.2727272727273
S,F,4,No,Bachelors,Management,1,2,10+ Miles,North America,0,56-65,63.6363636363636
M,F,4,No,Bachelors,Management,1,2,1-2 Miles,North America,0,56-65,63.6363636363636
M,F,5,No,High School,Professional,0,2,2-5 Miles,North America,0,51-55,27.2727272727273
M,M,5,No,High School,Professional,1,2,10+ Miles,North America,0,56-65,27.2727272727273
M,M,5,No,High School,Professional,0,3,2-5 Miles,North America,0,51-55,27.2727272727273
M,M,4,No,Bachelors,Management,1,2,10+ Miles,North America,1,56-65,63.6363636363636
M,F,5,No,Bachelors,Management,1,3,10+ Miles,North America,0,56-65,63.6363636363636
S,M,5,No,Bachelors,Management,1,3,10+ Miles,North America,1,56-65,63.6363636363636
S,F,5,No,Bachelors,Management,0,3,2-5 Miles,North America,1,56-65,63.6363636363636
M,M,4,No,Bachelors,Management,1,2,10+ Miles,North America,0,56-65,45.4545454545455
M,F,4,No,Bachelors,Management,1,2,10+ Miles,North America,0,56-65,45.4545454545455
M,F,4,No,Bachelors,Management,1,2,10+ Miles,North America,0,56-65,45.4545454545455
M,F,4,No,Bachelors,Management,1,2,2-5 Miles,North America,0,56-65,45.4545454545455
M,M,2,Si,Partial College,Professional,1,1,10+ Miles,North America,0,56-65,63.6363636363636
S,M,2,Si,Partial College,Professional,1,1,10+ Miles,North America,0,56-65,63.6363636363636
M,M,2,Si,Partial College,Professional,1,1,10+ Miles,North America,0,56-65,63.6363636363636
M,F,2,Si,Partial College,Professional,1,1,2-5 Miles,North America,0,56-65,63.6363636363636
M,M,2,Si,Partial College,Professional,1,1,2-5 Miles,North America,0,56-65,63.6363636363636
S,M,2,Si,Partial College,Professional,1,1,10+ Miles,North America,0,56-65,63.6363636363636
M,M,2,Si,Partial College,Professional,1,1,2-5 Miles,North America,0,51-55,63.6363636363636
M,M,5,No,Bachelors,Management,1,3,10+ Miles,North America,1,56-65,45.4545454545455
S,M,2,Si,High School,Professional,1,2,10+ Miles,North America,0,56-65,27.2727272727273
S,F,2,Si,High School,Professional,1,2,10+ Miles,North America,0,56-65,27.2727272727273
S,F,2,Si,Partial College,Professional,1,1,10+ Miles,North America,0,56-65,45.4545454545455
S,F,2,Si,Partial College,Professional,0,2,2-5 Miles,North America,1,56-65,45.4545454545455
M,F,2,Si,Bachelors,Management,1,0,10+ Miles,North America,0,56-65,45.4545454545455
M,F,2,Si,Bachelors,Management,1,0,10+ Miles,North America,0,56-65,45.4545454545455
M,M,2,Si,Bachelors,Management,1,0,2-5 Miles,North America,1,56-65,45.4545454545455
M,F,2,Si,Bachelors,Management,1,0,10+ Miles,North America,0,56-65,45.4545454545455
M,M,2,Si,Bachelors,Management,1,0,10+ Miles,North America,0,56-65,45.4545454545455
M,M,4,Si,Bachelors,Management,1,2,1-2 Miles,North America,1,56-65,63.6363636363636
M,F,2,Si,Partial College,Professional,1,2,10+ Miles,North America,0,56-65,45.4545454545455
M,F,2,Si,Partial College,Professional,1,2,2-5 Miles,North America,1,56-65,45.4545454545455
M,F,2,Si,Partial College,Professional,0,0,2-5 Miles,North America,1,51-55,45.4545454545455
S,M,4,Si,Partial College,Professional,1,2,10+ Miles,North America,1,51-55,63.6363636363636
M,F,2,Si,Partial High School,Skilled Manual,1,2,2-5 Miles,North America,0,56-65,27.2727272727273
M,M,2,Si,Partial College,Professional,1,2,2-5 Miles,North America,1,56-65,45.4545454545455
M,F,2,Si,Partial College,Professional,1,2,2-5 Miles,North America,1,56-65,45.4545454545455
M,M,2,Si,Partial College,Professional,1,2,10+ Miles,North America,0,56-65,45.4545454545455
M,F,2,Si,Partial College,Professional,1,1,2-5 Miles,North America,0,56-65,45.4545454545455
M,F,4,Si,Partial College,Professional,1,1,1-2 Miles,North America,0,56-65,63.6363636363636
M,M,3,Si,Bachelors,Management,1,1,5-10 Miles,North America,0,56-65,72.7272727272727
M,F,2,Si,Partial High School,Skilled Manual,1,3,10+ Miles,North America,0,56-65,27.2727272727273
M,F,2,Si,High School,Professional,1,2,10+ Miles,North America,0,51-55,45.4545454545455
M,M,2,Si,Partial College,Professional,1,1,2-5 Miles,North America,0,56-65,45.4545454545455
S,M,2,Si,Partial College,Professional,1,2,10+ Miles,North America,0,56-65,45.4545454545455
M,F,2,Si,Partial College,Professional,0,2,2-5 Miles,North America,1,56-65,45.4545454545455
M,F,2,Si,Partial College,Professional,1,2,2-5 Miles,North America,1,56-65,45.4545454545455
M,F,2,Si,Partial College,Professional,1,2,10+ Miles,North America,0,46-50,45.4545454545455
M,M,4,Si,Partial College,Professional,1,2,10+ Miles,North America,1,56-65,63.6363636363636
M,F,2,Si,Partial High School,Skilled Manual,1,3,10+ Miles,North America,0,56-65,63.6363636363636
M,M,2,Si,High School,Professional,0,2,2-5 Miles,North America,1,56-65,45.4545454545455
M,M,2,Si,High School,Professional,0,2,2-5 Miles,North America,1,51-55,45.4545454545455
M,M,2,Si,High School,Professional,1,2,10+ Miles,North America,0,56-65,45.4545454545455
S,F,2,Si,High School,Professional,1,2,10+ Miles,North America,0,56-65,45.4545454545455
S,M,2,Si,Bachelors,Management,0,4,0-1 Miles,Europe,0,51-55,90.9090909090909
M,M,1,Si,Partial College,Professional,1,4,5-10 Miles,Europe,1,51-55,90.9090909090909
M,M,2,Si,Partial College,Professional,1,3,5-10 Miles,Europe,0,51-55,90.9090909090909
M,F,2,Si,Partial College,Professional,1,3,5-10 Miles,Europe,0,51-55,90.9090909090909
M,F,2,Si,Partial College,Professional,1,3,5-10 Miles,Europe,0,41-45,90.9090909090909
S,M,2,Si,High School,Professional,1,4,5-10 Miles,Europe,0,51-55,90.9090909090909
S,M,4,Si,Bachelors,Management,0,3,0-1 Miles,Europe,1,51-55,90.9090909090909
S,F,3,Si,High School,Professional,1,4,5-10 Miles,Europe,0,46-50,90.9090909090909
M,M,2,Si,High School,Professional,1,3,5-10 Miles,Europe,0,51-55,90.9090909090909
M,M,3,Si,Partial College,Professional,1,4,5-10 Miles,Europe,0,51-55,90.9090909090909
M,F,2,Si,Partial High School,Professional,1,4,10+ Miles,Europe,0,51-55,90.9090909090909
M,F,3,Si,Partial College,Professional,1,3,0-1 Miles,Europe,1,51-55,90.9090909090909
S,F,3,Si,Partial College,Professional,0,3,0-1 Miles,Europe,1,51-55,90.9090909090909
M,F,3,Si,High School,Professional,0,4,5-10 Miles,Europe,0,51-55,90.9090909090909
M,F,3,Si,High School,Professional,1,2,5-10 Miles,Europe,1,51-55,90.9090909090909
M,F,3,Si,Partial College,Professional,1,1,10+ Miles,Europe,0,46-50,72.7272727272727
M,M,5,No,Bachelors,Management,1,2,10+ Miles,Europe,0,56-65,72.7272727272727
S,M,5,No,Partial College,Professional,0,2,2-5 Miles,Europe,1,56-65,81.8181818181818
M,F,5,No,Partial College,Professional,1,2,10+ Miles,Europe,0,56-65,81.8181818181818
M,F,4,Si,Bachelors,Management,1,4,10+ Miles,Europe,1,56-65,90.9090909090909
M,F,4,Si,Bachelors,Management,1,4,5-10 Miles,Europe,0,56-65,90.9090909090909
M,F,5,No,Partial College,Professional,0,2,2-5 Miles,Europe,0,56-65,72.7272727272727
M,M,5,No,Partial College,Professional,1,2,10+ Miles,Europe,0,56-65,81.8181818181818
M,M,3,Si,Bachelors,Management,1,4,10+ Miles,Europe,0,56-65,90.9090909090909
M,F,4,Si,Partial College,Professional,1,4,5-10 Miles,Europe,0,56-65,90.9090909090909
M,F,3,Si,Bachelors,Management,1,4,5-10 Miles,Europe,0,56-65,90.9090909090909
M,M,3,Si,Bachelors,Management,1,1,10+ Miles,Europe,0,56-65,81.8181818181818
S,F,3,Si,Bachelors,Management,1,4,10+ Miles,Europe,0,56-65,90.9090909090909
M,M,4,Si,Partial College,Professional,1,1,2-5 Miles,Europe,0,51-55,72.7272727272727
M,M,3,Si,High School,Professional,0,3,2-5 Miles,Europe,0,51-55,81.8181818181818
M,M,3,Si,Partial College,Professional,1,4,10+ Miles,Europe,0,51-55,90.9090909090909
S,M,4,Si,High School,Professional,0,1,0-1 Miles,Europe,0,51-55,90.9090909090909
M,M,4,Si,Partial College,Professional,0,2,10+ Miles,Europe,1,56-65,90.9090909090909
M,M,4,Si,Partial College,Professional,1,2,10+ Miles,Europe,0,56-65,72.7272727272727
M,M,4,Si,High School,Professional,0,3,2-5 Miles,Europe,0,56-65,72.7272727272727
M,M,4,Si,High School,Professional,1,2,10+ Miles,Europe,0,56-65,81.8181818181818
M,M,4,Si,High School,Professional,1,3,2-5 Miles,Europe,0,56-65,81.8181818181818
M,F,3,Si,Partial College,Professional,0,4,5-10 Miles,Europe,0,56-65,81.8181818181818
M,F,4,Si,High School,Professional,1,3,10+ Miles,Europe,0,56-65,90.9090909090909
M,F,0,Si,Partial College,Management,0,4,10+ Miles,Europe,1,51-55,90.9090909090909
M,M,4,Si,Partial College,Management,0,3,10+ Miles,Europe,0,56-65,90.9090909090909
S,M,4,Si,Bachelors,Management,0,3,0-1 Miles,Europe,1,56-65,90.9090909090909
S,M,4,Si,High School,Management,0,4,0-1 Miles,Europe,1,41-45,90.9090909090909
S,F,5,Si,Partial High School,Skilled Manual,1,3,10+ Miles,Europe,0,56-65,63.6363636363636
M,F,5,Si,High School,Management,1,4,5-10 Miles,Europe,0,56-65,72.7272727272727
M,F,4,Si,High School,Management,1,3,10+ Miles,Europe,0,56-65,81.8181818181818
M,F,4,Si,High School,Management,1,3,10+ Miles,Europe,0,56-65,81.8181818181818
S,F,4,Si,Partial High School,Skilled Manual,1,4,10+ Miles,Europe,0,56-65,81.8181818181818
S,M,3,Si,High School,Management,1,4,10+ Miles,Europe,0,56-65,81.8181818181818
M,F,5,Si,High School,Management,1,4,10+ Miles,Europe,0,56-65,90.9090909090909
M,F,5,No,Partial High School,Skilled Manual,0,2,5-10 Miles,Europe,0,56-65,72.7272727272727
M,M,5,No,Partial High School,Skilled Manual,1,2,10+ Miles,Europe,0,56-65,81.8181818181818
M,F,3,Si,High School,Management,1,4,10+ Miles,Europe,0,56-65,81.8181818181818
M,F,3,Si,Partial High School,Professional,1,4,5-10 Miles,Europe,0,56-65,81.8181818181818
M,F,5,Si,Partial High School,Professional,1,4,10+ Miles,Europe,0,56-65,90.9090909090909
S,M,0,No,Bachelors,Professional,1,3,10+ Miles,Pacific,0,29-34,45.4545454545455
S,F,0,No,Bachelors,Professional,0,4,2-5 Miles,Pacific,0,29-34,45.4545454545455
M,F,0,No,Bachelors,Professional,1,2,10+ Miles,Pacific,1,29-34,63.6363636363636
M,F,0,No,Bachelors,Professional,0,2,10+ Miles,Pacific,1,29-34,63.6363636363636
S,M,0,No,Bachelors,Professional,0,2,10+ Miles,Pacific,1,29-34,63.6363636363636
S,M,0,No,Bachelors,Professional,0,2,10+ Miles,Pacific,1,29-34,63.6363636363636
S,M,0,No,Bachelors,Professional,1,2,10+ Miles,Pacific,1,29-34,72.7272727272727
M,M,0,No,Bachelors,Professional,1,2,10+ Miles,Pacific,1,29-34,72.7272727272727
S,M,0,No,Bachelors,Professional,0,3,10+ Miles,Pacific,0,35-40,63.6363636363636
M,M,0,No,Bachelors,Professional,1,3,10+ Miles,Pacific,0,29-34,63.6363636363636
S,F,0,No,Bachelors,Professional,0,3,10+ Miles,Pacific,0,29-34,72.7272727272727
S,M,0,No,Bachelors,Professional,1,2,10+ Miles,Pacific,1,29-34,81.8181818181818
S,F,0,No,Bachelors,Professional,0,4,10+ Miles,Pacific,0,35-40,63.6363636363636
M,F,0,No,Bachelors,Professional,1,3,10+ Miles,Pacific,0,35-40,72.7272727272727
S,M,0,No,Bachelors,Professional,1,3,10+ Miles,Pacific,1,35-40,81.8181818181818
S,F,0,Si,High School,Management,1,2,10+ Miles,Pacific,1,35-40,81.8181818181818
M,F,0,No,Bachelors,Professional,0,3,10+ Miles,Pacific,0,35-40,72.7272727272727
S,M,0,Si,High School,Management,1,2,10+ Miles,Pacific,1,35-40,81.8181818181818
M,F,0,Si,Partial College,Management,1,3,10+ Miles,Pacific,1,35-40,90.9090909090909
M,F,0,Si,Partial High School,Professional,1,4,10+ Miles,Pacific,0,35-40,90.9090909090909
M,F,0,Si,High School,Management,1,3,10+ Miles,Pacific,1,35-40,90.9090909090909
M,F,0,Si,High School,Management,1,3,10+ Miles,Pacific,1,35-40,81.8181818181818
S,F,0,Si,High School,Management,1,4,10+ Miles,Pacific,1,35-40,81.8181818181818
S,M,0,No,Bachelors,Professional,0,4,10+ Miles,Pacific,1,29-34,81.8181818181818
S,F,0,No,Bachelors,Professional,0,4,10+ Miles,Pacific,1,29-34,81.8181818181818
M,M,0,Si,High School,Management,1,4,10+ Miles,Pacific,0,35-40,81.8181818181818
M,M,0,Si,Partial High School,Professional,0,4,10+ Miles,Pacific,1,35-40,90.9090909090909
M,M,0,Si,Partial High School,Professional,1,4,10+ Miles,Pacific,0,35-40,90.9090909090909
M,F,0,Si,Partial High School,Professional,1,4,10+ Miles,Pacific,1,29-34,90.9090909090909
S,M,4,Si,Partial College,Professional,1,2,2-5 Miles,North America,0,29-34,72.7272727272727
M,F,5,Si,Partial College,Professional,1,3,0-1 Miles,North America,0,41-45,81.8181818181818
S,F,2,Si,Graduate Degree,Management,0,2,1-2 Miles,North America,0,29-34,90.9090909090909
S,M,3,Si,Partial College,Professional,1,0,5-10 Miles,North America,1,51-55,63.6363636363636
M,M,4,Si,Partial College,Professional,1,0,5-10 Miles,North America,0,46-50,63.6363636363636
M,M,2,No,Graduate Degree,Management,1,2,1-2 Miles,North America,0,65+,45.4545454545455
M,F,2,No,Graduate Degree,Management,1,2,1-2 Miles,North America,0,65+,45.4545454545455
M,F,2,No,Graduate Degree,Management,1,2,5-10 Miles,North America,0,65+,45.4545454545455
M,F,2,No,Graduate Degree,Management,1,2,1-2 Miles,North America,0,65+,45.4545454545455
M,F,1,Si,Bachelors,Management,1,4,1-2 Miles,North America,1,65+,90.9090909090909
S,F,0,No,Partial College,Clerical,0,1,2-5 Miles,Europe,1,29-34,18.1818181818182
S,F,0,No,Partial High School,Manual,0,2,0-1 Miles,Europe,0,29-34,9.09090909090909
S,F,0,No,Partial High School,Manual,1,2,1-2 Miles,Europe,1,29-34,9.09090909090909
S,M,0,No,Partial High School,Manual,0,2,1-2 Miles,Europe,0,29-34,9.09090909090909
S,F,0,No,Partial High School,Manual,0,2,0-1 Miles,Europe,0,29-34,9.09090909090909
M,M,1,No,Partial College,Skilled Manual,1,1,2-5 Miles,North America,1,46-50,63.6363636363636
M,M,4,Si,High School,Skilled Manual,1,2,0-1 Miles,North America,0,41-45,27.2727272727273
M,M,4,Si,High School,Skilled Manual,1,3,10+ Miles,North America,0,35-40,27.2727272727273
S,F,4,Si,High School,Skilled Manual,1,3,5-10 Miles,North America,0,46-50,27.2727272727273
M,F,1,No,Partial College,Skilled Manual,1,1,2-5 Miles,North America,1,46-50,45.4545454545455
M,F,1,No,Partial College,Skilled Manual,1,1,2-5 Miles,North America,1,46-50,45.4545454545455
M,M,1,No,Partial College,Skilled Manual,1,1,0-1 Miles,North America,1,46-50,45.4545454545455
M,F,1,No,Partial College,Skilled Manual,1,1,2-5 Miles,North America,1,46-50,45.4545454545455
M,M,1,No,Partial College,Skilled Manual,1,1,0-1 Miles,North America,1,46-50,45.4545454545455
M,M,4,Si,High School,Skilled Manual,1,2,2-5 Miles,North America,1,41-45,27.2727272727273
S,F,0,No,Bachelors,Professional,0,1,0-1 Miles,North America,0,46-50,27.2727272727273
S,F,0,No,Graduate Degree,Professional,0,1,2-5 Miles,North America,1,41-45,45.4545454545455
S,F,0,No,Graduate Degree,Professional,0,1,2-5 Miles,North America,1,41-45,45.4545454545455
S,M,0,No,Graduate Degree,Professional,1,1,2-5 Miles,North America,1,41-45,45.4545454545455
S,F,0,No,Graduate Degree,Professional,0,1,2-5 Miles,North America,1,29-34,45.4545454545455
S,F,0,No,Graduate Degree,Professional,1,1,2-5 Miles,North America,1,29-34,45.4545454545455
M,M,1,No,Partial College,Skilled Manual,0,1,0-1 Miles,North America,1,46-50,45.4545454545455
M,M,1,No,Partial College,Skilled Manual,1,1,2-5 Miles,North America,1,41-45,45.4545454545455
M,F,4,Si,Bachelors,Professional,1,0,2-5 Miles,North America,0,46-50,45.4545454545455
M,F,4,Si,Bachelors,Professional,1,0,0-1 Miles,North America,0,46-50,45.4545454545455
M,F,4,Si,Bachelors,Professional,0,0,0-1 Miles,North America,0,41-45,45.4545454545455
M,F,4,Si,Bachelors,Professional,0,0,0-1 Miles,North America,0,41-45,45.4545454545455
S,F,4,Si,Bachelors,Professional,1,0,2-5 Miles,North America,1,41-45,45.4545454545455
M,F,4,Si,Bachelors,Professional,1,1,2-5 Miles,North America,0,41-45,45.4545454545455
M,M,2,No,Graduate Degree,Professional,1,1,2-5 Miles,North America,1,41-45,63.6363636363636
M,M,5,No,Graduate Degree,Professional,1,0,0-1 Miles,North America,1,46-50,81.8181818181818
S,F,3,Si,Bachelors,Professional,0,1,0-1 Miles,North America,1,51-55,45.4545454545455
M,F,5,No,Graduate Degree,Professional,1,0,0-1 Miles,North America,1,51-55,72.7272727272727
S,F,4,Si,Graduate Degree,Management,1,0,0-1 Miles,Pacific,1,35-40,72.7272727272727
M,F,1,No,Graduate Degree,Management,1,0,0-1 Miles,Pacific,1,35-40,81.8181818181818
S,F,1,No,Graduate Degree,Management,1,0,0-1 Miles,Pacific,1,29-34,81.8181818181818
M,F,2,No,Bachelors,Professional,1,0,1-2 Miles,Pacific,1,41-45,81.8181818181818
M,F,2,No,Bachelors,Professional,1,0,0-1 Miles,Pacific,1,35-40,81.8181818181818
M,F,1,No,Graduate Degree,Management,1,0,0-1 Miles,Pacific,1,35-40,81.8181818181818
S,M,1,No,Graduate Degree,Management,0,0,0-1 Miles,Pacific,1,35-40,81.8181818181818
S,M,1,No,Graduate Degree,Management,1,0,0-1 Miles,Pacific,1,35-40,81.8181818181818
S,M,4,Si,Graduate Degree,Management,1,1,0-1 Miles,Pacific,1,29-34,72.7272727272727
S,F,5,Si,Bachelors,Professional,1,3,10+ Miles,Pacific,0,41-45,63.6363636363636
M,M,5,Si,Bachelors,Professional,0,3,10+ Miles,Pacific,0,41-45,63.6363636363636
S,F,5,Si,Bachelors,Professional,1,3,10+ Miles,Pacific,0,35-40,63.6363636363636
S,F,1,No,Graduate Degree,Management,1,1,5-10 Miles,Pacific,1,35-40,90.9090909090909
S,M,1,No,Graduate Degree,Management,0,1,1-2 Miles,Pacific,1,35-40,90.9090909090909
M,F,1,No,Graduate Degree,Management,1,1,2-5 Miles,Pacific,1,35-40,90.9090909090909
S,F,1,No,Graduate Degree,Management,0,0,0-1 Miles,Pacific,1,35-40,90.9090909090909
M,M,1,No,Graduate Degree,Management,1,1,2-5 Miles,Pacific,1,35-40,90.9090909090909
M,F,5,Si,Bachelors,Professional,0,4,10+ Miles,Pacific,0,41-45,63.6363636363636
M,F,5,Si,Bachelors,Professional,1,4,10+ Miles,Pacific,0,35-40,63.6363636363636
S,F,5,Si,Graduate Degree,Management,1,2,0-1 Miles,Pacific,0,41-45,72.7272727272727
M,F,5,Si,Graduate Degree,Management,1,2,0-1 Miles,Pacific,0,35-40,72.7272727272727
M,M,5,Si,Graduate Degree,Management,1,3,0-1 Miles,Pacific,0,41-45,72.7272727272727
M,F,5,Si,Bachelors,Professional,1,3,0-1 Miles,Pacific,0,41-45,72.7272727272727
M,M,2,No,Bachelors,Professional,1,0,2-5 Miles,Pacific,1,41-45,81.8181818181818
M,M,2,Si,Bachelors,Professional,1,1,2-5 Miles,Pacific,0,41-45,45.4545454545455
S,M,0,No,Bachelors,Professional,0,1,0-1 Miles,Pacific,1,41-45,63.6363636363636
S,F,0,No,Bachelors,Professional,0,1,0-1 Miles,Pacific,1,41-45,63.6363636363636
S,F,3,Si,Bachelors,Professional,1,2,5-10 Miles,Pacific,0,29-34,45.4545454545455
M,M,4,Si,Bachelors,Professional,1,2,5-10 Miles,Pacific,0,41-45,45.4545454545455
M,F,4,Si,Bachelors,Professional,0,2,0-1 Miles,Pacific,0,35-40,45.4545454545455
M,F,4,Si,Bachelors,Professional,0,3,10+ Miles,Pacific,0,46-50,45.4545454545455
S,F,0,No,Bachelors,Professional,1,1,5-10 Miles,Pacific,1,29-34,63.6363636363636
M,M,5,Si,Bachelors,Professional,1,3,5-10 Miles,Pacific,0,41-45,45.4545454545455
S,F,3,Si,Bachelors,Professional,0,2,0-1 Miles,Pacific,1,46-50,45.4545454545455
S,M,0,No,Bachelors,Professional,0,1,5-10 Miles,Pacific,0,46-50,63.6363636363636
M,F,4,Si,Bachelors,Professional,1,0,0-1 Miles,Pacific,0,41-45,81.8181818181818
M,M,1,No,Bachelors,Professional,1,1,5-10 Miles,Pacific,1,41-45,45.4545454545455
S,F,1,No,Bachelors,Professional,1,1,5-10 Miles,Pacific,1,46-50,45.4545454545455
M,F,1,No,Bachelors,Professional,1,1,5-10 Miles,Pacific,0,41-45,45.4545454545455
M,F,1,No,Partial College,Skilled Manual,1,1,0-1 Miles,Pacific,1,46-50,45.4545454545455
M,M,1,No,Partial College,Skilled Manual,1,1,0-1 Miles,Pacific,1,46-50,45.4545454545455
S,F,1,No,Partial College,Skilled Manual,1,1,5-10 Miles,Pacific,1,41-45,45.4545454545455
M,M,1,No,Partial College,Skilled Manual,1,1,5-10 Miles,Pacific,1,46-50,45.4545454545455
S,F,1,No,Partial College,Skilled Manual,1,1,5-10 Miles,Pacific,1,46-50,45.4545454545455
S,M,0,No,Bachelors,Professional,1,1,5-10 Miles,Pacific,1,41-45,63.6363636363636
M,F,5,Si,Bachelors,Professional,1,4,0-1 Miles,Pacific,0,41-45,72.7272727272727
M,M,5,Si,Bachelors,Professional,1,4,1-2 Miles,Pacific,0,41-45,72.7272727272727
S,M,5,Si,Bachelors,Professional,1,4,1-2 Miles,Pacific,0,35-40,72.7272727272727
M,F,5,Si,Bachelors,Professional,0,4,0-1 Miles,Pacific,0,41-45,72.7272727272727
S,M,5,Si,Bachelors,Professional,1,4,1-2 Miles,Pacific,0,41-45,72.7272727272727
M,M,0,No,Bachelors,Professional,0,1,0-1 Miles,Pacific,0,29-34,63.6363636363636
S,F,1,No,Bachelors,Professional,1,1,2-5 Miles,Pacific,1,51-55,81.8181818181818
S,F,5,Si,Partial College,Skilled Manual,1,2,5-10 Miles,Pacific,0,46-50,63.6363636363636
M,F,1,No,Partial College,Skilled Manual,1,1,0-1 Miles,Pacific,1,46-50,45.4545454545455
M,M,5,Si,Bachelors,Professional,1,2,1-2 Miles,Pacific,0,51-55,72.7272727272727
M,M,2,No,Bachelors,Professional,1,1,5-10 Miles,Pacific,0,51-55,81.8181818181818
M,F,2,No,Bachelors,Management,0,1,2-5 Miles,Pacific,1,46-50,81.8181818181818
M,F,4,No,Bachelors,Management,1,2,0-1 Miles,Pacific,1,46-50,81.8181818181818
S,M,1,No,Partial College,Skilled Manual,1,1,5-10 Miles,Pacific,0,51-55,63.6363636363636
M,F,2,No,Partial College,Clerical,0,2,0-1 Miles,Pacific,0,65+,18.1818181818182
M,F,2,No,Bachelors,Management,1,1,5-10 Miles,Pacific,0,65+,27.2727272727273
M,F,1,No,Partial College,Skilled Manual,1,1,5-10 Miles,Pacific,1,46-50,45.4545454545455
M,F,5,Si,Partial College,Skilled Manual,0,3,5-10 Miles,Pacific,0,46-50,63.6363636363636
M,M,5,Si,Partial College,Skilled Manual,1,3,5-10 Miles,Pacific,0,46-50,63.6363636363636
S,F,0,No,High School,Skilled Manual,0,2,5-10 Miles,North America,0,29-34,18.1818181818182
S,F,0,No,High School,Skilled Manual,0,1,0-1 Miles,North America,1,29-34,27.2727272727273
S,M,0,No,High School,Skilled Manual,1,1,5-10 Miles,North America,0,35-40,27.2727272727273
S,M,0,No,High School,Skilled Manual,1,2,5-10 Miles,North America,0,29-34,27.2727272727273
S,M,0,No,High School,Skilled Manual,0,2,0-1 Miles,North America,0,29-34,18.1818181818182
S,F,0,No,High School,Skilled Manual,0,2,0-1 Miles,North America,0,29-34,18.1818181818182
S,M,0,No,High School,Skilled Manual,0,2,0-1 Miles,North America,1,29-34,18.1818181818182
S,M,0,No,High School,Skilled Manual,1,2,5-10 Miles,North America,0,29-34,18.1818181818182
M,F,0,No,High School,Skilled Manual,1,2,5-10 Miles,North America,0,29-34,18.1818181818182
S,M,0,No,Partial High School,Clerical,0,2,0-1 Miles,North America,1,29-34,18.1818181818182
M,F,2,No,Partial College,Clerical,0,2,5-10 Miles,Pacific,0,65+,18.1818181818182
M,M,2,No,Bachelors,Management,1,2,0-1 Miles,Pacific,0,65+,27.2727272727273
M,F,0,No,High School,Skilled Manual,0,2,0-1 Miles,North America,0,29-34,27.2727272727273
M,M,2,No,Bachelors,Management,1,2,5-10 Miles,Pacific,0,65+,27.2727272727273
S,M,0,No,Partial High School,Clerical,0,2,5-10 Miles,North America,0,29-34,18.1818181818182
S,M,0,No,Partial High School,Clerical,0,2,5-10 Miles,North America,0,29-34,18.1818181818182
S,M,0,No,Partial High School,Clerical,0,2,0-1 Miles,North America,0,29-34,18.1818181818182
S,M,0,No,High School,Skilled Manual,1,2,5-10 Miles,North America,0,29-34,27.2727272727273
S,F,0,No,High School,Skilled Manual,0,2,0-1 Miles,North America,0,29-34,27.2727272727273
M,F,0,No,Partial High School,Clerical,0,2,0-1 Miles,North America,0,29-34,18.1818181818182
S,M,0,No,Partial High School,Clerical,0,2,5-10 Miles,North America,0,29-34,18.1818181818182
M,F,2,No,Partial College,Clerical,0,2,5-10 Miles,Pacific,0,65+,18.1818181818182
M,F,2,No,Bachelors,Management,1,2,5-10 Miles,Pacific,0,65+,27.2727272727273
M,F,2,No,Bachelors,Management,1,2,5-10 Miles,Pacific,1,65+,27.2727272727273
M,M,2,No,Bachelors,Management,1,2,0-1 Miles,Pacific,1,65+,27.2727272727273
M,M,2,No,Bachelors,Management,1,2,0-1 Miles,Pacific,1,65+,27.2727272727273
S,M,2,No,Graduate Degree,Management,1,1,5-10 Miles,Pacific,1,65+,45.4545454545455
M,M,0,No,Partial College,Skilled Manual,1,1,5-10 Miles,North America,0,29-34,27.2727272727273
M,M,0,No,Partial College,Skilled Manual,1,1,5-10 Miles,North America,0,29-34,27.2727272727273
S,F,0,No,High School,Skilled Manual,0,2,1-2 Miles,North America,1,29-34,27.2727272727273
M,F,0,No,High School,Skilled Manual,0,2,1-2 Miles,North America,0,29-34,27.2727272727273
S,F,0,No,Partial College,Skilled Manual,1,1,5-10 Miles,North America,0,29-34,45.4545454545455
S,F,0,No,Partial College,Skilled Manual,1,1,5-10 Miles,North America,0,35-40,45.4545454545455
M,M,0,No,Partial College,Skilled Manual,0,1,1-2 Miles,North America,0,35-40,45.4545454545455
S,F,0,No,Partial College,Skilled Manual,0,1,5-10 Miles,North America,1,35-40,45.4545454545455
M,F,0,No,Partial College,Skilled Manual,1,2,5-10 Miles,North America,1,29-34,63.6363636363636
S,F,0,No,Partial College,Skilled Manual,0,2,0-1 Miles,North America,1,35-40,63.6363636363636
S,M,0,No,Bachelors,Management,0,1,0-1 Miles,North America,1,29-34,72.7272727272727
S,M,0,No,Bachelors,Management,0,1,0-1 Miles,North America,1,35-40,72.7272727272727
S,F,0,No,Bachelors,Management,0,1,0-1 Miles,North America,1,29-34,72.7272727272727
M,M,4,Si,Bachelors,Management,1,1,1-2 Miles,North America,0,35-40,81.8181818181818
M,F,1,No,Bachelors,Management,1,2,1-2 Miles,North America,1,41-45,81.8181818181818
S,M,0,No,Graduate Degree,Management,0,1,10+ Miles,North America,0,35-40,90.9090909090909
S,M,4,Si,Bachelors,Management,1,1,1-2 Miles,North America,1,41-45,81.8181818181818
S,F,4,Si,Partial College,Skilled Manual,0,3,1-2 Miles,North America,0,41-45,81.8181818181818
M,M,2,Si,Graduate Degree,Management,1,3,1-2 Miles,North America,0,35-40,90.9090909090909
S,M,1,Si,Bachelors,Management,0,4,0-1 Miles,North America,0,35-40,90.9090909090909
S,M,1,Si,Bachelors,Management,1,4,2-5 Miles,North America,1,41-45,90.9090909090909
M,F,1,Si,Bachelors,Management,1,4,0-1 Miles,North America,0,35-40,90.9090909090909
M,M,0,No,High School,Skilled Manual,0,2,1-2 Miles,North America,0,29-34,27.2727272727273
S,M,0,No,High School,Skilled Manual,1,2,5-10 Miles,North America,0,29-34,27.2727272727273
S,M,0,No,High School,Skilled Manual,0,2,1-2 Miles,North America,1,29-34,27.2727272727273
M,M,0,No,High School,Skilled Manual,1,2,5-10 Miles,North America,0,29-34,27.2727272727273
M,M,0,No,Partial College,Skilled Manual,1,1,5-10 Miles,North America,0,29-34,27.2727272727273
S,F,0,No,Partial College,Skilled Manual,0,2,1-2 Miles,North America,1,29-34,45.4545454545455
S,M,0,No,Partial College,Skilled Manual,0,2,1-2 Miles,North America,1,29-34,45.4545454545455
M,F,2,Si,Partial High School,Clerical,1,2,5-10 Miles,Pacific,0,56-65,9.09090909090909
M,M,4,No,High School,Skilled Manual,1,2,5-10 Miles,Pacific,0,56-65,9.09090909090909
M,M,4,No,High School,Skilled Manual,0,2,1-2 Miles,Pacific,0,56-65,9.09090909090909
M,F,1,Si,Graduate Degree,Skilled Manual,1,0,1-2 Miles,North America,1,29-34,63.6363636363636
M,F,1,Si,Graduate Degree,Skilled Manual,1,0,0-1 Miles,North America,1,29-34,63.6363636363636
S,M,0,Si,Partial College,Professional,1,2,5-10 Miles,North America,0,46-50,81.8181818181818
S,F,0,Si,Partial College,Professional,1,2,5-10 Miles,North America,0,35-40,81.8181818181818
M,M,4,Si,Bachelors,Management,1,0,5-10 Miles,North America,0,46-50,90.9090909090909
S,M,4,Si,Bachelors,Management,0,0,1-2 Miles,North America,0,46-50,90.9090909090909
S,M,2,Si,Bachelors,Management,0,2,0-1 Miles,North America,1,46-50,90.9090909090909
M,M,5,Si,Partial College,Professional,1,4,5-10 Miles,North America,0,46-50,81.8181818181818
S,M,1,Si,Partial College,Professional,1,4,5-10 Miles,North America,1,41-45,81.8181818181818
M,M,1,Si,Bachelors,Management,1,1,5-10 Miles,North America,0,41-45,90.9090909090909
M,M,1,Si,Bachelors,Management,1,2,1-2 Miles,North America,0,41-45,90.9090909090909
M,M,1,Si,Bachelors,Management,1,3,5-10 Miles,North America,0,46-50,90.9090909090909
M,M,1,Si,Partial College,Professional,1,4,5-10 Miles,North America,1,41-45,90.9090909090909
M,F,5,Si,Partial College,Professional,1,3,5-10 Miles,North America,0,41-45,63.6363636363636
M,F,5,Si,Partial College,Professional,1,3,1-2 Miles,North America,0,41-45,63.6363636363636
M,F,3,Si,Partial College,Professional,1,4,1-2 Miles,North America,0,41-45,81.8181818181818
S,M,1,Si,Bachelors,Management,1,3,5-10 Miles,North America,1,41-45,90.9090909090909
M,M,1,Si,Bachelors,Management,1,3,2-5 Miles,North America,0,46-50,90.9090909090909
M,M,1,Si,Partial College,Professional,1,4,5-10 Miles,North America,0,41-45,90.9090909090909
M,F,1,Si,Partial College,Professional,1,4,5-10 Miles,North America,0,41-45,90.9090909090909
M,F,1,Si,Partial College,Professional,1,4,5-10 Miles,North America,0,46-50,90.9090909090909
M,F,1,Si,High School,Professional,1,4,2-5 Miles,North America,0,41-45,90.9090909090909
M,F,1,Si,Bachelors,Management,1,2,0-1 Miles,North America,1,46-50,90.9090909090909
M,M,1,Si,Bachelors,Management,1,3,0-1 Miles,North America,1,46-50,90.9090909090909
M,F,4,Si,High School,Professional,1,0,1-2 Miles,North America,0,51-55,63.6363636363636
M,F,3,Si,Partial College,Professional,1,1,5-10 Miles,North America,1,51-55,72.7272727272727
M,F,2,Si,High School,Professional,1,1,10+ Miles,North America,1,51-55,81.8181818181818
M,F,2,Si,High School,Professional,1,1,10+ Miles,North America,1,51-55,81.8181818181818
M,M,2,Si,High School,Professional,1,1,10+ Miles,North America,1,51-55,81.8181818181818
S,M,2,Si,High School,Professional,1,1,10+ Miles,North America,0,51-55,81.8181818181818
S,M,2,No,Partial High School,Skilled Manual,1,2,5-10 Miles,North America,0,56-65,63.6363636363636
M,M,3,No,Partial College,Professional,1,2,5-10 Miles,North America,0,65+,27.2727272727273
S,F,2,No,Graduate Degree,Management,0,2,1-2 Miles,North America,0,65+,45.4545454545455
M,M,4,No,Graduate Degree,Management,1,2,1-2 Miles,North America,1,65+,72.7272727272727
M,M,5,Si,Partial College,Professional,1,3,1-2 Miles,North America,0,29-34,72.7272727272727
S,F,4,Si,High School,Professional,0,3,1-2 Miles,North America,0,41-45,81.8181818181818
M,M,0,Si,Partial College,Professional,1,1,1-2 Miles,North America,0,41-45,81.8181818181818
M,F,3,Si,Partial College,Professional,0,4,2-5 Miles,North America,0,41-45,90.9090909090909
S,M,4,Si,Partial College,Professional,1,4,5-10 Miles,North America,1,46-50,90.9090909090909
M,F,5,Si,High School,Professional,1,2,2-5 Miles,North America,0,46-50,90.9090909090909
M,F,1,Si,Partial College,Professional,1,2,0-1 Miles,North America,1,35-40,90.9090909090909
S,M,2,No,Partial High School,Skilled Manual,0,2,1-2 Miles,North America,0,46-50,63.6363636363636
S,M,2,No,Partial High School,Skilled Manual,0,2,1-2 Miles,North America,0,51-55,63.6363636363636
M,M,2,No,Partial High School,Skilled Manual,0,2,1-2 Miles,North America,1,56-65,45.4545454545455
M,M,2,No,Partial High School,Skilled Manual,1,2,5-10 Miles,North America,0,51-55,45.4545454545455
M,F,2,No,Partial High School,Skilled Manual,0,2,1-2 Miles,North America,1,51-55,45.4545454545455
M,F,3,No,Partial High School,Skilled Manual,1,2,5-10 Miles,North America,1,51-55,45.4545454545455
S,F,3,No,Graduate Degree,Management,1,2,5-10 Miles,North America,1,51-55,63.6363636363636
M,M,3,No,Graduate Degree,Management,1,2,5-10 Miles,North America,1,56-65,63.6363636363636
M,M,3,No,Graduate Degree,Management,0,2,1-2 Miles,North America,1,56-65,63.6363636363636
S,M,3,No,Graduate Degree,Management,1,2,5-10 Miles,North America,1,46-50,63.6363636363636
M,F,3,No,Graduate Degree,Management,1,2,1-2 Miles,North America,1,56-65,63.6363636363636
S,F,3,No,Graduate Degree,Management,1,2,5-10 Miles,North America,1,56-65,63.6363636363636
M,F,3,No,Graduate Degree,Management,1,2,1-2 Miles,North America,1,46-50,63.6363636363636
M,F,3,No,Graduate Degree,Management,1,2,5-10 Miles,North America,1,56-65,45.4545454545455
M,M,3,No,Partial College,Professional,0,2,1-2 Miles,North America,1,56-65,27.2727272727273
M,F,3,No,Partial College,Professional,1,2,5-10 Miles,North America,0,56-65,27.2727272727273
S,F,3,No,Graduate Degree,Management,1,2,10+ Miles,North America,0,65+,45.4545454545455
M,F,3,No,Graduate Degree,Management,1,2,10+ Miles,North America,0,65+,45.4545454545455
M,M,3,No,Graduate Degree,Management,1,2,10+ Miles,North America,0,65+,45.4545454545455
M,F,3,No,Graduate Degree,Management,0,2,1-2 Miles,North America,0,65+,45.4545454545455
M,M,3,No,Graduate Degree,Management,1,2,1-2 Miles,North America,0,56-65,45.4545454545455
M,F,4,No,Graduate Degree,Management,1,2,1-2 Miles,North America,1,65+,63.6363636363636
M,F,4,No,Graduate Degree,Management,1,2,10+ Miles,North America,1,65+,63.6363636363636
M,M,5,No,Graduate Degree,Management,1,2,1-2 Miles,North America,1,65+,63.6363636363636
M,F,5,No,Graduate Degree,Management,1,2,10+ Miles,North America,1,65+,63.6363636363636
M,F,5,No,Graduate Degree,Management,1,2,10+ Miles,North America,1,65+,63.6363636363636
M,M,4,No,Graduate Degree,Management,1,2,1-2 Miles,North America,1,65+,72.7272727272727
M,M,3,No,Graduate Degree,Management,1,2,10+ Miles,North America,0,65+,45.4545454545455
M,F,5,No,Graduate Degree,Management,1,2,10+ Miles,North America,1,65+,63.6363636363636
M,M,4,No,Graduate Degree,Management,1,2,5-10 Miles,North America,1,65+,72.7272727272727
M,F,3,No,Graduate Degree,Management,1,2,10+ Miles,North America,1,65+,45.4545454545455
M,F,4,No,Graduate Degree,Management,1,2,5-10 Miles,North America,0,65+,72.7272727272727
M,M,4,No,Bachelors,Management,1,2,1-2 Miles,North America,1,56-65,72.7272727272727
M,F,4,No,Bachelors,Management,1,2,1-2 Miles,North America,1,65+,45.4545454545455
M,M,4,No,Bachelors,Management,1,2,10+ Miles,North America,0,56-65,45.4545454545455
M,M,4,No,Bachelors,Management,1,2,10+ Miles,North America,0,65+,45.4545454545455
M,F,4,No,Bachelors,Management,1,2,10+ Miles,North America,0,65+,45.4545454545455
M,M,3,No,Graduate Degree,Management,1,2,1-2 Miles,North America,0,65+,45.4545454545455
M,M,3,No,Graduate Degree,Management,1,2,10+ Miles,North America,0,65+,45.4545454545455
S,M,4,No,Bachelors,Management,1,2,10+ Miles,North America,0,56-65,45.4545454545455
M,M,2,Si,Partial High School,Clerical,1,2,5-10 Miles,Pacific,0,56-65,9.09090909090909
M,F,2,Si,Partial High School,Clerical,1,2,5-10 Miles,Pacific,0,56-65,9.09090909090909
M,M,4,No,High School,Skilled Manual,1,2,5-10 Miles,Pacific,0,56-65,9.09090909090909
M,M,2,No,Partial College,Clerical,0,2,5-10 Miles,Pacific,0,56-65,18.1818181818182
M,M,2,Si,Partial High School,Clerical,1,2,5-10 Miles,Pacific,0,56-65,9.09090909090909
M,M,0,No,Partial College,Skilled Manual,1,2,5-10 Miles,North America,1,29-34,45.4545454545455
M,F,0,No,Partial College,Skilled Manual,0,2,0-1 Miles,North America,1,29-34,63.6363636363636
S,F,0,No,Partial High School,Clerical,1,2,5-10 Miles,North America,0,29-34,27.2727272727273
M,M,2,Si,Partial High School,Clerical,1,2,5-10 Miles,Pacific,0,56-65,9.09090909090909
M,F,3,No,Partial College,Clerical,0,2,5-10 Miles,Pacific,0,56-65,18.1818181818182
S,F,0,No,Partial High School,Clerical,0,2,5-10 Miles,North America,0,29-34,27.2727272727273
S,F,0,No,Partial High School,Clerical,1,2,5-10 Miles,North America,0,29-34,27.2727272727273
S,M,0,No,Partial College,Skilled Manual,0,1,5-10 Miles,North America,0,29-34,27.2727272727273
S,M,0,No,Partial College,Skilled Manual,0,1,1-2 Miles,North America,0,29-34,27.2727272727273
S,F,0,No,Partial College,Skilled Manual,0,2,1-2 Miles,North America,0,29-34,27.2727272727273
M,M,0,No,Partial College,Skilled Manual,1,2,5-10 Miles,North America,0,29-34,45.4545454545455
S,F,0,No,Partial College,Skilled Manual,1,2,5-10 Miles,North America,0,29-34,45.4545454545455
S,F,0,No,Partial College,Skilled Manual,0,2,0-1 Miles,North America,1,29-34,63.6363636363636
M,M,0,No,Partial College,Skilled Manual,0,2,1-2 Miles,North America,0,29-34,45.4545454545455
S,F,0,No,Partial College,Skilled Manual,0,2,1-2 Miles,North America,0,29-34,45.4545454545455
M,F,2,Si,Partial High School,Clerical,1,2,5-10 Miles,Pacific,0,51-55,9.09090909090909
M,F,3,No,Partial College,Clerical,0,2,1-2 Miles,Pacific,1,56-65,18.1818181818182
M,F,2,Si,Partial High School,Clerical,1,2,1-2 Miles,Pacific,0,56-65,9.09090909090909
M,F,3,No,Partial College,Clerical,0,2,1-2 Miles,Pacific,1,56-65,18.1818181818182
M,F,3,No,High School,Skilled Manual,0,2,1-2 Miles,Pacific,1,56-65,18.1818181818182
M,M,3,No,High School,Skilled Manual,1,2,5-10 Miles,Pacific,1,51-55,18.1818181818182
M,F,3,No,High School,Skilled Manual,0,2,1-2 Miles,Pacific,1,56-65,18.1818181818182
M,M,3,No,High School,Skilled Manual,1,2,5-10 Miles,Pacific,1,56-65,18.1818181818182
M,F,3,No,High School,Skilled Manual,1,2,5-10 Miles,Pacific,1,56-65,18.1818181818182
M,M,3,No,Partial College,Skilled Manual,0,2,1-2 Miles,Pacific,0,56-65,27.2727272727273
M,F,3,No,Partial College,Skilled Manual,0,2,1-2 Miles,Pacific,0,56-65,27.2727272727273
M,F,3,No,Partial College,Skilled Manual,1,2,5-10 Miles,Pacific,1,56-65,27.2727272727273
M,F,3,No,Partial High School,Clerical,0,2,1-2 Miles,Pacific,0,56-65,27.2727272727273
S,M,2,No,Partial College,Skilled Manual,0,2,1-2 Miles,Pacific,1,46-50,63.6363636363636
S,M,2,No,Partial College,Skilled Manual,1,2,5-10 Miles,Pacific,1,35-40,63.6363636363636
S,F,0,No,Partial College,Skilled Manual,0,2,1-2 Miles,North America,1,29-34,27.2727272727273
M,M,0,No,Partial College,Skilled Manual,1,2,5-10 Miles,North America,0,29-34,27.2727272727273
M,M,0,No,Partial College,Skilled Manual,1,2,5-10 Miles,North America,0,29-34,45.4545454545455
M,M,0,No,Partial College,Skilled Manual,1,2,5-10 Miles,North America,0,29-34,45.4545454545455
S,M,0,No,Partial College,Skilled Manual,0,2,1-2 Miles,North America,1,29-34,45.4545454545455
S,F,0,No,High School,Skilled Manual,1,2,5-10 Miles,North America,0,35-40,45.4545454545455
M,F,0,No,Partial College,Skilled Manual,1,2,5-10 Miles,North America,1,29-34,45.4545454545455
M,F,0,No,Partial College,Professional,1,2,5-10 Miles,North America,1,35-40,63.6363636363636
S,M,0,No,Partial College,Professional,0,2,1-2 Miles,North America,0,29-34,45.4545454545455
S,M,0,No,Partial College,Professional,1,2,5-10 Miles,North America,0,29-34,45.4545454545455
S,M,0,No,Partial College,Professional,0,2,1-2 Miles,North America,0,29-34,45.4545454545455
S,F,2,No,High School,Skilled Manual,1,2,5-10 Miles,Pacific,1,51-55,72.7272727272727
S,M,2,No,High School,Skilled Manual,1,2,5-10 Miles,Pacific,1,41-45,72.7272727272727
M,M,2,No,High School,Skilled Manual,0,2,1-2 Miles,Pacific,1,51-55,72.7272727272727
S,M,2,No,High School,Skilled Manual,0,2,1-2 Miles,Pacific,1,46-50,72.7272727272727
S,M,2,No,High School,Skilled Manual,0,2,1-2 Miles,Pacific,1,51-55,72.7272727272727
M,M,2,No,High School,Skilled Manual,0,2,1-2 Miles,Pacific,1,41-45,72.7272727272727
S,M,2,No,High School,Skilled Manual,0,2,1-2 Miles,Pacific,1,51-55,72.7272727272727
S,F,2,No,High School,Professional,1,2,5-10 Miles,Pacific,1,51-55,63.6363636363636
M,F,2,No,High School,Professional,1,2,5-10 Miles,Pacific,1,51-55,63.6363636363636
M,M,2,No,High School,Professional,1,2,5-10 Miles,Pacific,1,51-55,63.6363636363636
M,F,1,Si,Bachelors,Management,1,3,0-1 Miles,Pacific,1,46-50,81.8181818181818
M,M,4,Si,Bachelors,Management,1,3,2-5 Miles,Pacific,0,51-55,90.9090909090909
M,M,4,Si,Bachelors,Management,1,3,0-1 Miles,Pacific,0,51-55,90.9090909090909
S,F,5,Si,Bachelors,Management,1,4,2-5 Miles,Pacific,0,46-50,90.9090909090909
S,F,0,No,Graduate Degree,Management,0,3,0-1 Miles,Pacific,1,51-55,90.9090909090909
M,F,4,Si,Bachelors,Management,1,4,0-1 Miles,Pacific,0,46-50,90.9090909090909
M,M,1,Si,Bachelors,Management,1,4,0-1 Miles,Pacific,0,51-55,90.9090909090909
M,F,1,Si,Bachelors,Management,1,4,0-1 Miles,Pacific,0,41-45,90.9090909090909
M,M,0,No,Partial College,Professional,1,2,5-10 Miles,North America,0,35-40,45.4545454545455
M,F,1,Si,Bachelors,Management,1,4,2-5 Miles,Pacific,0,51-55,90.9090909090909
S,M,1,Si,Bachelors,Management,1,0,2-5 Miles,Pacific,0,51-55,90.9090909090909
M,F,4,Si,Bachelors,Management,1,0,2-5 Miles,Pacific,0,41-45,90.9090909090909
M,M,0,Si,Graduate Degree,Management,1,4,0-1 Miles,North America,0,41-45,90.9090909090909
S,M,0,No,Bachelors,Management,1,2,0-1 Miles,North America,1,35-40,90.9090909090909
M,M,2,No,Partial High School,Skilled Manual,0,2,1-2 Miles,North America,0,51-55,63.6363636363636
M,M,2,No,High School,Professional,0,2,1-2 Miles,North America,1,51-55,45.4545454545455
M,F,2,No,High School,Professional,1,2,5-10 Miles,North America,0,51-55,45.4545454545455
M,M,2,No,High School,Professional,0,2,1-2 Miles,North America,1,46-50,45.4545454545455
M,M,2,No,High School,Professional,0,2,1-2 Miles,North America,1,46-50,45.4545454545455
M,M,2,No,Partial College,Professional,1,1,5-10 Miles,North America,0,51-55,81.8181818181818
M,F,2,No,Partial College,Professional,1,1,5-10 Miles,North America,0,51-55,81.8181818181818
M,F,2,No,Partial College,Professional,1,1,2-5 Miles,North America,1,51-55,81.8181818181818
S,F,2,No,Partial College,Professional,1,1,2-5 Miles,North America,1,51-55,81.8181818181818
M,F,2,No,High School,Professional,1,2,5-10 Miles,North America,0,51-55,45.4545454545455
M,F,2,No,High School,Professional,1,2,5-10 Miles,North America,0,51-55,45.4545454545455
M,F,2,No,High School,Professional,1,2,5-10 Miles,North America,0,51-55,45.4545454545455
M,M,2,No,High School,Professional,0,2,1-2 Miles,North America,1,46-50,45.4545454545455
M,F,3,No,Partial College,Professional,1,2,5-10 Miles,North America,1,51-55,63.6363636363636
M,F,3,No,Partial College,Professional,1,2,5-10 Miles,North America,1,51-55,63.6363636363636
M,F,1,Si,Graduate Degree,Skilled Manual,1,0,1-2 Miles,North America,1,35-40,45.4545454545455
M,M,1,Si,Graduate Degree,Skilled Manual,1,0,0-1 Miles,North America,1,35-40,45.4545454545455
M,F,1,Si,Graduate Degree,Skilled Manual,1,0,0-1 Miles,North America,1,35-40,45.4545454545455
M,M,1,No,Graduate Degree,Professional,1,0,0-1 Miles,North America,1,29-34,45.4545454545455
M,M,1,Si,Bachelors,Skilled Manual,1,0,0-1 Miles,North America,1,35-40,27.2727272727273
M,M,1,Si,Bachelors,Skilled Manual,1,1,0-1 Miles,North America,0,35-40,27.2727272727273
M,M,1,Si,Bachelors,Skilled Manual,1,1,2-5 Miles,North America,1,35-40,27.2727272727273
M,M,1,Si,Bachelors,Skilled Manual,1,1,0-1 Miles,North America,0,35-40,27.2727272727273
M,M,1,Si,Bachelors,Skilled Manual,1,1,0-1 Miles,North America,0,35-40,27.2727272727273
M,F,1,Si,Bachelors,Skilled Manual,1,1,2-5 Miles,North America,1,35-40,27.2727272727273
M,M,1,Si,Bachelors,Skilled Manual,1,1,0-1 Miles,North America,0,35-40,27.2727272727273
M,F,1,No,Graduate Degree,Professional,1,0,2-5 Miles,North America,1,35-40,45.4545454545455
M,F,1,Si,Bachelors,Skilled Manual,1,1,0-1 Miles,North America,0,35-40,45.4545454545455
S,M,2,Si,Bachelors,Skilled Manual,1,0,2-5 Miles,North America,1,35-40,45.4545454545455
M,F,2,Si,Bachelors,Skilled Manual,1,0,2-5 Miles,North America,1,41-45,45.4545454545455
M,M,2,Si,Bachelors,Skilled Manual,1,0,0-1 Miles,North America,1,35-40,45.4545454545455
M,M,2,Si,Bachelors,Skilled Manual,1,0,0-1 Miles,North America,1,29-34,45.4545454545455
M,M,3,No,Graduate Degree,Professional,1,0,2-5 Miles,North America,1,35-40,63.6363636363636
M,M,3,No,Graduate Degree,Professional,1,0,0-1 Miles,North America,1,35-40,63.6363636363636
M,F,1,No,Graduate Degree,Professional,1,0,0-1 Miles,North America,1,29-34,45.4545454545455
S,F,1,No,Graduate Degree,Professional,1,0,2-5 Miles,North America,1,35-40,45.4545454545455
M,F,2,No,Graduate Degree,Professional,1,0,2-5 Miles,North America,1,35-40,45.4545454545455
M,M,2,No,Graduate Degree,Professional,1,0,2-5 Miles,North America,1,35-40,45.4545454545455
M,F,3,No,Graduate Degree,Professional,1,0,0-1 Miles,North America,1,29-34,63.6363636363636
M,M,4,No,Graduate Degree,Professional,1,0,0-1 Miles,North America,1,35-40,63.6363636363636
M,F,4,No,Graduate Degree,Professional,1,0,2-5 Miles,North America,1,35-40,63.6363636363636
M,F,4,No,Graduate Degree,Professional,1,0,0-1 Miles,North America,1,35-40,63.6363636363636
S,M,0,No,Bachelors,Professional,1,1,2-5 Miles,North America,1,35-40,27.2727272727273
M,F,2,Si,Bachelors,Skilled Manual,1,1,2-5 Miles,North America,1,41-45,45.4545454545455
S,M,2,Si,Bachelors,Skilled Manual,1,1,2-5 Miles,North America,1,35-40,45.4545454545455
S,M,2,Si,Bachelors,Skilled Manual,1,1,2-5 Miles,North America,1,35-40,45.4545454545455
M,M,3,Si,Bachelors,Skilled Manual,1,0,2-5 Miles,North America,0,41-45,45.4545454545455
S,F,0,No,Graduate Degree,Professional,0,0,0-1 Miles,North America,0,41-45,45.4545454545455
M,M,0,No,Graduate Degree,Professional,0,0,0-1 Miles,North America,0,41-45,63.6363636363636
M,F,4,No,Graduate Degree,Professional,1,0,2-5 Miles,North America,1,41-45,63.6363636363636
M,F,4,No,Graduate Degree,Professional,1,0,0-1 Miles,North America,1,41-45,63.6363636363636
S,F,2,No,Graduate Degree,Professional,1,0,2-5 Miles,North America,1,35-40,45.4545454545455
M,M,5,Si,Graduate Degree,Professional,1,3,10+ Miles,North America,0,29-34,63.6363636363636
M,M,2,No,Graduate Degree,Professional,1,0,0-1 Miles,North America,1,35-40,72.7272727272727
M,M,3,No,Graduate Degree,Professional,1,0,0-1 Miles,North America,1,35-40,72.7272727272727
M,F,3,No,Graduate Degree,Professional,1,0,0-1 Miles,North America,1,35-40,72.7272727272727
S,F,0,No,Bachelors,Professional,1,1,2-5 Miles,North America,1,41-45,27.2727272727273
S,M,0,No,Bachelors,Professional,1,1,2-5 Miles,North America,1,41-45,27.2727272727273
S,M,0,No,Bachelors,Professional,0,1,2-5 Miles,North America,1,35-40,27.2727272727273
S,F,0,No,Bachelors,Professional,0,1,2-5 Miles,North America,1,41-45,27.2727272727273
S,F,0,No,Bachelors,Professional,0,1,2-5 Miles,North America,0,35-40,27.2727272727273
S,F,3,Si,Bachelors,Skilled Manual,1,1,2-5 Miles,North America,0,35-40,45.4545454545455
M,F,3,Si,Bachelors,Skilled Manual,1,2,2-5 Miles,North America,0,41-45,45.4545454545455
M,M,3,Si,Bachelors,Skilled Manual,0,3,10+ Miles,North America,0,35-40,45.4545454545455
M,F,0,No,Graduate Degree,Professional,1,0,2-5 Miles,North America,1,41-45,45.4545454545455
S,M,0,No,Bachelors,Professional,0,1,0-1 Miles,North America,1,35-40,27.2727272727273
S,M,4,Si,Bachelors,Skilled Manual,1,2,2-5 Miles,North America,0,41-45,45.4545454545455
S,F,4,Si,Bachelors,Skilled Manual,0,3,10+ Miles,North America,1,35-40,45.4545454545455
M,F,4,Si,Bachelors,Skilled Manual,1,3,10+ Miles,North America,0,41-45,45.4545454545455
M,M,5,Si,Bachelors,Skilled Manual,1,3,10+ Miles,North America,0,35-40,45.4545454545455
S,F,5,Si,Bachelors,Skilled Manual,1,3,5-10 Miles,North America,1,35-40,45.4545454545455
S,F,4,Si,Bachelors,Skilled Manual,0,2,0-1 Miles,North America,1,41-45,45.4545454545455
M,M,4,Si,Bachelors,Skilled Manual,1,2,2-5 Miles,North America,1,29-34,45.4545454545455
M,F,4,Si,Bachelors,Professional,1,2,2-5 Miles,North America,1,35-40,63.6363636363636
M,M,4,Si,Bachelors,Professional,1,2,0-1 Miles,North America,1,41-45,63.6363636363636
M,F,4,Si,Bachelors,Professional,1,2,0-1 Miles,North America,1,46-50,63.6363636363636
M,F,4,Si,Bachelors,Professional,1,2,2-5 Miles,North America,1,46-50,63.6363636363636
S,F,0,No,Bachelors,Professional,0,1,2-5 Miles,North America,1,41-45,63.6363636363636
S,F,0,No,Bachelors,Professional,1,1,2-5 Miles,North America,1,41-45,63.6363636363636
M,M,0,No,Bachelors,Professional,0,1,0-1 Miles,North America,0,29-34,63.6363636363636
S,F,0,No,Bachelors,Professional,1,1,2-5 Miles,North America,1,41-45,63.6363636363636
S,M,0,No,Bachelors,Professional,0,1,2-5 Miles,North America,1,35-40,63.6363636363636
S,M,4,Si,Bachelors,Professional,1,2,2-5 Miles,North America,1,35-40,63.6363636363636
S,F,3,Si,Graduate Degree,Professional,0,0,0-1 Miles,North America,1,41-45,45.4545454545455
M,F,3,Si,Graduate Degree,Professional,1,0,0-1 Miles,North America,1,41-45,45.4545454545455
M,M,1,Si,Bachelors,Skilled Manual,1,0,1-2 Miles,Europe,1,35-40,27.2727272727273
S,M,0,No,Partial High School,Manual,1,2,1-2 Miles,Europe,0,35-40,9.09090909090909
S,F,0,No,Partial High School,Manual,0,2,0-1 Miles,Europe,0,35-40,9.09090909090909
S,F,0,No,Partial High School,Manual,0,2,0-1 Miles,Europe,0,35-40,9.09090909090909
S,M,0,No,High School,Manual,0,1,1-2 Miles,Europe,1,35-40,18.1818181818182
M,F,1,Si,Bachelors,Skilled Manual,1,1,0-1 Miles,Europe,1,29-34,27.2727272727273
M,F,1,Si,Bachelors,Skilled Manual,1,1,1-2 Miles,Europe,1,35-40,27.2727272727273
M,F,1,Si,Bachelors,Skilled Manual,1,1,1-2 Miles,Europe,1,35-40,27.2727272727273
S,F,0,No,Partial High School,Manual,0,2,1-2 Miles,Europe,0,29-34,9.09090909090909
S,M,0,No,High School,Manual,0,1,1-2 Miles,Europe,1,35-40,18.1818181818182
M,F,1,Si,Bachelors,Skilled Manual,1,1,1-2 Miles,Europe,1,29-34,27.2727272727273
S,M,2,Si,Partial College,Clerical,1,0,1-2 Miles,Europe,1,35-40,27.2727272727273
M,F,0,No,Partial High School,Manual,0,2,0-1 Miles,Europe,0,35-40,9.09090909090909
S,M,0,No,Partial High School,Manual,1,2,1-2 Miles,Europe,0,29-34,9.09090909090909
M,F,0,No,Partial High School,Manual,0,2,0-1 Miles,Europe,1,35-40,9.09090909090909
S,F,0,No,Partial High School,Manual,0,2,0-1 Miles,Europe,0,29-34,9.09090909090909
S,M,0,No,High School,Manual,1,1,2-5 Miles,Europe,1,35-40,18.1818181818182
S,M,0,No,High School,Manual,0,1,2-5 Miles,Europe,1,35-40,18.1818181818182
M,M,0,No,High School,Manual,0,1,1-2 Miles,Europe,1,35-40,18.1818181818182
S,M,2,Si,Partial College,Clerical,1,0,1-2 Miles,Europe,1,35-40,27.2727272727273
S,M,0,No,High School,Manual,1,1,2-5 Miles,Europe,1,35-40,18.1818181818182
S,F,2,Si,Partial College,Clerical,1,1,1-2 Miles,Europe,1,35-40,27.2727272727273
M,F,2,Si,Partial College,Clerical,0,1,0-1 Miles,Europe,0,35-40,27.2727272727273
S,M,2,Si,Partial College,Clerical,1,2,1-2 Miles,Europe,0,29-34,27.2727272727273
S,F,3,Si,Partial College,Clerical,1,1,0-1 Miles,North America,0,35-40,27.2727272727273
S,M,3,Si,Partial College,Clerical,1,2,1-2 Miles,North America,1,29-34,27.2727272727273
S,F,0,No,Graduate Degree,Skilled Manual,1,0,1-2 Miles,North America,1,35-40,45.4545454545455
M,F,0,No,Graduate Degree,Skilled Manual,1,0,1-2 Miles,North America,1,35-40,45.4545454545455
M,M,0,No,Graduate Degree,Skilled Manual,1,0,1-2 Miles,North America,1,35-40,45.4545454545455
M,F,2,No,Partial College,Clerical,0,2,0-1 Miles,North America,0,65+,9.09090909090909
M,F,1,No,Bachelors,Skilled Manual,1,1,2-5 Miles,North America,0,65+,18.1818181818182
M,F,1,No,Graduate Degree,Skilled Manual,1,1,1-2 Miles,North America,0,65+,27.2727272727273
M,M,0,No,Graduate Degree,Skilled Manual,1,0,1-2 Miles,North America,1,35-40,45.4545454545455
M,M,0,No,Graduate Degree,Skilled Manual,1,0,1-2 Miles,North America,1,35-40,45.4545454545455
M,M,0,No,Graduate Degree,Skilled Manual,1,0,1-2 Miles,North America,1,35-40,45.4545454545455
M,F,2,No,High School,Manual,0,2,1-2 Miles,North America,0,56-65,9.09090909090909
M,M,2,No,High School,Manual,0,2,1-2 Miles,North America,0,51-55,9.09090909090909
M,M,2,No,High School,Manual,0,2,1-2 Miles,North America,0,56-65,9.09090909090909
M,M,2,No,High School,Manual,0,2,1-2 Miles,North America,0,56-65,9.09090909090909
M,M,2,No,High School,Manual,0,2,0-1 Miles,North America,0,56-65,9.09090909090909
M,M,3,No,Partial High School,Clerical,0,2,1-2 Miles,North America,0,46-50,9.09090909090909
M,F,1,No,High School,Clerical,1,1,1-2 Miles,North America,1,51-55,18.1818181818182
M,F,1,No,High School,Clerical,1,1,1-2 Miles,North America,1,51-55,18.1818181818182
M,F,2,No,High School,Skilled Manual,1,2,1-2 Miles,North America,0,51-55,18.1818181818182
M,F,1,No,Partial College,Clerical,1,1,1-2 Miles,North America,1,41-45,27.2727272727273
M,F,2,No,High School,Skilled Manual,0,2,0-1 Miles,North America,0,46-50,18.1818181818182
M,F,2,No,High School,Skilled Manual,1,2,1-2 Miles,North America,0,51-55,18.1818181818182
M,M,2,No,High School,Skilled Manual,1,2,1-2 Miles,North America,0,46-50,18.1818181818182
M,F,2,No,High School,Skilled Manual,1,2,1-2 Miles,North America,0,51-55,18.1818181818182
M,F,2,No,High School,Skilled Manual,0,2,0-1 Miles,North America,0,51-55,18.1818181818182
M,F,2,No,High School,Skilled Manual,0,2,0-1 Miles,North America,0,51-55,18.1818181818182
M,F,2,No,High School,Skilled Manual,1,2,1-2 Miles,North America,0,51-55,18.1818181818182
M,F,2,No,High School,Skilled Manual,0,2,0-1 Miles,North America,0,51-55,18.1818181818182
M,M,2,No,High School,Skilled Manual,0,2,0-1 Miles,North America,0,35-40,18.1818181818182
M,M,2,No,High School,Skilled Manual,1,2,1-2 Miles,North America,0,51-55,18.1818181818182
M,M,2,No,High School,Skilled Manual,1,2,1-2 Miles,North America,0,35-40,18.1818181818182
M,F,1,No,Partial College,Clerical,1,1,0-1 Miles,North America,0,51-55,27.2727272727273
S,M,2,No,Partial College,Clerical,0,1,0-1 Miles,North America,0,41-45,27.2727272727273
S,M,2,No,Partial College,Clerical,0,1,0-1 Miles,North America,0,51-55,27.2727272727273
M,M,2,No,Partial College,Clerical,1,1,0-1 Miles,North America,0,51-55,27.2727272727273
M,M,5,No,Graduate Degree,Skilled Manual,0,0,0-1 Miles,North America,0,51-55,72.7272727272727
S,F,5,No,Graduate Degree,Skilled Manual,1,0,1-2 Miles,North America,0,46-50,72.7272727272727
M,F,5,No,Graduate Degree,Skilled Manual,1,0,1-2 Miles,North America,0,51-55,72.7272727272727
M,M,5,No,Graduate Degree,Skilled Manual,0,0,0-1 Miles,North America,0,51-55,72.7272727272727
M,M,4,No,Graduate Degree,Skilled Manual,0,0,0-1 Miles,North America,0,51-55,72.7272727272727
S,F,4,No,Graduate Degree,Skilled Manual,1,0,1-2 Miles,North America,0,51-55,72.7272727272727
S,M,2,No,Partial College,Clerical,0,1,1-2 Miles,North America,1,35-40,27.2727272727273
M,M,4,No,Graduate Degree,Skilled Manual,1,0,1-2 Miles,North America,0,46-50,45.4545454545455
S,F,4,No,Graduate Degree,Skilled Manual,1,0,1-2 Miles,North America,0,46-50,45.4545454545455
S,M,0,No,Graduate Degree,Skilled Manual,0,0,0-1 Miles,North America,0,35-40,45.4545454545455
S,F,0,No,Graduate Degree,Skilled Manual,1,0,1-2 Miles,North America,1,35-40,45.4545454545455
S,F,0,No,Graduate Degree,Skilled Manual,1,0,1-2 Miles,North America,1,35-40,27.2727272727273
M,M,0,No,Graduate Degree,Skilled Manual,1,0,1-2 Miles,North America,1,35-40,27.2727272727273
S,F,1,No,Graduate Degree,Skilled Manual,1,0,1-2 Miles,North America,0,35-40,27.2727272727273
S,M,1,No,Graduate Degree,Skilled Manual,1,0,1-2 Miles,North America,0,35-40,45.4545454545455
S,M,1,No,Graduate Degree,Manual,1,0,0-1 Miles,Europe,0,35-40,9.09090909090909
S,F,1,No,Graduate Degree,Manual,0,0,0-1 Miles,Europe,0,46-50,9.09090909090909
S,M,1,No,Graduate Degree,Manual,0,0,0-1 Miles,Europe,0,41-45,9.09090909090909
S,M,1,No,Graduate Degree,Manual,0,0,0-1 Miles,Europe,0,46-50,9.09090909090909
M,M,1,No,Graduate Degree,Manual,1,0,0-1 Miles,Europe,0,46-50,9.09090909090909
S,F,1,No,Graduate Degree,Clerical,1,0,0-1 Miles,Europe,0,46-50,9.09090909090909
M,M,1,No,Graduate Degree,Clerical,1,0,0-1 Miles,Europe,0,41-45,9.09090909090909
S,F,1,No,Bachelors,Manual,1,0,0-1 Miles,Europe,0,46-50,9.09090909090909
M,F,1,No,Graduate Degree,Clerical,1,0,0-1 Miles,Europe,0,46-50,9.09090909090909
M,M,1,No,Graduate Degree,Clerical,1,0,0-1 Miles,Europe,0,65+,9.09090909090909
M,F,1,No,Graduate Degree,Clerical,1,0,0-1 Miles,Europe,0,65+,9.09090909090909
M,M,1,No,Graduate Degree,Clerical,1,0,0-1 Miles,Europe,0,65+,9.09090909090909
M,M,1,No,Bachelors,Clerical,1,0,0-1 Miles,Europe,0,51-55,9.09090909090909
M,M,1,No,Bachelors,Clerical,1,0,0-1 Miles,Europe,0,51-55,9.09090909090909
M,F,2,No,Partial College,Manual,1,1,0-1 Miles,Europe,1,51-55,9.09090909090909
M,F,2,No,Partial College,Manual,1,1,0-1 Miles,Europe,1,46-50,9.09090909090909
S,F,2,No,Partial College,Manual,0,1,0-1 Miles,Europe,1,46-50,9.09090909090909
S,F,1,No,Graduate Degree,Clerical,0,0,0-1 Miles,Europe,0,65+,9.09090909090909
S,M,1,No,Bachelors,Clerical,1,0,0-1 Miles,Europe,1,65+,9.09090909090909
S,F,1,No,Bachelors,Clerical,1,0,0-1 Miles,Europe,1,56-65,18.1818181818182
M,F,2,No,Partial College,Manual,1,1,0-1 Miles,Europe,0,65+,9.09090909090909
M,F,1,No,Partial College,Manual,1,0,0-1 Miles,Europe,1,65+,9.09090909090909
S,M,0,No,Partial College,Manual,1,1,1-2 Miles,Pacific,1,29-34,9.09090909090909
M,M,0,No,Partial College,Manual,0,1,0-1 Miles,Pacific,1,29-34,9.09090909090909
M,M,0,No,Partial College,Manual,1,1,2-5 Miles,Pacific,1,29-34,9.09090909090909
M,M,0,No,Partial College,Manual,1,1,2-5 Miles,Pacific,1,29-34,9.09090909090909
M,M,0,No,Partial College,Manual,1,1,2-5 Miles,Pacific,0,29-34,9.09090909090909
S,F,0,No,Partial College,Manual,0,1,0-1 Miles,Pacific,1,29-34,9.09090909090909
M,M,0,No,Partial College,Manual,1,1,2-5 Miles,Pacific,0,29-34,9.09090909090909
M,M,0,No,High School,Manual,1,2,0-1 Miles,Pacific,1,29-34,9.09090909090909
M,F,1,Si,High School,Manual,1,0,2-5 Miles,Pacific,1,29-34,9.09090909090909
S,M,1,Si,High School,Manual,0,0,1-2 Miles,Pacific,1,29-34,9.09090909090909
S,F,0,No,Bachelors,Clerical,1,0,0-1 Miles,Pacific,1,29-34,9.09090909090909
S,F,0,No,Bachelors,Clerical,0,0,0-1 Miles,Pacific,1,29-34,9.09090909090909
S,F,0,No,Bachelors,Clerical,0,0,0-1 Miles,Pacific,1,29-34,9.09090909090909
M,M,0,No,Bachelors,Clerical,0,0,0-1 Miles,Pacific,1,29-34,9.09090909090909
M,F,1,No,Partial College,Manual,1,0,1-2 Miles,Europe,0,65+,9.09090909090909
S,M,2,No,Partial College,Manual,0,1,1-2 Miles,Europe,1,51-55,9.09090909090909
S,F,1,No,Bachelors,Clerical,0,0,0-1 Miles,Europe,1,65+,18.1818181818182
M,F,1,No,Bachelors,Clerical,0,0,0-1 Miles,Europe,1,65+,18.1818181818182
M,M,1,Si,Partial College,Manual,1,0,1-2 Miles,Europe,0,41-45,9.09090909090909
M,M,4,No,Graduate Degree,Clerical,1,0,0-1 Miles,Europe,1,46-50,18.1818181818182
S,M,1,Si,High School,Manual,0,1,2-5 Miles,Europe,0,46-50,9.09090909090909
S,M,1,Si,High School,Manual,0,1,1-2 Miles,Europe,0,46-50,9.09090909090909
S,F,2,No,Partial College,Manual,0,1,2-5 Miles,Europe,0,46-50,9.09090909090909
M,F,3,No,Graduate Degree,Clerical,0,0,0-1 Miles,Europe,1,41-45,18.1818181818182
S,M,2,No,Partial College,Manual,0,1,0-1 Miles,Europe,1,41-45,9.09090909090909
S,M,2,No,Partial College,Manual,1,1,2-5 Miles,Europe,0,46-50,9.09090909090909
S,M,2,No,Partial College,Manual,0,1,2-5 Miles,Europe,0,51-55,9.09090909090909
M,F,3,No,Graduate Degree,Clerical,1,0,0-1 Miles,Europe,1,41-45,18.1818181818182
S,M,3,No,Bachelors,Clerical,0,0,0-1 Miles,Europe,1,46-50,18.1818181818182
S,F,3,No,Bachelors,Clerical,0,0,0-1 Miles,Europe,1,46-50,18.1818181818182
M,M,3,No,Bachelors,Clerical,1,0,0-1 Miles,Europe,1,41-45,18.1818181818182
S,M,3,No,Graduate Degree,Clerical,0,0,0-1 Miles,Europe,1,46-50,27.2727272727273
S,F,1,Si,High School,Manual,0,1,1-2 Miles,Europe,0,29-34,9.09090909090909
S,F,2,Si,High School,Manual,1,0,0-1 Miles,Europe,1,35-40,9.09090909090909
S,M,0,No,Partial College,Manual,0,1,2-5 Miles,Europe,1,35-40,9.09090909090909
S,M,0,No,Partial College,Manual,0,1,0-1 Miles,Europe,1,35-40,9.09090909090909
S,M,2,Si,High School,Manual,1,0,0-1 Miles,Europe,0,35-40,9.09090909090909
S,M,0,No,Bachelors,Clerical,1,0,0-1 Miles,Europe,1,35-40,18.1818181818182
S,F,0,No,Graduate Degree,Clerical,0,0,0-1 Miles,Europe,1,35-40,27.2727272727273
S,M,0,No,Partial College,Manual,0,1,2-5 Miles,Europe,1,35-40,9.09090909090909
M,F,0,No,Bachelors,Clerical,1,0,0-1 Miles,Europe,1,41-45,18.1818181818182
S,F,0,No,Bachelors,Clerical,0,0,1-2 Miles,Europe,1,35-40,18.1818181818182
S,F,1,No,Bachelors,Clerical,1,0,0-1 Miles,Europe,1,29-34,18.1818181818182
S,F,1,No,Bachelors,Clerical,1,0,0-1 Miles,Europe,1,35-40,18.1818181818182
S,M,1,No,Bachelors,Clerical,0,0,0-1 Miles,Europe,1,35-40,18.1818181818182
S,M,0,No,Graduate Degree,Clerical,0,0,0-1 Miles,Europe,1,41-45,27.2727272727273
S,F,0,No,Graduate Degree,Clerical,0,0,0-1 Miles,Europe,1,35-40,27.2727272727273
S,M,0,No,Graduate Degree,Clerical,0,0,0-1 Miles,Europe,1,35-40,27.2727272727273
M,F,0,No,Graduate Degree,Clerical,1,0,0-1 Miles,Europe,1,29-34,27.2727272727273
S,F,0,No,Graduate Degree,Clerical,1,0,0-1 Miles,Europe,1,29-34,27.2727272727273
M,F,0,No,Graduate Degree,Clerical,1,0,0-1 Miles,Europe,1,35-40,27.2727272727273
M,F,0,No,Graduate Degree,Skilled Manual,1,0,0-1 Miles,Europe,1,35-40,45.4545454545455
S,F,0,No,Graduate Degree,Skilled Manual,0,0,0-1 Miles,Europe,1,35-40,45.4545454545455
S,F,0,No,Graduate Degree,Skilled Manual,1,0,0-1 Miles,Europe,1,35-40,45.4545454545455
M,M,3,No,Bachelors,Clerical,1,2,0-1 Miles,Europe,0,65+,9.09090909090909
M,F,3,No,Partial College,Manual,0,2,0-1 Miles,Europe,0,51-55,9.09090909090909
M,M,3,No,Partial College,Manual,1,2,0-1 Miles,Europe,0,56-65,9.09090909090909
S,F,2,No,Partial College,Manual,0,1,0-1 Miles,Europe,1,51-55,9.09090909090909
M,F,2,Si,High School,Manual,0,1,0-1 Miles,Europe,0,41-45,9.09090909090909
S,F,1,Si,Partial College,Manual,0,0,0-1 Miles,Europe,1,41-45,9.09090909090909
M,M,1,Si,Partial College,Manual,1,0,2-5 Miles,Europe,1,41-45,9.09090909090909
S,M,1,Si,Partial College,Manual,1,0,2-5 Miles,Europe,1,41-45,9.09090909090909
S,M,1,Si,Partial College,Manual,1,1,2-5 Miles,Europe,1,35-40,9.09090909090909
S,F,1,Si,Partial College,Manual,0,1,0-1 Miles,Europe,1,41-45,9.09090909090909
M,M,1,Si,Bachelors,Clerical,1,0,2-5 Miles,Europe,1,41-45,18.1818181818182
M,M,0,No,Graduate Degree,Clerical,1,0,0-1 Miles,Europe,1,41-45,27.2727272727273
S,M,0,No,Graduate Degree,Clerical,1,0,0-1 Miles,Europe,1,41-45,27.2727272727273
S,M,1,Si,Partial College,Manual,0,1,1-2 Miles,Europe,1,41-45,9.09090909090909
S,M,1,Si,Partial College,Manual,1,1,2-5 Miles,Europe,1,41-45,9.09090909090909
M,M,1,Si,Partial College,Manual,1,1,2-5 Miles,Europe,1,41-45,9.09090909090909
M,F,1,Si,Partial College,Manual,1,1,2-5 Miles,Europe,1,41-45,9.09090909090909
M,F,1,Si,Bachelors,Clerical,1,0,2-5 Miles,Europe,1,41-45,18.1818181818182
S,M,1,Si,Bachelors,Clerical,1,0,1-2 Miles,Europe,1,41-45,18.1818181818182
S,F,1,Si,Bachelors,Clerical,0,0,0-1 Miles,Europe,1,41-45,18.1818181818182
S,M,1,Si,Bachelors,Clerical,1,1,1-2 Miles,Europe,1,41-45,18.1818181818182
S,F,5,Si,Partial High School,Manual,1,2,0-1 Miles,Europe,0,35-40,9.09090909090909
S,F,5,Si,Partial High School,Manual,1,2,0-1 Miles,Europe,0,35-40,9.09090909090909
S,M,2,Si,High School,Manual,0,0,0-1 Miles,Europe,0,35-40,9.09090909090909
S,M,2,Si,High School,Manual,1,0,0-1 Miles,Europe,1,41-45,9.09090909090909
S,F,1,Si,Bachelors,Clerical,1,1,1-2 Miles,Europe,1,41-45,18.1818181818182
M,F,1,Si,Bachelors,Skilled Manual,1,1,2-5 Miles,Europe,1,41-45,18.1818181818182
M,F,1,Si,Bachelors,Skilled Manual,1,1,0-1 Miles,Europe,1,41-45,18.1818181818182
M,M,1,Si,Bachelors,Skilled Manual,1,1,2-5 Miles,Europe,1,35-40,18.1818181818182
S,F,4,Si,Partial High School,Manual,1,2,0-1 Miles,Europe,0,29-34,9.09090909090909
S,M,4,Si,Partial High School,Manual,1,2,0-1 Miles,Europe,0,29-34,9.09090909090909
S,F,2,Si,High School,Manual,1,0,0-1 Miles,Europe,1,41-45,9.09090909090909
S,M,2,Si,High School,Manual,1,1,0-1 Miles,Europe,0,41-45,9.09090909090909
S,M,2,Si,High School,Manual,1,1,0-1 Miles,Europe,1,41-45,9.09090909090909
S,M,2,Si,High School,Manual,1,1,0-1 Miles,Europe,1,35-40,9.09090909090909
M,M,1,Si,Bachelors,Skilled Manual,1,2,0-1 Miles,Europe,0,41-45,18.1818181818182
M,M,1,Si,Bachelors,Skilled Manual,1,2,0-1 Miles,Europe,0,41-45,18.1818181818182
S,F,5,Si,Partial High School,Manual,0,1,0-1 Miles,Europe,1,41-45,9.09090909090909
S,M,2,Si,High School,Manual,1,2,0-1 Miles,Europe,0,29-34,9.09090909090909
S,M,3,Si,High School,Manual,0,0,0-1 Miles,Europe,0,41-45,9.09090909090909
S,M,3,Si,High School,Manual,1,0,0-1 Miles,Europe,0,46-50,9.09090909090909
S,M,3,Si,High School,Manual,0,0,0-1 Miles,Europe,0,46-50,9.09090909090909
S,M,3,Si,High School,Manual,1,1,0-1 Miles,Europe,1,41-45,9.09090909090909
M,F,1,Si,Bachelors,Skilled Manual,1,2,0-1 Miles,Europe,0,46-50,18.1818181818182
S,M,3,Si,Partial High School,Manual,1,2,0-1 Miles,Europe,0,46-50,9.09090909090909
S,M,3,Si,High School,Manual,0,2,0-1 Miles,Europe,0,46-50,9.09090909090909
M,F,4,No,High School,Manual,0,2,0-1 Miles,Europe,0,65+,9.09090909090909
S,M,0,No,Bachelors,Professional,0,0,0-1 Miles,Europe,1,35-40,27.2727272727273
S,M,0,No,Bachelors,Professional,1,0,0-1 Miles,Europe,1,41-45,27.2727272727273
S,F,0,No,Bachelors,Professional,1,0,0-1 Miles,Europe,1,41-45,27.2727272727273
M,F,0,No,Bachelors,Professional,1,0,0-1 Miles,Europe,1,35-40,27.2727272727273
S,M,0,No,Graduate Degree,Skilled Manual,0,0,0-1 Miles,Europe,1,41-45,45.4545454545455
M,F,1,No,Partial College,Clerical,0,1,0-1 Miles,Europe,1,35-40,18.1818181818182
S,F,2,Si,Partial College,Clerical,1,1,0-1 Miles,Europe,1,41-45,18.1818181818182
S,M,2,Si,Partial College,Clerical,0,1,0-1 Miles,Europe,0,35-40,18.1818181818182
M,M,1,No,Bachelors,Skilled Manual,1,0,0-1 Miles,Europe,1,41-45,27.2727272727273
M,F,1,No,Bachelors,Skilled Manual,1,0,0-1 Miles,Europe,1,35-40,27.2727272727273
M,F,1,No,Bachelors,Skilled Manual,1,0,0-1 Miles,Europe,1,41-45,27.2727272727273
S,F,2,Si,Partial College,Clerical,1,2,0-1 Miles,Europe,0,41-45,18.1818181818182
S,F,2,Si,Partial College,Clerical,1,2,0-1 Miles,Europe,0,41-45,18.1818181818182
S,M,2,Si,Partial College,Clerical,1,2,0-1 Miles,Europe,0,46-50,18.1818181818182
S,M,0,No,High School,Manual,1,1,2-5 Miles,Europe,0,29-34,9.09090909090909
S,F,4,Si,High School,Manual,1,2,0-1 Miles,Europe,1,29-34,9.09090909090909
S,F,3,Si,Partial College,Clerical,0,1,0-1 Miles,Europe,0,29-34,18.1818181818182
S,M,3,Si,Partial College,Clerical,1,1,0-1 Miles,Europe,1,29-34,18.1818181818182
S,F,3,Si,Partial College,Clerical,0,2,0-1 Miles,Europe,1,29-34,18.1818181818182
M,M,1,No,Bachelors,Skilled Manual,1,0,0-1 Miles,Europe,1,46-50,27.2727272727273
M,M,1,No,Bachelors,Skilled Manual,1,0,0-1 Miles,Europe,1,46-50,27.2727272727273
S,F,1,No,Partial College,Clerical,1,1,2-5 Miles,Europe,0,41-45,18.1818181818182
S,M,1,No,Partial College,Clerical,0,1,0-1 Miles,Europe,1,35-40,18.1818181818182
M,M,1,No,Bachelors,Skilled Manual,1,1,0-1 Miles,Europe,1,41-45,27.2727272727273
M,F,1,No,Bachelors,Skilled Manual,1,1,0-1 Miles,Europe,1,46-50,27.2727272727273
S,M,4,Si,Partial College,Clerical,1,2,0-1 Miles,Europe,1,29-34,18.1818181818182
S,M,4,Si,Partial College,Clerical,1,3,0-1 Miles,Europe,1,29-34,18.1818181818182
S,F,0,No,High School,Manual,0,1,2-5 Miles,Europe,0,29-34,9.09090909090909
S,F,0,No,High School,Manual,1,1,2-5 Miles,Europe,0,29-34,9.09090909090909
S,M,0,No,Partial High School,Manual,0,2,0-1 Miles,Europe,0,29-34,9.09090909090909
S,F,0,No,High School,Manual,0,1,2-5 Miles,Europe,0,35-40,9.09090909090909
S,F,0,No,High School,Manual,1,1,2-5 Miles,Europe,0,29-34,9.09090909090909
S,M,0,No,Partial College,Clerical,0,1,2-5 Miles,Europe,0,29-34,18.1818181818182
M,M,0,No,Partial High School,Manual,0,2,0-1 Miles,Europe,0,35-40,9.09090909090909
S,F,0,No,Partial College,Clerical,1,1,2-5 Miles,Europe,0,35-40,18.1818181818182
M,F,1,Si,Bachelors,Skilled Manual,1,0,1-2 Miles,Europe,1,29-34,27.2727272727273
M,F,1,Si,Bachelors,Skilled Manual,1,0,0-1 Miles,Europe,1,29-34,27.2727272727273
S,M,0,No,Partial High School,Manual,0,2,1-2 Miles,Europe,0,35-40,9.09090909090909
S,F,0,No,Partial High School,Manual,1,2,1-2 Miles,Europe,0,35-40,9.09090909090909
S,M,0,No,Partial High School,Manual,0,2,0-1 Miles,Europe,0,29-34,9.09090909090909
S,F,0,No,Partial High School,Manual,0,2,0-1 Miles,Europe,0,35-40,9.09090909090909
S,F,0,No,Partial College,Clerical,0,1,2-5 Miles,Europe,1,35-40,18.1818181818182
S,F,0,No,Partial College,Clerical,1,1,2-5 Miles,Europe,0,29-34,18.1818181818182
S,M,0,No,Graduate Degree,Skilled Manual,1,0,1-2 Miles,North America,1,35-40,27.2727272727273
M,F,1,No,Graduate Degree,Skilled Manual,1,0,1-2 Miles,North America,0,35-40,45.4545454545455
M,F,1,No,Graduate Degree,Skilled Manual,1,0,1-2 Miles,North America,0,29-34,45.4545454545455
M,M,4,Si,High School,Skilled Manual,1,3,10+ Miles,North America,0,29-34,27.2727272727273
S,M,1,No,Graduate Degree,Skilled Manual,1,0,1-2 Miles,North America,0,35-40,63.6363636363636
M,F,1,No,Graduate Degree,Skilled Manual,1,0,0-1 Miles,North America,0,35-40,63.6363636363636
M,F,1,No,Graduate Degree,Skilled Manual,1,0,0-1 Miles,North America,0,35-40,63.6363636363636
M,M,1,No,Bachelors,Manual,1,0,0-1 Miles,Europe,0,41-45,9.09090909090909
S,M,1,No,Graduate Degree,Clerical,1,0,0-1 Miles,Europe,0,46-50,9.09090909090909
S,F,1,No,Graduate Degree,Clerical,0,0,0-1 Miles,Europe,0,46-50,9.09090909090909
M,F,1,No,Graduate Degree,Clerical,0,0,0-1 Miles,Europe,0,65+,18.1818181818182
M,M,1,No,Bachelors,Manual,0,0,0-1 Miles,Europe,0,35-40,9.09090909090909
M,M,1,No,Bachelors,Manual,1,0,0-1 Miles,Europe,0,51-55,9.09090909090909
S,M,1,No,Bachelors,Manual,1,0,0-1 Miles,Europe,0,51-55,9.09090909090909
S,M,1,No,Partial College,Manual,0,0,0-1 Miles,Europe,0,51-55,9.09090909090909
M,M,1,No,Partial College,Manual,1,0,0-1 Miles,Europe,0,46-50,9.09090909090909
S,F,1,No,Partial College,Manual,1,0,0-1 Miles,Europe,0,46-50,9.09090909090909
S,F,1,No,Partial College,Manual,1,0,0-1 Miles,Europe,0,46-50,9.09090909090909
S,F,1,No,Partial College,Manual,0,0,0-1 Miles,Europe,0,51-55,9.09090909090909
S,F,2,No,Partial College,Manual,1,0,0-1 Miles,Europe,0,51-55,9.09090909090909
S,M,2,No,Partial College,Manual,0,0,0-1 Miles,Europe,0,51-55,9.09090909090909
M,F,1,No,Bachelors,Clerical,1,0,0-1 Miles,Europe,0,46-50,9.09090909090909
S,F,1,No,Bachelors,Clerical,0,0,0-1 Miles,Europe,0,51-55,9.09090909090909
S,M,2,No,Partial College,Manual,1,1,0-1 Miles,Europe,1,51-55,9.09090909090909
M,M,1,No,Graduate Degree,Clerical,1,0,0-1 Miles,Europe,0,65+,9.09090909090909
S,F,1,No,Graduate Degree,Clerical,1,0,0-1 Miles,Europe,0,65+,9.09090909090909
M,M,1,No,Graduate Degree,Clerical,1,0,0-1 Miles,Europe,0,65+,18.1818181818182
S,M,1,No,Bachelors,Clerical,1,0,0-1 Miles,Europe,1,65+,18.1818181818182
M,M,0,No,Partial College,Manual,1,1,2-5 Miles,Pacific,1,29-34,9.09090909090909
M,F,0,No,Partial College,Manual,1,1,2-5 Miles,Pacific,1,29-34,9.09090909090909
S,M,0,No,Partial College,Manual,0,1,0-1 Miles,Pacific,1,29-34,9.09090909090909
M,M,0,No,Partial College,Manual,0,1,0-1 Miles,Pacific,0,29-34,9.09090909090909
S,M,0,No,Bachelors,Clerical,0,0,0-1 Miles,Pacific,1,29-34,9.09090909090909
S,M,0,No,Bachelors,Clerical,0,0,0-1 Miles,Pacific,1,29-34,9.09090909090909
M,M,0,No,Bachelors,Clerical,1,0,0-1 Miles,Pacific,1,29-34,9.09090909090909
S,M,0,No,High School,Manual,0,2,0-1 Miles,Pacific,1,29-34,9.09090909090909
S,F,1,Si,High School,Manual,0,0,1-2 Miles,Pacific,1,29-34,9.09090909090909
S,F,1,Si,High School,Manual,0,0,1-2 Miles,Pacific,1,29-34,9.09090909090909
M,F,0,No,Bachelors,Clerical,0,0,0-1 Miles,Pacific,1,29-34,9.09090909090909
S,F,0,No,Bachelors,Clerical,0,0,0-1 Miles,Pacific,1,29-34,9.09090909090909
S,M,0,No,Partial College,Manual,1,0,1-2 Miles,Pacific,1,29-34,9.09090909090909
S,F,1,Si,Partial College,Manual,1,0,1-2 Miles,Europe,0,46-50,9.09090909090909
S,M,4,No,Graduate Degree,Clerical,0,0,0-1 Miles,Europe,1,46-50,18.1818181818182
M,M,3,No,Graduate Degree,Clerical,0,0,0-1 Miles,Europe,1,41-45,18.1818181818182
S,F,1,Si,Partial College,Manual,0,0,0-1 Miles,Europe,1,41-45,9.09090909090909
S,F,1,Si,Partial College,Manual,1,0,1-2 Miles,Europe,0,46-50,9.09090909090909
S,F,1,Si,Partial College,Manual,1,0,1-2 Miles,Europe,0,46-50,9.09090909090909
M,M,2,No,Partial College,Manual,0,1,0-1 Miles,Europe,1,46-50,9.09090909090909
S,M,1,No,Graduate Degree,Clerical,0,0,0-1 Miles,Europe,1,46-50,18.1818181818182
S,F,3,No,Graduate Degree,Clerical,1,0,0-1 Miles,Europe,1,46-50,18.1818181818182
S,M,3,No,Bachelors,Clerical,0,0,0-1 Miles,Europe,1,46-50,18.1818181818182
M,F,3,No,Bachelors,Clerical,0,0,0-1 Miles,Europe,1,46-50,18.1818181818182
M,M,3,No,Graduate Degree,Clerical,1,0,0-1 Miles,Europe,1,41-45,27.2727272727273
M,M,0,No,Bachelors,Clerical,1,0,0-1 Miles,Europe,1,41-45,18.1818181818182
M,F,0,No,Bachelors,Clerical,1,0,0-1 Miles,Europe,1,41-45,18.1818181818182
S,M,0,No,Bachelors,Clerical,0,0,0-1 Miles,Europe,1,46-50,18.1818181818182
M,M,3,No,Graduate Degree,Clerical,0,0,0-1 Miles,Europe,1,46-50,27.2727272727273
S,M,1,No,Bachelors,Clerical,1,0,0-1 Miles,Europe,1,35-40,18.1818181818182
M,F,1,No,Bachelors,Clerical,0,0,0-1 Miles,Europe,1,51-55,18.1818181818182
S,F,2,Si,High School,Manual,1,0,0-1 Miles,Europe,1,29-34,9.09090909090909
S,F,2,Si,High School,Manual,1,0,0-1 Miles,Europe,1,29-34,9.09090909090909
S,M,0,No,Partial College,Manual,1,1,2-5 Miles,Europe,1,35-40,9.09090909090909
S,M,0,No,Partial College,Manual,0,1,1-2 Miles,Europe,1,35-40,9.09090909090909
S,M,0,No,Partial College,Manual,1,1,2-5 Miles,Europe,1,29-34,9.09090909090909
S,F,0,No,Partial College,Manual,0,1,1-2 Miles,Europe,1,35-40,9.09090909090909
S,M,2,Si,High School,Manual,1,0,0-1 Miles,Europe,1,35-40,9.09090909090909
M,M,0,No,Bachelors,Clerical,1,0,0-1 Miles,Europe,1,35-40,18.1818181818182
M,M,0,No,Bachelors,Clerical,1,0,0-1 Miles,Europe,1,35-40,18.1818181818182
M,M,0,No,Graduate Degree,Clerical,1,0,0-1 Miles,Europe,1,35-40,27.2727272727273
S,M,0,No,Partial College,Manual,0,1,2-5 Miles,Europe,1,35-40,9.09090909090909
S,M,0,No,Partial College,Manual,0,1,2-5 Miles,Europe,1,35-40,9.09090909090909
S,M,0,No,Bachelors,Clerical,1,0,0-1 Miles,Europe,1,29-34,18.1818181818182
S,F,0,No,Bachelors,Clerical,0,0,0-1 Miles,Europe,1,35-40,18.1818181818182
S,M,0,No,Graduate Degree,Clerical,1,0,0-1 Miles,Europe,1,35-40,27.2727272727273
M,M,0,No,Graduate Degree,Clerical,1,0,0-1 Miles,Europe,1,29-34,27.2727272727273
M,F,0,No,Graduate Degree,Clerical,1,0,0-1 Miles,Europe,1,35-40,27.2727272727273
S,F,0,No,Graduate Degree,Skilled Manual,0,0,0-1 Miles,Europe,1,41-45,45.4545454545455
S,F,0,No,Graduate Degree,Skilled Manual,0,0,0-1 Miles,Europe,1,41-45,45.4545454545455
M,M,0,No,Graduate Degree,Skilled Manual,1,0,0-1 Miles,Europe,1,29-34,45.4545454545455
M,M,3,No,Partial College,Manual,0,2,0-1 Miles,Europe,0,56-65,9.09090909090909
S,M,3,No,Partial College,Manual,0,2,0-1 Miles,Europe,1,56-65,9.09090909090909
M,F,3,No,High School,Manual,0,2,0-1 Miles,Europe,0,56-65,9.09090909090909
S,F,3,Si,High School,Manual,1,0,0-1 Miles,Europe,0,41-45,9.09090909090909
S,M,3,Si,High School,Manual,1,0,0-1 Miles,Europe,1,41-45,9.09090909090909
S,F,1,Si,Partial College,Manual,0,0,0-1 Miles,Europe,1,35-40,9.09090909090909
M,M,1,Si,Partial College,Manual,1,1,2-5 Miles,Europe,1,41-45,9.09090909090909
M,M,1,No,Graduate Degree,Clerical,1,0,0-1 Miles,Europe,0,65+,27.2727272727273
M,M,1,No,Bachelors,Clerical,1,0,1-2 Miles,Europe,1,35-40,18.1818181818182
S,M,1,No,Bachelors,Clerical,0,0,0-1 Miles,Europe,1,41-45,18.1818181818182
M,F,0,No,Graduate Degree,Clerical,1,0,0-1 Miles,Europe,1,41-45,27.2727272727273
S,F,0,No,Graduate Degree,Clerical,1,0,0-1 Miles,Europe,1,41-45,27.2727272727273
S,F,0,No,Graduate Degree,Clerical,1,0,0-1 Miles,Europe,1,41-45,27.2727272727273
S,F,0,No,Graduate Degree,Clerical,0,0,0-1 Miles,Europe,1,41-45,27.2727272727273
S,F,0,No,Bachelors,Clerical,0,0,0-1 Miles,Europe,1,35-40,27.2727272727273
M,F,0,No,Bachelors,Clerical,1,0,0-1 Miles,Europe,1,35-40,27.2727272727273
S,F,3,Si,Partial High School,Manual,1,1,0-1 Miles,Europe,1,35-40,9.09090909090909
S,F,1,Si,Partial College,Manual,1,1,2-5 Miles,Europe,1,29-34,9.09090909090909
M,M,1,Si,Partial College,Manual,1,1,2-5 Miles,Europe,1,41-45,9.09090909090909
S,F,1,Si,Partial College,Manual,1,1,2-5 Miles,Europe,1,29-34,9.09090909090909
S,M,1,Si,Partial College,Manual,0,1,1-2 Miles,Europe,1,29-34,9.09090909090909
S,F,1,Si,High School,Manual,1,1,2-5 Miles,Europe,1,41-45,9.09090909090909
S,M,1,Si,Bachelors,Clerical,1,0,1-2 Miles,Europe,1,35-40,18.1818181818182
S,F,1,Si,Bachelors,Clerical,0,1,0-1 Miles,Europe,1,41-45,18.1818181818182
S,F,1,Si,High School,Manual,0,1,1-2 Miles,Europe,1,41-45,9.09090909090909
S,F,0,No,Bachelors,Clerical,0,0,0-1 Miles,Europe,1,41-45,27.2727272727273
S,F,0,No,Bachelors,Clerical,0,0,0-1 Miles,Europe,1,41-45,27.2727272727273
S,M,1,Si,Bachelors,Clerical,0,1,0-1 Miles,Europe,1,35-40,18.1818181818182
S,F,1,Si,Bachelors,Clerical,0,1,0-1 Miles,Europe,1,41-45,18.1818181818182
S,M,1,Si,Bachelors,Clerical,0,1,0-1 Miles,Europe,1,41-45,18.1818181818182
S,M,2,Si,High School,Manual,1,0,0-1 Miles,Europe,1,41-45,9.09090909090909
S,F,2,Si,High School,Manual,1,0,0-1 Miles,Europe,1,41-45,9.09090909090909
S,M,2,Si,High School,Manual,1,1,0-1 Miles,Europe,1,41-45,9.09090909090909
S,M,2,Si,High School,Manual,1,1,0-1 Miles,Europe,1,35-40,9.09090909090909
S,M,5,Si,Partial High School,Manual,1,1,0-1 Miles,Europe,1,41-45,9.09090909090909
S,M,3,Si,Partial High School,Manual,1,1,0-1 Miles,Europe,0,35-40,9.09090909090909
S,M,2,Si,High School,Manual,1,2,0-1 Miles,Europe,0,41-45,9.09090909090909
S,F,2,Si,High School,Manual,1,2,0-1 Miles,Europe,0,35-40,9.09090909090909
S,F,2,Si,High School,Manual,0,2,0-1 Miles,Europe,0,35-40,9.09090909090909
M,F,1,Si,Bachelors,Skilled Manual,1,2,0-1 Miles,Europe,0,29-34,18.1818181818182
M,M,1,Si,Bachelors,Skilled Manual,1,2,0-1 Miles,Europe,0,46-50,18.1818181818182
S,M,2,Si,Partial College,Manual,1,0,0-1 Miles,Europe,1,41-45,18.1818181818182
M,F,0,No,Bachelors,Professional,0,0,0-1 Miles,Europe,1,41-45,27.2727272727273
S,M,0,No,Bachelors,Professional,0,0,0-1 Miles,Europe,1,41-45,27.2727272727273
M,F,0,No,Bachelors,Professional,0,0,0-1 Miles,Europe,1,41-45,27.2727272727273
S,M,0,No,Bachelors,Professional,1,0,0-1 Miles,Europe,1,29-34,27.2727272727273
M,F,0,No,Bachelors,Professional,0,0,0-1 Miles,Europe,1,35-40,27.2727272727273
S,F,0,No,Bachelors,Professional,1,0,0-1 Miles,Europe,1,35-40,27.2727272727273
M,F,0,No,Graduate Degree,Skilled Manual,1,0,0-1 Miles,Europe,0,41-45,45.4545454545455
S,M,2,Si,Partial College,Manual,1,0,0-1 Miles,Europe,1,46-50,18.1818181818182
S,F,2,Si,Partial College,Clerical,1,0,0-1 Miles,Europe,0,46-50,18.1818181818182
S,M,2,Si,Partial College,Clerical,1,0,0-1 Miles,Europe,1,46-50,18.1818181818182
S,M,2,Si,Partial College,Clerical,1,0,0-1 Miles,Europe,1,46-50,18.1818181818182
S,F,2,Si,Partial College,Clerical,1,1,0-1 Miles,Europe,1,29-34,18.1818181818182
S,F,2,Si,Partial College,Clerical,1,1,0-1 Miles,Europe,0,35-40,18.1818181818182
S,M,2,Si,Partial College,Clerical,1,2,0-1 Miles,Europe,0,41-45,18.1818181818182
M,F,1,No,Bachelors,Skilled Manual,1,0,0-1 Miles,Europe,1,35-40,27.2727272727273
M,M,1,No,Bachelors,Skilled Manual,1,0,0-1 Miles,Europe,1,41-45,27.2727272727273
M,M,1,No,Bachelors,Skilled Manual,1,0,0-1 Miles,Europe,1,41-45,27.2727272727273
S,M,2,Si,Partial College,Clerical,1,2,0-1 Miles,Europe,0,46-50,18.1818181818182
S,M,2,Si,Partial College,Clerical,0,2,0-1 Miles,Europe,0,46-50,18.1818181818182
S,M,3,Si,Partial College,Clerical,1,0,0-1 Miles,Europe,0,46-50,18.1818181818182
M,F,1,No,Bachelors,Skilled Manual,1,0,0-1 Miles,Europe,1,46-50,27.2727272727273
S,F,3,Si,Partial College,Clerical,1,1,0-1 Miles,Europe,1,29-34,18.1818181818182
S,M,3,Si,Partial College,Clerical,1,2,0-1 Miles,Europe,1,29-34,18.1818181818182
M,M,1,No,Bachelors,Skilled Manual,1,0,0-1 Miles,Europe,1,46-50,27.2727272727273
S,M,1,No,Partial College,Clerical,0,1,2-5 Miles,Europe,0,46-50,18.1818181818182
S,M,1,No,Partial College,Clerical,0,1,0-1 Miles,Europe,1,46-50,18.1818181818182
M,M,1,No,Bachelors,Skilled Manual,1,1,0-1 Miles,Europe,1,35-40,27.2727272727273
M,M,1,No,Bachelors,Skilled Manual,1,1,0-1 Miles,Europe,1,46-50,27.2727272727273
M,F,1,No,Bachelors,Skilled Manual,1,1,0-1 Miles,Europe,1,46-50,27.2727272727273
M,M,1,No,Bachelors,Skilled Manual,1,1,0-1 Miles,Europe,1,46-50,27.2727272727273
S,F,3,Si,Partial College,Clerical,1,2,0-1 Miles,Europe,1,29-34,18.1818181818182
S,M,4,Si,Partial College,Clerical,1,3,0-1 Miles,Europe,1,29-34,18.1818181818182
S,F,0,No,High School,Manual,1,1,2-5 Miles,Europe,0,29-34,9.09090909090909
S,M,0,No,High School,Manual,0,1,2-5 Miles,Europe,0,29-34,9.09090909090909
M,M,0,No,Partial High School,Manual,0,2,0-1 Miles,Europe,0,35-40,9.09090909090909
M,M,0,No,Partial High School,Manual,1,2,0-1 Miles,Europe,0,29-34,9.09090909090909
M,F,0,No,Partial High School,Manual,0,2,0-1 Miles,Europe,0,29-34,9.09090909090909
S,F,0,No,High School,Manual,0,1,5-10 Miles,Europe,0,29-34,9.09090909090909
S,F,0,No,High School,Manual,0,1,5-10 Miles,Europe,0,35-40,9.09090909090909
S,M,0,No,High School,Manual,0,1,5-10 Miles,Europe,0,29-34,9.09090909090909
S,F,0,No,High School,Manual,0,1,5-10 Miles,Europe,0,29-34,9.09090909090909
S,F,0,No,Partial High School,Manual,0,1,2-5 Miles,Europe,0,29-34,9.09090909090909
S,F,0,No,Partial College,Clerical,1,1,2-5 Miles,Europe,0,29-34,18.1818181818182
S,F,0,No,Partial College,Clerical,0,1,2-5 Miles,Europe,0,29-34,18.1818181818182
S,F,0,No,Partial High School,Manual,1,2,0-1 Miles,Europe,0,35-40,9.09090909090909
S,F,0,No,Partial High School,Manual,0,2,0-1 Miles,Europe,0,29-34,9.09090909090909
M,F,0,No,Partial High School,Manual,0,2,0-1 Miles,Europe,0,35-40,9.09090909090909
S,M,0,No,Partial College,Clerical,0,1,0-1 Miles,Europe,1,35-40,18.1818181818182
S,F,0,No,Partial College,Clerical,0,1,2-5 Miles,Europe,1,35-40,18.1818181818182
S,M,3,No,Partial College,Professional,0,2,0-1 Miles,North America,1,41-45,63.6363636363636
M,F,4,Si,Partial College,Professional,1,3,0-1 Miles,North America,0,41-45,81.8181818181818
M,M,4,Si,Partial College,Professional,1,3,0-1 Miles,North America,0,41-45,81.8181818181818
S,M,3,Si,Bachelors,Management,1,4,2-5 Miles,North America,1,29-34,81.8181818181818
M,F,4,Si,Partial College,Professional,1,4,2-5 Miles,North America,1,35-40,81.8181818181818
M,M,2,Si,Bachelors,Management,1,3,2-5 Miles,North America,1,41-45,90.9090909090909
S,M,3,Si,Bachelors,Management,1,4,2-5 Miles,North America,1,41-45,90.9090909090909
M,M,1,Si,Graduate Degree,Management,1,4,0-1 Miles,North America,0,29-34,90.9090909090909
M,F,4,Si,High School,Skilled Manual,1,2,2-5 Miles,North America,0,46-50,27.2727272727273
S,F,1,No,Bachelors,Professional,0,1,0-1 Miles,North America,1,46-50,63.6363636363636
M,M,3,No,Graduate Degree,Management,1,2,1-2 Miles,North America,0,65+,45.4545454545455
M,M,5,No,Bachelors,Management,1,2,10+ Miles,North America,0,56-65,63.6363636363636
M,M,3,No,Graduate Degree,Management,1,2,10+ Miles,North America,0,65+,45.4545454545455
M,F,3,No,Graduate Degree,Management,1,2,1-2 Miles,North America,0,56-65,45.4545454545455
M,F,3,No,Graduate Degree,Management,1,2,10+ Miles,North America,0,56-65,45.4545454545455
M,F,5,No,Bachelors,Management,1,2,10+ Miles,North America,0,65+,63.6363636363636
M,M,5,No,Bachelors,Management,1,2,10+ Miles,North America,0,65+,63.6363636363636
M,M,5,No,Bachelors,Management,1,2,10+ Miles,North America,0,65+,63.6363636363636
M,M,5,No,Bachelors,Management,1,2,10+ Miles,North America,0,65+,63.6363636363636
M,M,5,No,Bachelors,Management,1,2,1-2 Miles,North America,1,65+,72.7272727272727
M,F,5,No,Bachelors,Management,0,2,1-2 Miles,North America,1,65+,72.7272727272727
S,F,5,No,Partial High School,Clerical,0,2,1-2 Miles,North America,0,56-65,18.1818181818182
M,F,4,No,High School,Professional,1,2,10+ Miles,North America,0,56-65,27.2727272727273
M,F,4,No,High School,Professional,0,2,1-2 Miles,North America,0,56-65,27.2727272727273
M,F,4,No,Bachelors,Management,1,2,10+ Miles,North America,0,56-65,63.6363636363636
M,F,4,No,Bachelors,Management,1,2,1-2 Miles,North America,0,56-65,63.6363636363636
M,F,4,No,Bachelors,Management,1,2,10+ Miles,North America,0,56-65,63.6363636363636
S,F,4,No,High School,Professional,0,2,1-2 Miles,North America,0,56-65,27.2727272727273
M,M,4,No,High School,Professional,1,2,10+ Miles,North America,0,56-65,27.2727272727273
S,M,4,No,High School,Professional,0,2,2-5 Miles,North America,0,56-65,27.2727272727273
M,F,5,No,High School,Professional,1,2,10+ Miles,North America,0,56-65,27.2727272727273
S,M,5,No,High School,Professional,0,3,2-5 Miles,North America,0,56-65,27.2727272727273
M,F,5,No,High School,Professional,1,3,10+ Miles,North America,1,56-65,27.2727272727273
M,F,5,No,Bachelors,Management,1,2,2-5 Miles,North America,0,56-65,63.6363636363636
M,F,5,No,Bachelors,Management,1,2,10+ Miles,North America,0,56-65,63.6363636363636
S,M,5,No,Bachelors,Management,1,3,10+ Miles,North America,1,56-65,63.6363636363636
M,F,5,No,Bachelors,Management,1,4,10+ Miles,North America,1,56-65,63.6363636363636
M,M,5,No,Bachelors,Management,1,4,2-5 Miles,North America,0,56-65,63.6363636363636
M,M,4,No,Bachelors,Management,0,2,2-5 Miles,North America,0,56-65,45.4545454545455
M,M,4,No,Bachelors,Management,0,2,2-5 Miles,North America,0,56-65,45.4545454545455
S,F,2,Si,Partial College,Professional,0,1,2-5 Miles,North America,1,56-65,63.6363636363636
M,M,2,Si,Partial College,Professional,1,1,10+ Miles,North America,0,56-65,63.6363636363636
M,M,2,Si,Partial College,Professional,1,1,2-5 Miles,North America,0,56-65,63.6363636363636
M,M,2,Si,Partial College,Professional,1,1,2-5 Miles,North America,0,56-65,63.6363636363636
M,F,2,Si,Partial College,Professional,1,1,2-5 Miles,North America,0,56-65,63.6363636363636
S,F,2,Si,Partial College,Professional,0,1,2-5 Miles,North America,1,56-65,45.4545454545455
M,F,2,Si,Partial College,Professional,1,1,10+ Miles,North America,0,56-65,45.4545454545455
M,M,2,Si,Partial College,Professional,0,1,2-5 Miles,North America,1,56-65,45.4545454545455
S,M,2,Si,Partial College,Professional,1,1,10+ Miles,North America,0,56-65,45.4545454545455
M,F,2,Si,Partial College,Professional,1,1,10+ Miles,North America,0,56-65,45.4545454545455
S,F,2,Si,Partial College,Professional,1,1,10+ Miles,North America,0,56-65,45.4545454545455
M,M,2,Si,Partial College,Professional,1,2,10+ Miles,North America,0,56-65,45.4545454545455
M,M,2,Si,Partial College,Professional,1,2,2-5 Miles,North America,1,56-65,45.4545454545455
M,F,2,Si,Partial College,Professional,1,2,10+ Miles,North America,0,56-65,45.4545454545455
M,M,2,Si,Partial College,Professional,1,2,10+ Miles,North America,0,56-65,45.4545454545455
M,M,2,Si,Bachelors,Management,1,0,2-5 Miles,North America,1,56-65,45.4545454545455
M,M,2,Si,Partial College,Professional,1,1,10+ Miles,North America,0,56-65,45.4545454545455
M,F,4,Si,Partial College,Professional,1,2,10+ Miles,North America,1,56-65,63.6363636363636
M,M,2,Si,Partial High School,Skilled Manual,0,2,2-5 Miles,North America,0,56-65,27.2727272727273
M,F,2,Si,Partial High School,Skilled Manual,1,2,2-5 Miles,North America,0,56-65,27.2727272727273
M,F,2,Si,Partial College,Professional,1,2,10+ Miles,North America,0,51-55,45.4545454545455
M,M,2,Si,Partial College,Professional,1,2,10+ Miles,North America,0,56-65,45.4545454545455
M,F,2,Si,Partial College,Professional,1,1,2-5 Miles,North America,0,56-65,45.4545454545455
M,F,4,Si,Partial College,Professional,1,1,1-2 Miles,North America,0,56-65,63.6363636363636
M,M,2,Si,High School,Professional,1,2,10+ Miles,North America,0,56-65,45.4545454545455
M,F,2,Si,Partial College,Professional,1,1,10+ Miles,North America,1,56-65,45.4545454545455
M,M,2,Si,Partial College,Professional,1,2,10+ Miles,North America,0,56-65,45.4545454545455
M,F,2,Si,Partial College,Professional,1,2,2-5 Miles,North America,1,56-65,45.4545454545455
M,M,4,Si,Partial College,Professional,1,1,10+ Miles,North America,0,56-65,63.6363636363636
S,M,4,Si,Partial College,Professional,1,2,10+ Miles,North America,1,56-65,63.6363636363636
M,M,2,Si,Partial High School,Skilled Manual,1,2,10+ Miles,North America,0,56-65,63.6363636363636
M,M,2,Si,Partial High School,Skilled Manual,1,2,2-5 Miles,North America,1,51-55,63.6363636363636
M,M,2,Si,Partial High School,Skilled Manual,1,3,10+ Miles,North America,1,56-65,63.6363636363636
M,M,2,Si,Partial High School,Skilled Manual,1,3,10+ Miles,North America,0,56-65,63.6363636363636
M,F,2,Si,Partial High School,Skilled Manual,1,3,10+ Miles,North America,1,56-65,63.6363636363636
M,M,2,Si,Partial High School,Skilled Manual,0,3,2-5 Miles,North America,1,56-65,63.6363636363636
M,M,2,Si,Partial High School,Skilled Manual,1,3,10+ Miles,North America,1,56-65,63.6363636363636
S,M,2,Si,Partial High School,Skilled Manual,1,4,10+ Miles,North America,1,56-65,63.6363636363636
M,F,2,Si,High School,Professional,1,2,2-5 Miles,North America,1,56-65,45.4545454545455
M,M,4,Si,Partial College,Professional,1,1,10+ Miles,North America,0,46-50,63.6363636363636
S,M,4,Si,Partial College,Professional,1,1,10+ Miles,North America,0,56-65,63.6363636363636
M,F,2,Si,Partial College,Professional,1,1,5-10 Miles,Europe,0,35-40,90.9090909090909
M,F,2,Si,Partial College,Professional,1,3,5-10 Miles,Europe,0,41-45,90.9090909090909
M,M,2,Si,Partial College,Professional,0,3,5-10 Miles,Europe,0,51-55,90.9090909090909
M,M,2,Si,Partial College,Professional,1,2,0-1 Miles,Europe,1,51-55,90.9090909090909
M,F,2,Si,High School,Professional,1,4,5-10 Miles,Europe,0,51-55,90.9090909090909
M,F,3,Si,Partial High School,Professional,0,4,5-10 Miles,Europe,0,51-55,90.9090909090909
M,M,2,Si,High School,Professional,0,2,2-5 Miles,Europe,1,51-55,81.8181818181818
M,F,3,Si,Partial College,Professional,1,4,10+ Miles,Europe,0,51-55,90.9090909090909
S,F,3,Si,Partial High School,Professional,1,4,10+ Miles,Europe,0,46-50,90.9090909090909
S,M,3,Si,Partial College,Professional,0,3,0-1 Miles,Europe,1,51-55,90.9090909090909
M,F,3,Si,Partial College,Professional,1,2,2-5 Miles,Europe,0,51-55,72.7272727272727
M,F,5,No,Bachelors,Management,1,2,10+ Miles,Europe,0,56-65,72.7272727272727
M,F,5,No,Partial College,Professional,1,2,10+ Miles,Europe,0,56-65,81.8181818181818
M,F,3,Si,Bachelors,Management,1,4,0-1 Miles,Europe,0,56-65,90.9090909090909
S,F,3,Si,Bachelors,Management,0,2,0-1 Miles,Europe,1,56-65,90.9090909090909
M,M,5,No,Partial College,Professional,1,2,10+ Miles,Europe,0,56-65,72.7272727272727
M,M,5,No,Partial College,Professional,0,2,2-5 Miles,Europe,1,56-65,81.8181818181818
M,M,3,Si,Bachelors,Management,1,4,10+ Miles,Europe,0,56-65,90.9090909090909
M,F,4,Si,Bachelors,Management,1,4,5-10 Miles,Europe,0,56-65,90.9090909090909
M,M,4,Si,Bachelors,Management,1,4,5-10 Miles,Europe,0,56-65,90.9090909090909
M,M,2,Si,Bachelors,Management,1,4,10+ Miles,Europe,0,56-65,81.8181818181818
M,F,3,Si,Bachelors,Management,1,1,10+ Miles,Europe,0,56-65,81.8181818181818
M,F,4,Si,Bachelors,Management,1,4,10+ Miles,Europe,1,56-65,90.9090909090909
S,M,4,Si,Bachelors,Management,1,0,10+ Miles,Europe,1,56-65,90.9090909090909
M,F,3,Si,Graduate Degree,Management,1,4,5-10 Miles,Europe,0,56-65,90.9090909090909
M,F,4,Si,Partial College,Professional,1,2,2-5 Miles,Europe,0,56-65,72.7272727272727
M,M,3,Si,High School,Professional,1,3,2-5 Miles,Europe,0,51-55,81.8181818181818
M,F,3,Si,Partial College,Professional,1,4,0-1 Miles,Europe,0,51-55,90.9090909090909
M,M,5,Si,High School,Professional,1,4,10+ Miles,Europe,1,56-65,90.9090909090909
M,F,2,Si,Bachelors,Management,1,2,0-1 Miles,Europe,0,56-65,90.9090909090909
M,F,4,Si,Partial College,Professional,0,2,2-5 Miles,Europe,1,51-55,72.7272727272727
S,F,4,Si,Partial College,Professional,1,3,10+ Miles,Europe,0,56-65,90.9090909090909
M,M,4,Si,High School,Professional,1,3,10+ Miles,Europe,0,56-65,90.9090909090909
M,M,5,Si,High School,Professional,1,2,10+ Miles,Europe,0,56-65,72.7272727272727
M,M,4,Si,Partial College,Management,1,3,0-1 Miles,Europe,1,56-65,90.9090909090909
M,F,5,Si,High School,Management,1,3,5-10 Miles,Europe,0,56-65,72.7272727272727
M,M,4,Si,Partial College,Management,1,3,10+ Miles,Europe,0,56-65,90.9090909090909
S,M,5,Si,Partial High School,Skilled Manual,1,3,10+ Miles,Europe,0,56-65,63.6363636363636
M,M,5,Si,Partial High School,Skilled Manual,1,3,5-10 Miles,Europe,0,56-65,63.6363636363636
M,M,5,Si,High School,Management,1,3,10+ Miles,Europe,0,56-65,72.7272727272727
M,M,3,Si,Partial High School,Professional,1,4,5-10 Miles,Europe,0,56-65,81.8181818181818
M,M,4,Si,Partial High School,Professional,1,0,5-10 Miles,Europe,0,56-65,81.8181818181818
S,F,4,Si,Partial High School,Professional,1,3,10+ Miles,Europe,1,56-65,90.9090909090909
M,M,5,Si,High School,Management,1,4,10+ Miles,Europe,0,56-65,90.9090909090909
M,M,5,Si,Partial High School,Professional,1,4,0-1 Miles,Europe,0,56-65,90.9090909090909
S,F,0,No,Bachelors,Professional,0,3,2-5 Miles,Pacific,0,29-34,45.4545454545455
S,M,0,No,Bachelors,Professional,1,2,10+ Miles,Pacific,0,29-34,63.6363636363636
S,M,0,No,Bachelors,Professional,1,3,10+ Miles,Pacific,0,29-34,63.6363636363636
S,F,0,No,Bachelors,Professional,0,3,10+ Miles,Pacific,0,29-34,63.6363636363636
S,F,0,No,Bachelors,Professional,0,3,10+ Miles,Pacific,0,29-34,63.6363636363636
M,F,0,No,Bachelors,Professional,0,3,10+ Miles,Pacific,0,29-34,63.6363636363636
M,M,0,No,Bachelors,Professional,0,2,10+ Miles,Pacific,1,29-34,72.7272727272727
S,M,0,No,Bachelors,Professional,0,3,10+ Miles,Pacific,0,29-34,72.7272727272727
S,F,0,No,Bachelors,Professional,0,3,10+ Miles,Pacific,0,29-34,72.7272727272727
S,M,0,No,Bachelors,Professional,0,3,10+ Miles,Pacific,0,35-40,72.7272727272727
M,M,0,No,Bachelors,Professional,1,3,10+ Miles,Pacific,0,35-40,72.7272727272727
M,M,4,Si,High School,Management,0,4,10+ Miles,Pacific,1,35-40,90.9090909090909
S,F,0,No,Bachelors,Professional,0,3,10+ Miles,Pacific,1,35-40,81.8181818181818
M,M,0,No,Bachelors,Professional,1,3,10+ Miles,Pacific,0,35-40,72.7272727272727
S,F,0,No,Bachelors,Professional,1,3,10+ Miles,Pacific,0,29-34,72.7272727272727
S,F,0,Si,High School,Management,1,2,10+ Miles,Pacific,1,29-34,81.8181818181818
M,F,0,Si,Partial College,Management,0,3,10+ Miles,Pacific,0,35-40,90.9090909090909
M,M,0,No,Bachelors,Professional,0,4,10+ Miles,Pacific,0,35-40,72.7272727272727
M,M,0,Si,High School,Management,1,4,10+ Miles,Pacific,1,35-40,90.9090909090909
M,F,4,Si,High School,Management,1,4,10+ Miles,Pacific,0,35-40,90.9090909090909
M,F,0,No,Bachelors,Professional,0,4,10+ Miles,Pacific,0,35-40,81.8181818181818
M,M,0,Si,High School,Management,1,4,10+ Miles,Pacific,1,35-40,81.8181818181818
M,M,5,Si,Partial College,Professional,1,3,0-1 Miles,North America,0,41-45,81.8181818181818
M,M,3,Si,Bachelors,Management,1,4,2-5 Miles,North America,1,35-40,90.9090909090909
M,M,4,Si,Partial College,Professional,1,0,0-1 Miles,North America,0,51-55,63.6363636363636
M,M,2,Si,Partial College,Professional,0,0,5-10 Miles,North America,1,41-45,81.8181818181818
M,F,4,No,Graduate Degree,Management,1,2,2-5 Miles,North America,0,65+,72.7272727272727
S,M,0,No,Partial College,Clerical,1,1,2-5 Miles,Europe,0,35-40,18.1818181818182
S,M,0,No,Partial High School,Manual,0,2,1-2 Miles,Europe,0,29-34,9.09090909090909
S,M,0,No,Partial High School,Manual,0,2,1-2 Miles,Europe,0,29-34,9.09090909090909
S,M,0,No,Partial High School,Manual,0,2,1-2 Miles,Europe,0,29-34,9.09090909090909
S,F,0,No,High School,Manual,1,1,2-5 Miles,Europe,0,29-34,18.1818181818182
M,M,1,No,Partial College,Skilled Manual,1,1,2-5 Miles,North America,1,35-40,63.6363636363636
M,F,1,No,Partial College,Skilled Manual,1,1,2-5 Miles,North America,1,46-50,63.6363636363636
M,M,1,No,Partial College,Skilled Manual,1,1,2-5 Miles,North America,1,46-50,63.6363636363636
S,M,4,Si,High School,Skilled Manual,1,3,10+ Miles,North America,1,46-50,27.2727272727273
S,M,4,Si,High School,Skilled Manual,1,2,2-5 Miles,North America,1,46-50,27.2727272727273
M,F,4,Si,High School,Skilled Manual,1,2,2-5 Miles,North America,1,41-45,27.2727272727273
M,M,1,No,Partial College,Skilled Manual,1,1,2-5 Miles,North America,1,41-45,45.4545454545455
M,F,1,No,Partial College,Skilled Manual,1,1,2-5 Miles,North America,1,46-50,45.4545454545455
M,F,1,No,Partial College,Skilled Manual,1,1,0-1 Miles,North America,1,41-45,45.4545454545455
M,F,4,Si,High School,Skilled Manual,1,2,0-1 Miles,North America,1,46-50,27.2727272727273
M,M,4,Si,High School,Skilled Manual,1,2,2-5 Miles,North America,1,41-45,27.2727272727273
S,M,0,No,Partial College,Skilled Manual,0,1,0-1 Miles,North America,0,41-45,45.4545454545455
S,M,0,No,Partial College,Skilled Manual,0,1,0-1 Miles,North America,0,41-45,45.4545454545455
S,F,0,No,Partial College,Skilled Manual,0,1,0-1 Miles,North America,0,35-40,45.4545454545455
S,M,0,No,Graduate Degree,Professional,1,1,2-5 Miles,North America,1,41-45,45.4545454545455
S,F,0,No,Graduate Degree,Professional,1,1,2-5 Miles,North America,1,41-45,45.4545454545455
M,M,1,No,Partial College,Skilled Manual,1,1,2-5 Miles,North America,1,46-50,45.4545454545455
M,F,1,No,Partial College,Skilled Manual,1,1,2-5 Miles,North America,1,46-50,45.4545454545455
M,F,1,No,Partial College,Skilled Manual,1,1,2-5 Miles,North America,1,41-45,45.4545454545455
M,F,4,Si,Bachelors,Professional,1,0,2-5 Miles,North America,0,41-45,45.4545454545455
M,F,4,Si,Bachelors,Professional,1,0,2-5 Miles,North America,0,51-55,45.4545454545455
S,M,1,No,Graduate Degree,Professional,0,1,0-1 Miles,North America,1,46-50,63.6363636363636
S,F,2,No,Graduate Degree,Professional,0,1,0-1 Miles,North America,1,46-50,63.6363636363636
M,F,5,Si,Graduate Degree,Professional,1,3,10+ Miles,North America,0,46-50,63.6363636363636
S,M,5,Si,Graduate Degree,Professional,1,3,10+ Miles,North America,1,46-50,63.6363636363636
M,M,3,Si,Bachelors,Professional,1,1,2-5 Miles,North America,1,51-55,45.4545454545455
M,F,1,No,Bachelors,Professional,1,1,2-5 Miles,North America,1,46-50,45.4545454545455
M,F,1,No,Bachelors,Professional,1,1,2-5 Miles,North America,1,51-55,45.4545454545455
M,M,1,No,Bachelors,Professional,1,1,2-5 Miles,North America,1,51-55,45.4545454545455
S,M,1,No,Bachelors,Professional,1,1,2-5 Miles,North America,1,51-55,45.4545454545455
S,F,1,No,Bachelors,Professional,0,1,0-1 Miles,North America,1,41-45,45.4545454545455
M,M,5,Si,Graduate Degree,Professional,1,1,2-5 Miles,North America,0,51-55,63.6363636363636
S,F,5,Si,Graduate Degree,Professional,1,0,0-1 Miles,North America,1,51-55,72.7272727272727
S,M,1,No,Graduate Degree,Management,0,0,0-1 Miles,Pacific,1,35-40,81.8181818181818
M,M,1,No,Graduate Degree,Management,1,0,0-1 Miles,Pacific,1,35-40,81.8181818181818
M,F,1,No,Graduate Degree,Management,0,0,0-1 Miles,Pacific,1,29-34,81.8181818181818
M,M,2,Si,Bachelors,Professional,1,1,0-1 Miles,Pacific,1,41-45,45.4545454545455
M,M,2,No,Bachelors,Professional,1,0,2-5 Miles,Pacific,1,35-40,81.8181818181818
S,M,2,Si,Bachelors,Professional,0,1,0-1 Miles,Pacific,1,41-45,45.4545454545455
M,F,2,Si,Bachelors,Professional,1,1,0-1 Miles,Pacific,1,41-45,45.4545454545455
M,M,5,Si,Bachelors,Professional,1,3,10+ Miles,Pacific,0,35-40,63.6363636363636
S,F,1,No,Graduate Degree,Management,1,1,2-5 Miles,Pacific,1,29-34,90.9090909090909
S,F,1,No,Graduate Degree,Management,1,2,0-1 Miles,Pacific,1,35-40,90.9090909090909
S,F,5,Si,Bachelors,Professional,1,3,10+ Miles,Pacific,0,41-45,63.6363636363636
M,F,5,Si,Bachelors,Professional,1,4,10+ Miles,Pacific,0,41-45,63.6363636363636
M,F,5,Si,Bachelors,Professional,1,4,10+ Miles,Pacific,0,35-40,63.6363636363636
S,M,5,Si,Graduate Degree,Management,1,3,0-1 Miles,Pacific,0,41-45,72.7272727272727
S,M,5,Si,Graduate Degree,Management,1,3,0-1 Miles,Pacific,0,41-45,72.7272727272727
M,M,5,Si,Bachelors,Professional,1,3,0-1 Miles,Pacific,0,41-45,72.7272727272727
M,M,3,Si,Bachelors,Professional,1,1,0-1 Miles,Pacific,0,41-45,45.4545454545455
S,F,0,No,Bachelors,Professional,1,1,5-10 Miles,Pacific,1,41-45,63.6363636363636
S,F,0,No,Bachelors,Professional,0,1,5-10 Miles,Pacific,0,41-45,63.6363636363636
M,M,3,Si,Bachelors,Professional,1,2,5-10 Miles,Pacific,0,35-40,45.4545454545455
S,F,4,Si,Bachelors,Professional,1,3,10+ Miles,Pacific,0,46-50,45.4545454545455
M,F,4,Si,Bachelors,Professional,1,3,10+ Miles,Pacific,0,35-40,45.4545454545455
S,M,3,Si,Bachelors,Professional,1,2,5-10 Miles,Pacific,1,46-50,45.4545454545455
S,M,3,Si,Bachelors,Professional,0,2,0-1 Miles,Pacific,1,46-50,45.4545454545455
S,F,0,No,Bachelors,Professional,0,1,5-10 Miles,Pacific,0,46-50,63.6363636363636
S,F,2,No,Bachelors,Professional,0,0,1-2 Miles,Pacific,1,41-45,81.8181818181818
M,M,4,Si,Bachelors,Professional,1,0,1-2 Miles,Pacific,1,35-40,81.8181818181818
M,M,5,No,Graduate Degree,Management,0,1,1-2 Miles,Pacific,1,65+,81.8181818181818
S,M,1,No,Partial College,Skilled Manual,0,1,0-1 Miles,Pacific,1,41-45,63.6363636363636
S,F,1,No,Bachelors,Professional,0,1,0-1 Miles,Pacific,1,46-50,45.4545454545455
M,F,1,No,Bachelors,Professional,1,1,5-10 Miles,Pacific,1,46-50,45.4545454545455
S,F,1,No,Partial College,Skilled Manual,0,1,0-1 Miles,Pacific,1,41-45,45.4545454545455
S,F,1,No,Partial College,Skilled Manual,0,1,0-1 Miles,Pacific,1,46-50,45.4545454545455
S,M,1,No,Bachelors,Professional,0,1,0-1 Miles,Pacific,1,41-45,45.4545454545455
M,M,1,No,Partial College,Skilled Manual,1,1,5-10 Miles,Pacific,1,46-50,45.4545454545455
S,F,1,No,Partial College,Skilled Manual,1,1,5-10 Miles,Pacific,1,46-50,45.4545454545455
S,F,0,No,Graduate Degree,Management,0,1,1-2 Miles,Pacific,1,41-45,81.8181818181818
S,F,0,No,Bachelors,Professional,0,1,5-10 Miles,Pacific,0,35-40,81.8181818181818
M,F,1,No,Partial College,Skilled Manual,1,1,5-10 Miles,Pacific,1,46-50,45.4545454545455
S,M,1,No,Partial College,Skilled Manual,0,1,0-1 Miles,Pacific,1,46-50,45.4545454545455
M,F,1,No,Bachelors,Professional,1,1,5-10 Miles,Pacific,0,46-50,81.8181818181818
M,F,1,No,Bachelors,Professional,0,1,1-2 Miles,Pacific,0,35-40,81.8181818181818
S,M,1,No,Bachelors,Professional,1,1,2-5 Miles,Pacific,1,46-50,81.8181818181818
S,F,2,No,Bachelors,Professional,0,1,0-1 Miles,Pacific,0,65+,27.2727272727273
S,M,0,No,Bachelors,Professional,0,1,5-10 Miles,Pacific,0,41-45,63.6363636363636
S,M,1,No,Graduate Degree,Management,1,1,5-10 Miles,Pacific,0,65+,45.4545454545455
S,F,0,No,Bachelors,Professional,0,1,0-1 Miles,Pacific,1,46-50,63.6363636363636
S,F,0,No,Bachelors,Professional,1,1,5-10 Miles,Pacific,1,46-50,63.6363636363636
M,M,0,No,Bachelors,Professional,0,1,0-1 Miles,Pacific,0,46-50,63.6363636363636
S,F,0,No,Bachelors,Professional,1,2,5-10 Miles,Pacific,1,46-50,63.6363636363636
S,M,0,No,Bachelors,Professional,0,2,5-10 Miles,Pacific,1,46-50,63.6363636363636
M,F,5,Si,Bachelors,Professional,0,2,0-1 Miles,Pacific,0,41-45,63.6363636363636
M,M,5,Si,Partial College,Skilled Manual,1,2,5-10 Miles,Pacific,0,46-50,63.6363636363636
M,F,5,Si,Partial College,Skilled Manual,1,2,0-1 Miles,Pacific,0,41-45,63.6363636363636
S,F,1,No,Partial College,Skilled Manual,0,1,0-1 Miles,Pacific,1,46-50,45.4545454545455
S,F,1,No,Partial College,Skilled Manual,0,1,0-1 Miles,Pacific,1,41-45,45.4545454545455
M,M,5,Si,Partial College,Skilled Manual,1,3,5-10 Miles,Pacific,0,41-45,63.6363636363636
M,F,5,Si,Partial College,Skilled Manual,1,3,10+ Miles,Pacific,1,41-45,63.6363636363636
M,M,1,No,Partial College,Skilled Manual,1,1,5-10 Miles,Pacific,0,51-55,63.6363636363636
M,M,1,No,Partial College,Skilled Manual,1,1,5-10 Miles,Pacific,0,41-45,63.6363636363636
S,M,2,No,Partial College,Clerical,0,2,5-10 Miles,Pacific,0,65+,18.1818181818182
S,F,2,No,Partial College,Clerical,0,2,5-10 Miles,Pacific,0,65+,18.1818181818182
S,F,2,No,Partial College,Skilled Manual,0,1,0-1 Miles,Pacific,1,46-50,72.7272727272727
M,F,0,No,High School,Skilled Manual,0,2,0-1 Miles,North America,0,29-34,18.1818181818182
S,M,0,No,High School,Skilled Manual,0,1,5-10 Miles,North America,0,29-34,27.2727272727273
S,F,0,No,High School,Skilled Manual,0,2,0-1 Miles,North America,0,29-34,27.2727272727273
S,F,0,No,High School,Skilled Manual,0,2,5-10 Miles,North America,0,29-34,27.2727272727273
S,F,0,No,High School,Skilled Manual,0,2,0-1 Miles,North America,1,29-34,18.1818181818182
S,F,0,No,High School,Skilled Manual,0,2,0-1 Miles,North America,1,29-34,27.2727272727273
S,M,5,No,High School,Skilled Manual,0,2,0-1 Miles,Pacific,0,56-65,9.09090909090909
M,F,2,No,Partial College,Clerical,1,2,5-10 Miles,Pacific,0,65+,18.1818181818182
S,F,0,No,Partial High School,Clerical,0,2,0-1 Miles,North America,1,29-34,18.1818181818182
S,M,0,No,High School,Skilled Manual,0,2,0-1 Miles,North America,1,29-34,27.2727272727273
M,M,0,No,High School,Skilled Manual,0,2,0-1 Miles,North America,0,29-34,27.2727272727273
M,M,2,No,Bachelors,Management,1,2,5-10 Miles,Pacific,0,65+,27.2727272727273
S,M,0,No,Partial High School,Clerical,0,2,0-1 Miles,North America,0,29-34,18.1818181818182
M,M,0,No,High School,Skilled Manual,1,2,5-10 Miles,North America,0,29-34,27.2727272727273
S,F,0,No,High School,Skilled Manual,0,2,0-1 Miles,North America,0,29-34,27.2727272727273
M,F,0,No,High School,Skilled Manual,1,2,5-10 Miles,North America,0,29-34,27.2727272727273
S,F,0,No,Partial High School,Clerical,1,2,5-10 Miles,North America,0,29-34,18.1818181818182
M,M,0,No,High School,Skilled Manual,1,2,5-10 Miles,North America,0,29-34,27.2727272727273
M,F,0,No,High School,Skilled Manual,0,2,0-1 Miles,North America,0,29-34,27.2727272727273
S,F,2,No,Partial College,Clerical,0,2,5-10 Miles,Pacific,1,65+,18.1818181818182
M,M,2,No,Bachelors,Management,1,2,0-1 Miles,Pacific,1,56-65,27.2727272727273
M,F,2,No,Bachelors,Management,1,2,5-10 Miles,Pacific,1,65+,27.2727272727273
M,F,0,No,Partial College,Skilled Manual,1,1,5-10 Miles,North America,0,29-34,27.2727272727273
S,F,0,No,Partial College,Skilled Manual,0,1,1-2 Miles,North America,0,29-34,27.2727272727273
S,F,0,No,Partial College,Skilled Manual,1,1,5-10 Miles,North America,0,35-40,45.4545454545455
S,M,0,No,Partial College,Skilled Manual,0,1,1-2 Miles,North America,1,35-40,45.4545454545455
S,M,0,No,Partial College,Skilled Manual,0,2,0-1 Miles,North America,1,35-40,63.6363636363636
M,F,0,No,Bachelors,Management,1,1,1-2 Miles,North America,1,35-40,72.7272727272727
S,F,0,No,Bachelors,Management,1,1,1-2 Miles,North America,1,35-40,72.7272727272727
M,M,0,No,Bachelors,Management,1,1,1-2 Miles,North America,1,35-40,72.7272727272727
M,M,0,No,Bachelors,Management,1,1,1-2 Miles,North America,1,41-45,72.7272727272727
M,F,0,No,Bachelors,Management,1,1,1-2 Miles,North America,1,35-40,72.7272727272727
M,M,0,No,Bachelors,Management,1,1,1-2 Miles,North America,1,41-45,72.7272727272727
M,F,0,Si,Graduate Degree,Management,1,1,10+ Miles,North America,0,41-45,90.9090909090909
S,M,0,Si,Bachelors,Management,0,4,1-2 Miles,North America,0,41-45,90.9090909090909
S,M,4,Si,Partial College,Skilled Manual,0,3,1-2 Miles,North America,0,41-45,81.8181818181818
S,F,2,No,Bachelors,Management,0,3,1-2 Miles,North America,0,41-45,81.8181818181818
M,M,1,No,Graduate Degree,Management,1,3,0-1 Miles,North America,0,35-40,90.9090909090909
M,M,0,No,High School,Skilled Manual,0,2,1-2 Miles,North America,0,29-34,27.2727272727273
M,M,0,No,Partial College,Skilled Manual,1,1,5-10 Miles,North America,0,29-34,18.1818181818182
S,M,0,No,Partial College,Skilled Manual,1,1,5-10 Miles,North America,0,29-34,18.1818181818182
M,F,4,No,High School,Skilled Manual,1,2,5-10 Miles,Pacific,0,56-65,9.09090909090909
M,M,0,No,High School,Skilled Manual,1,2,5-10 Miles,North America,0,29-34,27.2727272727273
S,M,0,No,Partial High School,Clerical,1,2,5-10 Miles,North America,0,29-34,27.2727272727273
M,M,0,No,Partial College,Skilled Manual,1,1,5-10 Miles,North America,0,29-34,18.1818181818182
M,M,4,No,High School,Skilled Manual,1,2,5-10 Miles,Pacific,0,56-65,9.09090909090909
M,M,4,No,High School,Skilled Manual,0,2,1-2 Miles,Pacific,0,56-65,9.09090909090909
M,F,4,No,High School,Skilled Manual,1,2,5-10 Miles,Pacific,0,56-65,9.09090909090909
M,M,1,Si,Graduate Degree,Skilled Manual,1,0,0-1 Miles,North America,1,35-40,63.6363636363636
M,F,1,Si,Graduate Degree,Skilled Manual,1,0,1-2 Miles,North America,1,35-40,63.6363636363636
M,F,1,Si,Graduate Degree,Skilled Manual,1,0,1-2 Miles,North America,1,35-40,63.6363636363636
M,M,1,Si,Graduate Degree,Skilled Manual,1,0,0-1 Miles,North America,1,35-40,63.6363636363636
M,F,1,No,Graduate Degree,Skilled Manual,1,0,1-2 Miles,North America,1,35-40,45.4545454545455
M,F,0,No,Partial College,Professional,1,1,10+ Miles,North America,0,46-50,81.8181818181818
M,F,0,Si,Partial College,Professional,1,2,2-5 Miles,North America,1,46-50,81.8181818181818
S,F,5,Si,Partial College,Professional,1,2,5-10 Miles,North America,0,46-50,72.7272727272727
M,F,5,Si,Partial College,Professional,1,3,5-10 Miles,North America,0,41-45,81.8181818181818
M,F,1,Si,Partial College,Professional,1,3,1-2 Miles,North America,0,46-50,81.8181818181818
M,M,1,Si,Partial College,Professional,1,4,1-2 Miles,North America,0,46-50,81.8181818181818
S,F,1,Si,Partial College,Professional,1,4,5-10 Miles,North America,1,41-45,90.9090909090909
S,M,1,Si,Bachelors,Management,0,4,0-1 Miles,North America,0,46-50,90.9090909090909
M,F,1,Si,Bachelors,Management,1,4,2-5 Miles,North America,1,46-50,90.9090909090909
M,M,5,Si,Partial College,Professional,1,3,1-2 Miles,North America,0,41-45,72.7272727272727
M,M,4,Si,High School,Professional,1,2,1-2 Miles,North America,0,46-50,81.8181818181818
S,F,4,Si,High School,Professional,1,2,5-10 Miles,North America,0,41-45,81.8181818181818
M,M,1,Si,Bachelors,Management,1,3,2-5 Miles,North America,1,46-50,90.9090909090909
M,M,1,Si,Bachelors,Management,1,3,2-5 Miles,North America,1,41-45,90.9090909090909
S,F,1,Si,Bachelors,Management,0,3,2-5 Miles,North America,1,46-50,90.9090909090909
M,F,1,Si,Bachelors,Management,1,3,0-1 Miles,North America,1,41-45,90.9090909090909
S,M,1,Si,Bachelors,Management,0,3,0-1 Miles,North America,1,46-50,90.9090909090909
S,M,2,No,Partial High School,Skilled Manual,1,2,5-10 Miles,North America,0,51-55,72.7272727272727
S,F,2,No,High School,Professional,0,2,1-2 Miles,North America,1,51-55,45.4545454545455
M,M,2,No,High School,Professional,0,2,1-2 Miles,North America,1,51-55,45.4545454545455
M,M,2,No,High School,Professional,0,2,1-2 Miles,North America,1,51-55,45.4545454545455
S,F,4,Si,High School,Professional,1,0,5-10 Miles,North America,1,51-55,63.6363636363636
S,F,4,Si,High School,Professional,1,0,5-10 Miles,North America,1,51-55,63.6363636363636
M,F,4,Si,High School,Professional,1,1,1-2 Miles,North America,0,51-55,63.6363636363636
M,M,2,No,Partial High School,Skilled Manual,1,2,5-10 Miles,North America,0,51-55,63.6363636363636
M,M,2,No,Partial High School,Skilled Manual,0,2,1-2 Miles,North America,0,46-50,63.6363636363636
M,F,3,No,Partial College,Professional,1,2,5-10 Miles,North America,0,65+,27.2727272727273
M,F,4,No,Graduate Degree,Management,1,2,1-2 Miles,North America,1,65+,63.6363636363636
M,F,3,No,Partial College,Professional,1,2,5-10 Miles,North America,0,65+,27.2727272727273
S,F,2,No,Graduate Degree,Management,0,2,1-2 Miles,North America,0,65+,45.4545454545455
M,M,2,No,Graduate Degree,Management,1,2,5-10 Miles,North America,0,65+,45.4545454545455
M,M,2,No,Graduate Degree,Management,1,2,5-10 Miles,North America,0,65+,45.4545454545455
M,M,2,Si,Graduate Degree,Management,1,3,0-1 Miles,North America,0,65+,90.9090909090909
M,F,4,Si,High School,Professional,1,3,5-10 Miles,North America,0,41-45,81.8181818181818
M,M,4,Si,High School,Professional,1,4,5-10 Miles,North America,0,46-50,81.8181818181818
M,M,0,Si,Partial College,Professional,1,0,5-10 Miles,North America,0,41-45,81.8181818181818
M,F,1,Si,High School,Professional,1,4,5-10 Miles,North America,1,46-50,90.9090909090909
M,F,2,No,Partial High School,Skilled Manual,0,2,1-2 Miles,North America,1,56-65,45.4545454545455
S,F,3,No,Graduate Degree,Management,1,2,5-10 Miles,North America,1,56-65,63.6363636363636
M,M,3,No,Graduate Degree,Management,1,2,5-10 Miles,North America,1,56-65,63.6363636363636
M,F,3,No,Partial College,Professional,1,2,5-10 Miles,North America,0,56-65,27.2727272727273
M,M,3,No,Partial College,Professional,1,2,5-10 Miles,North America,0,51-55,27.2727272727273
M,F,3,No,Graduate Degree,Management,1,2,1-2 Miles,North America,0,65+,45.4545454545455
M,F,3,No,Graduate Degree,Management,1,2,1-2 Miles,North America,0,65+,45.4545454545455
S,M,3,No,Graduate Degree,Management,1,2,10+ Miles,North America,0,65+,45.4545454545455
M,M,3,No,Graduate Degree,Management,1,2,10+ Miles,North America,0,65+,45.4545454545455
M,M,3,No,Graduate Degree,Management,1,2,1-2 Miles,North America,1,56-65,45.4545454545455
M,F,3,No,Graduate Degree,Management,1,2,10+ Miles,North America,0,65+,45.4545454545455
M,M,3,No,Graduate Degree,Management,1,2,10+ Miles,North America,0,65+,45.4545454545455
M,F,5,No,Graduate Degree,Management,1,2,1-2 Miles,North America,0,65+,63.6363636363636
M,F,5,No,Graduate Degree,Management,0,2,1-2 Miles,North America,0,65+,63.6363636363636
M,F,5,No,Graduate Degree,Management,0,2,1-2 Miles,North America,0,56-65,63.6363636363636
M,F,4,No,Bachelors,Management,1,2,5-10 Miles,North America,0,65+,72.7272727272727
M,M,4,No,Bachelors,Management,1,2,1-2 Miles,North America,1,65+,72.7272727272727
S,F,4,No,Bachelors,Management,0,2,1-2 Miles,North America,1,65+,45.4545454545455
M,F,3,No,Graduate Degree,Management,1,2,10+ Miles,North America,1,65+,45.4545454545455
M,M,3,No,Graduate Degree,Management,1,2,1-2 Miles,North America,0,65+,45.4545454545455
M,M,4,No,High School,Skilled Manual,1,2,5-10 Miles,Pacific,0,56-65,9.09090909090909
M,M,2,Si,Partial High School,Clerical,1,2,5-10 Miles,Pacific,0,56-65,9.09090909090909
S,F,2,No,Partial College,Clerical,0,2,5-10 Miles,Pacific,0,56-65,18.1818181818182
S,F,0,No,Partial College,Skilled Manual,1,2,5-10 Miles,North America,1,29-34,45.4545454545455
M,M,0,No,Partial College,Skilled Manual,1,2,5-10 Miles,North America,1,29-34,63.6363636363636
M,M,0,No,Partial College,Skilled Manual,1,2,5-10 Miles,North America,1,29-34,63.6363636363636
S,M,0,No,Partial High School,Clerical,0,2,5-10 Miles,North America,0,29-34,27.2727272727273
S,M,0,No,Partial High School,Clerical,0,2,5-10 Miles,North America,0,29-34,27.2727272727273
M,M,2,Si,High School,Skilled Manual,1,2,5-10 Miles,Pacific,0,56-65,9.09090909090909
M,F,2,Si,Partial High School,Clerical,1,2,5-10 Miles,Pacific,0,56-65,9.09090909090909
M,M,2,Si,Partial High School,Clerical,1,2,5-10 Miles,Pacific,0,56-65,9.09090909090909
S,M,0,No,Partial High School,Clerical,0,2,5-10 Miles,North America,0,29-34,27.2727272727273
M,M,0,No,Partial College,Skilled Manual,1,1,5-10 Miles,North America,0,29-34,27.2727272727273
S,M,0,No,Partial College,Skilled Manual,0,1,1-2 Miles,North America,0,29-34,27.2727272727273
S,M,0,No,Partial College,Skilled Manual,0,2,1-2 Miles,North America,0,29-34,45.4545454545455
S,F,0,No,Partial College,Skilled Manual,0,2,0-1 Miles,North America,0,29-34,63.6363636363636
M,M,0,No,Partial College,Skilled Manual,1,2,5-10 Miles,North America,0,29-34,63.6363636363636
M,F,2,Si,Partial High School,Clerical,1,2,5-10 Miles,Pacific,0,56-65,9.09090909090909
M,M,2,Si,Partial High School,Clerical,1,2,5-10 Miles,Pacific,0,56-65,9.09090909090909
M,F,2,Si,Partial High School,Clerical,1,2,5-10 Miles,Pacific,0,56-65,9.09090909090909
S,M,3,No,Partial College,Clerical,0,2,1-2 Miles,Pacific,1,56-65,18.1818181818182
S,M,3,No,Partial College,Clerical,0,2,1-2 Miles,Pacific,1,51-55,18.1818181818182
S,F,3,No,High School,Skilled Manual,0,2,1-2 Miles,Pacific,1,56-65,18.1818181818182
M,F,3,No,High School,Skilled Manual,1,2,5-10 Miles,Pacific,1,56-65,18.1818181818182
M,F,3,No,High School,Skilled Manual,1,2,5-10 Miles,Pacific,1,56-65,18.1818181818182
M,F,3,No,High School,Skilled Manual,1,2,5-10 Miles,Pacific,1,56-65,18.1818181818182
M,M,2,No,Partial College,Skilled Manual,0,2,1-2 Miles,Pacific,0,35-40,27.2727272727273
M,F,3,No,Partial College,Skilled Manual,1,2,5-10 Miles,Pacific,1,46-50,27.2727272727273
S,M,3,No,Partial High School,Clerical,0,2,5-10 Miles,Pacific,1,46-50,27.2727272727273
M,F,2,No,Partial College,Skilled Manual,1,2,5-10 Miles,Pacific,1,46-50,63.6363636363636
M,F,2,No,Partial College,Skilled Manual,1,2,5-10 Miles,Pacific,1,51-55,63.6363636363636
S,F,0,No,Partial College,Skilled Manual,1,2,5-10 Miles,North America,0,29-34,27.2727272727273
S,F,0,No,High School,Skilled Manual,1,2,5-10 Miles,North America,0,29-34,27.2727272727273
S,F,0,No,Partial College,Skilled Manual,0,2,1-2 Miles,North America,1,29-34,45.4545454545455
S,F,0,No,Partial College,Skilled Manual,0,2,1-2 Miles,North America,1,35-40,45.4545454545455
S,M,0,No,High School,Skilled Manual,0,2,1-2 Miles,North America,1,35-40,45.4545454545455
S,M,0,No,Partial College,Skilled Manual,1,2,5-10 Miles,North America,1,35-40,45.4545454545455
S,F,0,No,Partial College,Skilled Manual,0,2,5-10 Miles,North America,1,35-40,45.4545454545455
S,F,0,No,Partial College,Professional,1,2,5-10 Miles,North America,0,29-34,45.4545454545455
S,M,2,No,High School,Skilled Manual,0,2,1-2 Miles,Pacific,1,51-55,72.7272727272727
M,M,2,No,High School,Skilled Manual,1,2,5-10 Miles,Pacific,1,46-50,72.7272727272727
M,F,2,No,High School,Skilled Manual,1,2,5-10 Miles,Pacific,1,46-50,72.7272727272727
S,M,2,No,High School,Professional,1,2,5-10 Miles,Pacific,1,51-55,63.6363636363636
S,M,2,No,High School,Professional,0,2,1-2 Miles,Pacific,1,51-55,63.6363636363636
M,M,2,No,High School,Professional,1,2,5-10 Miles,Pacific,1,51-55,63.6363636363636
S,F,4,Si,Bachelors,Management,0,4,0-1 Miles,Pacific,0,46-50,90.9090909090909
S,F,4,Si,Bachelors,Management,0,4,0-1 Miles,Pacific,0,46-50,90.9090909090909
S,M,0,No,Bachelors,Management,0,1,2-5 Miles,North America,0,35-40,72.7272727272727
S,F,0,No,Bachelors,Management,0,1,0-1 Miles,North America,1,35-40,72.7272727272727
M,F,0,No,Partial College,Professional,0,2,1-2 Miles,North America,0,35-40,45.4545454545455
M,F,0,No,High School,Professional,0,2,1-2 Miles,North America,1,35-40,45.4545454545455
M,M,1,Si,Bachelors,Management,1,0,2-5 Miles,Pacific,0,41-45,90.9090909090909
M,F,4,Si,Bachelors,Management,1,1,2-5 Miles,Pacific,0,46-50,90.9090909090909
S,F,2,Si,Bachelors,Management,0,4,0-1 Miles,North America,0,35-40,90.9090909090909
M,F,2,No,Partial High School,Skilled Manual,1,2,5-10 Miles,North America,0,51-55,63.6363636363636
M,M,2,No,Partial High School,Skilled Manual,0,2,1-2 Miles,North America,0,51-55,63.6363636363636
M,F,2,No,High School,Professional,1,2,5-10 Miles,North America,0,51-55,45.4545454545455
M,F,2,No,High School,Professional,1,2,5-10 Miles,North America,0,51-55,45.4545454545455
M,M,3,Si,Partial College,Professional,1,0,5-10 Miles,North America,1,51-55,63.6363636363636
S,F,2,Si,Bachelors,Management,0,0,0-1 Miles,North America,1,51-55,72.7272727272727
M,F,2,Si,Bachelors,Management,0,1,0-1 Miles,North America,1,46-50,72.7272727272727
S,F,2,No,Partial College,Professional,0,1,2-5 Miles,North America,1,51-55,81.8181818181818
S,M,2,No,High School,Professional,0,2,1-2 Miles,North America,1,51-55,45.4545454545455
M,M,2,No,High School,Professional,1,2,5-10 Miles,North America,0,41-45,45.4545454545455
M,F,3,No,Partial College,Professional,1,2,5-10 Miles,North America,1,51-55,63.6363636363636
S,F,3,No,Partial College,Professional,0,2,0-1 Miles,North America,1,51-55,63.6363636363636
M,F,1,Si,Bachelors,Skilled Manual,1,0,0-1 Miles,North America,1,35-40,45.4545454545455
M,M,1,Si,Bachelors,Skilled Manual,1,0,0-1 Miles,North America,1,35-40,45.4545454545455
M,F,1,No,Graduate Degree,Professional,1,0,2-5 Miles,North America,1,29-34,45.4545454545455
S,F,2,No,Graduate Degree,Professional,1,0,2-5 Miles,North America,1,35-40,63.6363636363636
M,M,1,Si,Bachelors,Skilled Manual,1,1,0-1 Miles,North America,0,29-34,27.2727272727273
M,M,1,Si,Bachelors,Skilled Manual,1,1,2-5 Miles,North America,1,35-40,27.2727272727273
M,F,1,Si,Bachelors,Skilled Manual,1,1,0-1 Miles,North America,0,35-40,27.2727272727273
M,F,1,Si,Bachelors,Skilled Manual,1,1,0-1 Miles,North America,0,35-40,27.2727272727273
M,M,1,Si,Bachelors,Skilled Manual,1,1,2-5 Miles,North America,1,35-40,27.2727272727273
M,F,1,Si,Bachelors,Skilled Manual,1,1,0-1 Miles,North America,0,35-40,27.2727272727273
M,F,1,Si,Bachelors,Skilled Manual,1,1,0-1 Miles,North America,0,41-45,45.4545454545455
M,M,2,Si,Bachelors,Skilled Manual,1,0,2-5 Miles,North America,1,35-40,45.4545454545455
M,F,2,Si,Bachelors,Skilled Manual,1,0,2-5 Miles,North America,1,35-40,45.4545454545455
M,F,1,No,Graduate Degree,Professional,1,0,2-5 Miles,North America,1,35-40,45.4545454545455
M,F,1,No,Graduate Degree,Professional,1,0,2-5 Miles,North America,0,35-40,45.4545454545455
M,F,1,No,Graduate Degree,Professional,0,0,0-1 Miles,North America,1,35-40,45.4545454545455
M,M,2,No,Graduate Degree,Professional,1,0,2-5 Miles,North America,1,35-40,63.6363636363636
M,F,2,No,Graduate Degree,Professional,1,0,2-5 Miles,North America,1,29-34,63.6363636363636
M,M,3,No,Graduate Degree,Professional,1,0,2-5 Miles,North America,1,35-40,63.6363636363636
S,F,3,No,Graduate Degree,Professional,1,0,2-5 Miles,North America,1,35-40,63.6363636363636
M,F,1,No,Graduate Degree,Professional,1,0,0-1 Miles,North America,1,35-40,72.7272727272727
S,M,1,No,Graduate Degree,Professional,0,0,0-1 Miles,North America,1,35-40,45.4545454545455
M,F,1,No,Graduate Degree,Professional,1,0,2-5 Miles,North America,1,35-40,45.4545454545455
S,M,4,Si,High School,Skilled Manual,1,3,10+ Miles,North America,1,35-40,27.2727272727273
S,F,2,Si,Bachelors,Skilled Manual,1,0,2-5 Miles,North America,1,41-45,63.6363636363636
M,F,2,Si,Bachelors,Skilled Manual,1,1,2-5 Miles,North America,1,41-45,63.6363636363636
S,M,2,Si,Bachelors,Skilled Manual,1,1,2-5 Miles,North America,1,35-40,63.6363636363636
S,M,2,Si,Bachelors,Skilled Manual,0,1,0-1 Miles,North America,1,41-45,63.6363636363636
M,M,0,No,Bachelors,Professional,0,1,0-1 Miles,North America,0,35-40,27.2727272727273
M,F,1,No,Graduate Degree,Professional,1,0,2-5 Miles,North America,1,29-34,45.4545454545455
S,M,2,No,Graduate Degree,Professional,0,0,0-1 Miles,North America,1,29-34,45.4545454545455
S,F,4,No,Graduate Degree,Professional,0,0,0-1 Miles,North America,1,35-40,63.6363636363636
M,F,1,No,Graduate Degree,Professional,1,0,0-1 Miles,North America,1,35-40,72.7272727272727
M,M,2,Si,Bachelors,Skilled Manual,1,1,2-5 Miles,North America,1,41-45,45.4545454545455
S,F,2,Si,Bachelors,Skilled Manual,0,1,0-1 Miles,North America,1,35-40,45.4545454545455
S,M,2,Si,Bachelors,Skilled Manual,0,1,0-1 Miles,North America,1,41-45,45.4545454545455
M,M,2,Si,Bachelors,Skilled Manual,1,1,2-5 Miles,North America,1,41-45,45.4545454545455
S,F,0,No,Graduate Degree,Professional,0,0,0-1 Miles,North America,0,41-45,45.4545454545455
S,M,0,No,Graduate Degree,Professional,1,0,2-5 Miles,North America,1,35-40,45.4545454545455
M,F,0,No,Graduate Degree,Professional,0,0,0-1 Miles,North America,0,35-40,45.4545454545455
S,F,0,No,Graduate Degree,Professional,1,0,2-5 Miles,North America,1,41-45,45.4545454545455
S,F,0,No,Graduate Degree,Professional,0,0,0-1 Miles,North America,0,35-40,45.4545454545455
M,M,4,No,Graduate Degree,Professional,1,0,2-5 Miles,North America,1,41-45,63.6363636363636
M,M,4,No,Graduate Degree,Professional,1,0,2-5 Miles,North America,1,35-40,63.6363636363636
M,M,5,No,Graduate Degree,Professional,0,0,0-1 Miles,North America,1,35-40,63.6363636363636
S,M,5,Si,Graduate Degree,Professional,1,2,2-5 Miles,North America,0,35-40,63.6363636363636
M,F,3,No,Graduate Degree,Professional,0,0,0-1 Miles,North America,1,41-45,72.7272727272727
S,M,3,No,Partial High School,Clerical,0,2,0-1 Miles,North America,0,65+,9.09090909090909
S,M,0,No,Bachelors,Professional,0,1,2-5 Miles,North America,0,35-40,27.2727272727273
M,F,0,No,Bachelors,Professional,0,1,0-1 Miles,North America,0,41-45,27.2727272727273
M,F,3,Si,Bachelors,Skilled Manual,1,1,2-5 Miles,North America,0,41-45,45.4545454545455
M,F,3,Si,Bachelors,Skilled Manual,1,2,0-1 Miles,North America,0,35-40,45.4545454545455
S,M,3,Si,Bachelors,Skilled Manual,1,2,2-5 Miles,North America,1,41-45,45.4545454545455
S,M,3,Si,Bachelors,Skilled Manual,0,2,0-1 Miles,North America,0,29-34,45.4545454545455
M,M,3,Si,Bachelors,Skilled Manual,1,2,2-5 Miles,North America,0,29-34,45.4545454545455
S,F,3,Si,Bachelors,Skilled Manual,0,2,0-1 Miles,North America,0,41-45,45.4545454545455
M,M,3,Si,Bachelors,Skilled Manual,1,2,2-5 Miles,North America,0,29-34,45.4545454545455
M,F,3,Si,Bachelors,Skilled Manual,1,2,0-1 Miles,North America,0,41-45,45.4545454545455
S,F,3,Si,Bachelors,Skilled Manual,0,2,0-1 Miles,North America,0,35-40,45.4545454545455
M,M,3,Si,Bachelors,Skilled Manual,1,3,10+ Miles,North America,0,41-45,45.4545454545455
S,M,4,Si,Bachelors,Skilled Manual,0,1,0-1 Miles,North America,0,41-45,45.4545454545455
S,F,0,No,Bachelors,Professional,0,1,0-1 Miles,North America,1,41-45,27.2727272727273
S,F,0,No,Bachelors,Professional,0,1,2-5 Miles,North America,0,35-40,27.2727272727273
S,M,0,No,Bachelors,Professional,0,1,2-5 Miles,North America,0,29-34,27.2727272727273
M,M,4,Si,Bachelors,Skilled Manual,1,3,10+ Miles,North America,0,41-45,45.4545454545455
S,F,1,No,Graduate Degree,Professional,1,1,2-5 Miles,North America,0,65+,45.4545454545455
S,M,4,Si,Bachelors,Skilled Manual,1,2,2-5 Miles,North America,1,35-40,45.4545454545455
M,M,4,Si,Bachelors,Professional,1,2,2-5 Miles,North America,1,46-50,63.6363636363636
M,F,4,Si,Bachelors,Professional,1,2,2-5 Miles,North America,1,46-50,63.6363636363636
S,M,0,No,Bachelors,Professional,0,1,0-1 Miles,North America,0,35-40,63.6363636363636
S,M,0,No,Bachelors,Professional,0,1,2-5 Miles,North America,1,41-45,63.6363636363636
M,F,4,Si,Bachelors,Professional,1,2,2-5 Miles,North America,1,35-40,63.6363636363636
M,M,4,Si,Bachelors,Professional,0,4,0-1 Miles,North America,0,35-40,63.6363636363636
S,M,3,Si,Graduate Degree,Professional,0,0,0-1 Miles,North America,1,46-50,45.4545454545455
S,F,3,Si,Graduate Degree,Professional,1,0,2-5 Miles,North America,1,46-50,45.4545454545455
S,F,0,No,High School,Manual,1,1,2-5 Miles,Europe,0,29-34,18.1818181818182
S,F,0,No,High School,Manual,0,1,1-2 Miles,Europe,0,35-40,18.1818181818182
S,M,0,No,High School,Manual,0,1,1-2 Miles,Europe,1,35-40,18.1818181818182
S,M,0,No,Partial High School,Manual,1,2,1-2 Miles,Europe,0,29-34,9.09090909090909
S,F,0,No,High School,Manual,1,1,2-5 Miles,Europe,1,29-34,18.1818181818182
M,M,1,Si,Bachelors,Skilled Manual,1,1,1-2 Miles,Europe,1,29-34,27.2727272727273
M,M,1,Si,Bachelors,Skilled Manual,1,1,1-2 Miles,Europe,1,35-40,27.2727272727273
S,F,0,No,Graduate Degree,Skilled Manual,1,0,1-2 Miles,Europe,1,35-40,27.2727272727273
S,M,0,No,High School,Manual,0,1,2-5 Miles,Europe,1,29-34,18.1818181818182
S,F,0,No,High School,Manual,0,1,2-5 Miles,Europe,1,35-40,18.1818181818182
S,F,0,No,Partial High School,Manual,0,2,0-1 Miles,Europe,0,35-40,9.09090909090909
S,F,0,No,Partial High School,Manual,0,2,1-2 Miles,Europe,0,29-34,9.09090909090909
S,F,0,No,High School,Manual,0,1,2-5 Miles,Europe,1,35-40,18.1818181818182
S,M,0,No,High School,Manual,0,1,2-5 Miles,Europe,1,35-40,18.1818181818182
S,M,0,No,High School,Manual,0,1,2-5 Miles,Europe,1,35-40,18.1818181818182
S,M,2,Si,Partial College,Clerical,1,1,1-2 Miles,Europe,1,35-40,27.2727272727273
S,M,2,Si,Partial College,Clerical,1,1,1-2 Miles,Europe,1,35-40,27.2727272727273
S,M,2,Si,Partial College,Clerical,1,2,1-2 Miles,Europe,0,35-40,27.2727272727273
S,F,2,Si,Partial College,Clerical,1,2,1-2 Miles,Europe,0,35-40,27.2727272727273
S,M,2,Si,Partial College,Clerical,1,2,1-2 Miles,Europe,0,35-40,27.2727272727273
S,M,3,Si,Partial College,Clerical,1,0,1-2 Miles,North America,1,29-34,27.2727272727273
S,M,3,Si,Partial College,Clerical,1,2,1-2 Miles,North America,1,35-40,27.2727272727273
S,M,3,Si,Partial College,Clerical,1,2,0-1 Miles,North America,0,35-40,27.2727272727273
S,M,3,Si,Partial College,Clerical,1,2,0-1 Miles,North America,0,35-40,27.2727272727273
S,M,0,No,Graduate Degree,Skilled Manual,1,0,1-2 Miles,North America,1,35-40,45.4545454545455
M,F,1,No,Graduate Degree,Skilled Manual,1,1,0-1 Miles,North America,0,65+,27.2727272727273
S,F,0,No,Graduate Degree,Skilled Manual,0,0,0-1 Miles,North America,0,41-45,45.4545454545455
S,F,0,No,Graduate Degree,Skilled Manual,0,0,0-1 Miles,North America,0,35-40,45.4545454545455
S,F,0,No,Graduate Degree,Skilled Manual,0,0,0-1 Miles,North America,0,41-45,45.4545454545455
S,M,0,No,Graduate Degree,Skilled Manual,0,0,0-1 Miles,North America,0,41-45,45.4545454545455
M,F,2,Si,High School,Manual,1,2,1-2 Miles,North America,0,56-65,9.09090909090909
S,F,2,No,High School,Manual,0,2,1-2 Miles,North America,0,51-55,9.09090909090909
M,F,2,No,High School,Manual,1,2,1-2 Miles,North America,0,56-65,9.09090909090909
M,M,2,No,High School,Manual,0,2,0-1 Miles,North America,0,56-65,9.09090909090909
S,F,2,No,High School,Manual,0,2,0-1 Miles,North America,0,56-65,9.09090909090909
S,F,2,No,High School,Manual,0,2,1-2 Miles,North America,0,56-65,9.09090909090909
S,M,2,No,High School,Manual,0,2,1-2 Miles,North America,0,56-65,9.09090909090909
S,M,2,No,Partial High School,Manual,0,2,0-1 Miles,North America,0,41-45,9.09090909090909
S,M,1,No,High School,Clerical,0,1,5-10 Miles,North America,0,51-55,18.1818181818182
M,M,1,No,Partial College,Clerical,1,1,1-2 Miles,North America,1,51-55,27.2727272727273
S,F,1,No,High School,Clerical,0,2,1-2 Miles,North America,0,51-55,18.1818181818182
M,M,2,No,High School,Clerical,1,2,1-2 Miles,North America,0,51-55,18.1818181818182
M,M,2,No,High School,Clerical,1,2,1-2 Miles,North America,0,51-55,18.1818181818182
S,F,2,No,High School,Clerical,0,2,1-2 Miles,North America,0,51-55,18.1818181818182
S,F,2,No,High School,Clerical,0,2,0-1 Miles,North America,0,51-55,18.1818181818182
S,M,2,No,High School,Skilled Manual,0,2,0-1 Miles,North America,0,46-50,18.1818181818182
M,M,1,No,Partial College,Clerical,1,1,1-2 Miles,North America,1,46-50,27.2727272727273
M,F,1,No,Partial College,Clerical,1,1,1-2 Miles,North America,1,51-55,27.2727272727273
M,F,1,No,Partial College,Clerical,1,1,1-2 Miles,North America,1,51-55,27.2727272727273
M,M,1,No,Partial College,Clerical,1,1,1-2 Miles,North America,1,46-50,27.2727272727273
M,F,1,No,Partial College,Clerical,0,1,0-1 Miles,North America,1,51-55,27.2727272727273
M,F,1,No,Partial College,Clerical,1,1,1-2 Miles,North America,1,51-55,27.2727272727273
M,F,1,No,Partial College,Clerical,1,1,1-2 Miles,North America,1,41-45,27.2727272727273
M,F,2,No,High School,Skilled Manual,0,2,0-1 Miles,North America,0,51-55,18.1818181818182
M,M,2,No,High School,Skilled Manual,1,2,1-2 Miles,North America,0,46-50,18.1818181818182
M,M,2,No,High School,Skilled Manual,1,2,1-2 Miles,North America,0,51-55,18.1818181818182
M,M,2,No,High School,Skilled Manual,1,2,1-2 Miles,North America,0,46-50,18.1818181818182
M,M,2,No,High School,Skilled Manual,1,2,1-2 Miles,North America,0,51-55,18.1818181818182
M,M,2,No,High School,Skilled Manual,1,2,1-2 Miles,North America,1,51-55,18.1818181818182
M,M,2,No,High School,Skilled Manual,1,2,1-2 Miles,North America,0,51-55,18.1818181818182
S,F,2,No,High School,Skilled Manual,0,2,0-1 Miles,North America,0,51-55,18.1818181818182
S,M,2,No,High School,Skilled Manual,0,2,0-1 Miles,North America,0,51-55,18.1818181818182
M,F,2,No,High School,Skilled Manual,1,2,1-2 Miles,North America,0,46-50,18.1818181818182
M,F,1,No,Partial College,Clerical,1,1,1-2 Miles,North America,1,51-55,27.2727272727273
M,F,1,No,Partial College,Clerical,0,1,0-1 Miles,North America,0,51-55,27.2727272727273
S,F,2,No,Partial College,Clerical,1,1,1-2 Miles,North America,1,41-45,27.2727272727273
S,M,5,No,Graduate Degree,Skilled Manual,0,0,0-1 Miles,North America,0,29-34,72.7272727272727
S,F,4,No,Graduate Degree,Skilled Manual,0,0,0-1 Miles,North America,0,51-55,72.7272727272727
M,F,4,No,Graduate Degree,Skilled Manual,1,0,1-2 Miles,North America,0,46-50,72.7272727272727
S,M,2,No,Partial College,Clerical,0,1,1-2 Miles,North America,1,46-50,27.2727272727273
S,M,4,No,Graduate Degree,Skilled Manual,1,0,1-2 Miles,North America,0,41-45,45.4545454545455
M,M,4,No,Graduate Degree,Skilled Manual,1,0,1-2 Miles,North America,0,46-50,45.4545454545455
M,F,4,No,Graduate Degree,Skilled Manual,1,0,1-2 Miles,North America,0,41-45,45.4545454545455
M,M,4,No,Graduate Degree,Skilled Manual,1,0,1-2 Miles,North America,0,46-50,45.4545454545455
S,M,4,No,Graduate Degree,Skilled Manual,0,0,0-1 Miles,North America,0,41-45,45.4545454545455
S,F,4,No,Graduate Degree,Skilled Manual,0,0,0-1 Miles,North America,0,51-55,45.4545454545455
M,F,4,No,Graduate Degree,Skilled Manual,1,0,1-2 Miles,North America,0,46-50,45.4545454545455
S,F,4,No,Graduate Degree,Skilled Manual,0,0,0-1 Miles,North America,0,46-50,45.4545454545455
S,F,4,Si,Partial College,Clerical,1,2,1-2 Miles,North America,1,35-40,27.2727272727273
S,M,4,Si,Partial College,Clerical,0,2,0-1 Miles,North America,0,35-40,27.2727272727273
S,M,0,No,Graduate Degree,Skilled Manual,0,0,0-1 Miles,North America,0,35-40,27.2727272727273
M,F,4,Si,Partial College,Skilled Manual,1,3,1-2 Miles,North America,0,35-40,81.8181818181818
S,F,3,No,Bachelors,Management,0,3,1-2 Miles,North America,0,41-45,81.8181818181818
M,M,2,Si,Bachelors,Management,1,4,2-5 Miles,North America,0,41-45,90.9090909090909
S,M,0,No,High School,Skilled Manual,0,2,1-2 Miles,North America,1,29-34,27.2727272727273
M,M,0,No,High School,Skilled Manual,1,2,5-10 Miles,North America,0,29-34,27.2727272727273
S,M,0,No,Partial College,Skilled Manual,1,1,5-10 Miles,North America,0,29-34,27.2727272727273
M,F,5,No,High School,Skilled Manual,1,2,5-10 Miles,Pacific,0,56-65,9.09090909090909
S,M,0,No,High School,Skilled Manual,0,2,1-2 Miles,North America,1,29-34,27.2727272727273
M,F,2,Si,High School,Skilled Manual,1,2,5-10 Miles,Pacific,0,56-65,9.09090909090909
M,F,4,No,High School,Skilled Manual,0,2,1-2 Miles,Pacific,0,56-65,9.09090909090909
M,F,4,No,High School,Skilled Manual,1,2,5-10 Miles,Pacific,0,56-65,9.09090909090909
M,F,2,No,Bachelors,Management,0,2,1-2 Miles,Pacific,1,56-65,27.2727272727273
M,F,2,No,Bachelors,Management,1,2,5-10 Miles,Pacific,1,56-65,27.2727272727273
S,F,4,No,High School,Skilled Manual,0,2,1-2 Miles,Pacific,0,56-65,9.09090909090909
M,M,4,No,High School,Skilled Manual,1,2,5-10 Miles,Pacific,1,56-65,9.09090909090909
M,M,2,No,Partial College,Clerical,0,2,1-2 Miles,Pacific,1,41-45,18.1818181818182
M,F,2,No,Partial College,Clerical,1,2,5-10 Miles,Pacific,0,56-65,18.1818181818182
S,M,3,No,Partial College,Clerical,0,2,1-2 Miles,Pacific,1,56-65,18.1818181818182
M,F,2,Si,Partial High School,Clerical,1,2,5-10 Miles,Pacific,0,56-65,9.09090909090909
S,M,0,No,Partial College,Skilled Manual,1,2,5-10 Miles,North America,1,29-34,45.4545454545455
M,M,0,No,Partial College,Skilled Manual,1,2,5-10 Miles,North America,1,29-34,63.6363636363636
M,F,2,Si,Partial High School,Clerical,1,2,5-10 Miles,Pacific,1,56-65,9.09090909090909
M,M,2,Si,Partial High School,Clerical,1,2,1-2 Miles,Pacific,1,56-65,9.09090909090909
M,M,2,Si,Partial High School,Clerical,1,2,5-10 Miles,Pacific,1,51-55,9.09090909090909
M,M,2,Si,Partial High School,Clerical,1,2,1-2 Miles,Pacific,1,56-65,9.09090909090909
M,F,2,Si,Partial High School,Clerical,1,2,1-2 Miles,Pacific,1,56-65,9.09090909090909
M,F,2,Si,Partial High School,Clerical,1,2,5-10 Miles,Pacific,1,56-65,9.09090909090909
S,F,0,No,Partial High School,Clerical,0,2,5-10 Miles,North America,1,29-34,27.2727272727273
S,F,0,No,Partial College,Skilled Manual,0,2,1-2 Miles,North America,0,29-34,18.1818181818182
M,M,0,No,Partial College,Skilled Manual,1,2,5-10 Miles,North America,1,29-34,18.1818181818182
M,F,2,Si,Partial High School,Clerical,1,3,5-10 Miles,Pacific,0,56-65,9.09090909090909
S,M,2,No,Partial College,Skilled Manual,0,2,1-2 Miles,Pacific,0,56-65,27.2727272727273
M,M,2,No,Partial College,Skilled Manual,1,2,5-10 Miles,Pacific,1,46-50,72.7272727272727
S,M,2,No,Partial College,Skilled Manual,1,2,5-10 Miles,Pacific,1,46-50,72.7272727272727
M,M,0,No,Partial College,Skilled Manual,0,2,1-2 Miles,North America,0,29-34,27.2727272727273
S,M,0,No,High School,Skilled Manual,0,2,1-2 Miles,North America,1,29-34,27.2727272727273
S,M,0,No,High School,Skilled Manual,1,2,5-10 Miles,North America,0,35-40,27.2727272727273
M,F,0,No,High School,Skilled Manual,1,2,5-10 Miles,North America,0,29-34,27.2727272727273
M,M,0,No,Partial College,Skilled Manual,1,2,5-10 Miles,North America,0,29-34,45.4545454545455
M,M,0,No,Partial College,Skilled Manual,1,2,5-10 Miles,North America,1,29-34,45.4545454545455
S,F,0,No,Partial College,Skilled Manual,1,2,5-10 Miles,North America,1,35-40,45.4545454545455
M,F,0,No,Partial College,Professional,1,2,5-10 Miles,North America,1,35-40,63.6363636363636
S,M,0,No,Partial College,Professional,0,2,0-1 Miles,North America,1,35-40,63.6363636363636
S,F,0,No,Partial College,Professional,1,2,5-10 Miles,North America,1,35-40,63.6363636363636
S,M,2,No,High School,Skilled Manual,1,2,5-10 Miles,Pacific,1,51-55,63.6363636363636
S,F,2,No,High School,Skilled Manual,0,2,1-2 Miles,Pacific,1,51-55,63.6363636363636
S,M,1,Si,Bachelors,Management,0,1,10+ Miles,Pacific,0,51-55,81.8181818181818
S,F,1,Si,Bachelors,Management,1,3,2-5 Miles,Pacific,0,46-50,81.8181818181818
M,M,1,Si,Bachelors,Management,1,3,2-5 Miles,Pacific,0,46-50,81.8181818181818
S,F,1,Si,Bachelors,Management,0,3,0-1 Miles,Pacific,1,51-55,81.8181818181818
S,F,0,No,Bachelors,Management,0,1,2-5 Miles,North America,0,35-40,72.7272727272727
S,F,0,No,Bachelors,Management,1,1,2-5 Miles,North America,0,29-34,72.7272727272727
S,M,0,No,High School,Professional,0,2,1-2 Miles,North America,1,35-40,45.4545454545455
S,M,0,No,Partial College,Professional,0,2,1-2 Miles,North America,1,35-40,45.4545454545455
M,F,0,No,Partial College,Professional,1,2,5-10 Miles,North America,0,35-40,45.4545454545455
S,M,0,No,Partial College,Professional,1,2,5-10 Miles,North America,0,35-40,45.4545454545455
S,M,0,No,Partial College,Professional,0,2,1-2 Miles,North America,1,35-40,45.4545454545455
S,F,0,No,Partial College,Professional,0,2,1-2 Miles,North America,1,35-40,45.4545454545455
S,M,0,No,Partial College,Professional,1,2,5-10 Miles,North America,0,35-40,45.4545454545455
M,M,0,No,High School,Professional,1,2,5-10 Miles,North America,1,29-34,45.4545454545455
S,M,0,Si,Graduate Degree,Management,0,3,0-1 Miles,North America,1,41-45,90.9090909090909
S,M,1,Si,Graduate Degree,Management,0,4,0-1 Miles,North America,0,41-45,90.9090909090909
S,F,1,Si,Graduate Degree,Management,0,4,0-1 Miles,North America,0,51-55,90.9090909090909
S,M,2,No,Partial High School,Skilled Manual,1,2,5-10 Miles,North America,0,51-55,63.6363636363636
M,M,2,No,Partial High School,Skilled Manual,1,2,5-10 Miles,North America,0,51-55,63.6363636363636
S,F,0,No,Bachelors,Professional,0,1,2-5 Miles,North America,0,41-45,27.2727272727273
S,F,0,No,Bachelors,Professional,1,1,2-5 Miles,North America,1,41-45,27.2727272727273
S,M,4,Si,Bachelors,Skilled Manual,0,2,0-1 Miles,North America,0,46-50,45.4545454545455
M,F,4,Si,Bachelors,Skilled Manual,1,2,0-1 Miles,North America,0,41-45,45.4545454545455
M,F,5,Si,Bachelors,Skilled Manual,1,3,10+ Miles,North America,0,41-45,45.4545454545455
S,F,4,Si,Bachelors,Skilled Manual,0,2,0-1 Miles,North America,1,29-34,45.4545454545455
S,F,4,Si,Bachelors,Professional,0,2,0-1 Miles,North America,1,41-45,63.6363636363636
S,F,3,Si,Graduate Degree,Professional,1,0,2-5 Miles,North America,1,46-50,45.4545454545455
M,M,3,Si,Graduate Degree,Professional,1,0,2-5 Miles,North America,1,46-50,45.4545454545455
S,F,3,Si,Graduate Degree,Professional,1,0,2-5 Miles,North America,1,46-50,45.4545454545455
M,F,1,No,Bachelors,Professional,1,1,2-5 Miles,North America,1,46-50,63.6363636363636
M,M,1,No,Bachelors,Professional,0,1,0-1 Miles,North America,1,46-50,63.6363636363636
M,M,1,No,Bachelors,Professional,1,1,2-5 Miles,North America,1,35-40,63.6363636363636
M,F,1,No,Partial College,Skilled Manual,1,1,0-1 Miles,North America,1,46-50,63.6363636363636
M,M,1,No,Partial College,Skilled Manual,1,1,2-5 Miles,North America,1,41-45,63.6363636363636
S,F,0,No,Bachelors,Professional,0,2,2-5 Miles,North America,0,35-40,18.1818181818182
M,M,4,Si,High School,Skilled Manual,1,3,10+ Miles,North America,0,35-40,27.2727272727273
M,F,4,Si,High School,Skilled Manual,1,3,10+ Miles,North America,0,46-50,27.2727272727273
M,M,1,No,Partial College,Skilled Manual,1,1,0-1 Miles,North America,1,46-50,45.4545454545455
M,M,1,No,Partial College,Skilled Manual,1,1,0-1 Miles,North America,1,46-50,45.4545454545455
M,F,1,No,Partial College,Skilled Manual,1,1,2-5 Miles,North America,1,46-50,45.4545454545455
M,M,1,No,Partial College,Skilled Manual,1,1,2-5 Miles,North America,1,41-45,45.4545454545455
S,M,4,Si,High School,Skilled Manual,1,2,2-5 Miles,North America,1,41-45,27.2727272727273
S,M,0,No,Bachelors,Professional,0,1,2-5 Miles,North America,0,46-50,27.2727272727273
S,F,0,No,Bachelors,Professional,0,1,2-5 Miles,North America,0,46-50,27.2727272727273
M,M,0,No,Bachelors,Professional,0,1,0-1 Miles,North America,0,46-50,27.2727272727273
S,M,0,No,Graduate Degree,Professional,0,1,2-5 Miles,North America,1,41-45,45.4545454545455
S,F,0,No,Graduate Degree,Professional,1,1,2-5 Miles,North America,1,41-45,45.4545454545455
S,F,0,No,Graduate Degree,Professional,1,1,2-5 Miles,North America,1,35-40,45.4545454545455
S,F,0,No,Graduate Degree,Professional,1,1,2-5 Miles,North America,1,35-40,45.4545454545455
S,F,0,No,Graduate Degree,Professional,0,1,0-1 Miles,North America,1,41-45,45.4545454545455
S,M,0,No,Graduate Degree,Professional,1,1,2-5 Miles,North America,1,41-45,45.4545454545455
M,F,1,No,Partial College,Skilled Manual,1,1,2-5 Miles,North America,1,41-45,45.4545454545455
M,F,1,No,Partial College,Skilled Manual,1,1,2-5 Miles,North America,1,46-50,45.4545454545455
M,M,1,No,Partial College,Skilled Manual,1,1,2-5 Miles,North America,1,46-50,45.4545454545455
M,M,1,No,Partial College,Skilled Manual,1,1,2-5 Miles,North America,1,46-50,45.4545454545455
M,M,4,Si,Bachelors,Professional,1,0,0-1 Miles,North America,0,29-34,45.4545454545455
M,M,4,Si,Bachelors,Professional,1,1,0-1 Miles,North America,0,41-45,45.4545454545455
M,F,4,Si,Bachelors,Professional,1,1,2-5 Miles,North America,0,46-50,45.4545454545455
S,M,1,No,Bachelors,Professional,0,1,0-1 Miles,North America,1,51-55,45.4545454545455
S,F,1,No,Bachelors,Professional,1,1,2-5 Miles,North America,1,51-55,45.4545454545455
S,F,5,Si,Graduate Degree,Professional,1,1,2-5 Miles,North America,0,35-40,63.6363636363636
M,M,5,Si,Graduate Degree,Professional,1,1,2-5 Miles,North America,0,51-55,63.6363636363636
S,F,5,No,Graduate Degree,Professional,0,0,0-1 Miles,North America,1,35-40,72.7272727272727
S,M,1,No,Graduate Degree,Management,1,0,0-1 Miles,Pacific,1,41-45,81.8181818181818
S,M,1,No,Graduate Degree,Management,1,0,0-1 Miles,Pacific,1,35-40,81.8181818181818
M,F,1,No,Graduate Degree,Management,1,0,1-2 Miles,Pacific,1,35-40,81.8181818181818
S,M,2,Si,Bachelors,Professional,0,1,0-1 Miles,Pacific,1,35-40,45.4545454545455
S,M,2,Si,Bachelors,Professional,1,1,2-5 Miles,Pacific,1,41-45,45.4545454545455
M,M,2,Si,Bachelors,Professional,1,1,0-1 Miles,Pacific,1,41-45,45.4545454545455
S,M,2,Si,Bachelors,Professional,1,1,2-5 Miles,Pacific,1,41-45,45.4545454545455
S,F,2,Si,Bachelors,Professional,1,1,2-5 Miles,Pacific,1,41-45,45.4545454545455
M,F,2,Si,Bachelors,Professional,1,1,0-1 Miles,Pacific,1,35-40,45.4545454545455
S,M,2,Si,Bachelors,Professional,0,1,0-1 Miles,Pacific,1,41-45,45.4545454545455
M,F,2,Si,Bachelors,Professional,1,1,2-5 Miles,Pacific,1,35-40,45.4545454545455
S,F,5,Si,Bachelors,Professional,1,3,10+ Miles,Pacific,0,29-34,63.6363636363636
S,M,1,No,Graduate Degree,Management,1,1,2-5 Miles,Pacific,1,35-40,90.9090909090909
S,M,1,No,Graduate Degree,Management,1,1,5-10 Miles,Pacific,1,35-40,90.9090909090909
S,M,1,No,Graduate Degree,Management,0,1,1-2 Miles,Pacific,1,41-45,90.9090909090909
M,M,5,Si,Bachelors,Professional,1,4,10+ Miles,Pacific,1,35-40,63.6363636363636
M,F,5,Si,Bachelors,Professional,0,4,10+ Miles,Pacific,0,29-34,63.6363636363636
M,F,5,Si,Graduate Degree,Management,0,3,0-1 Miles,Pacific,1,35-40,72.7272727272727
S,M,5,Si,Graduate Degree,Management,1,3,0-1 Miles,Pacific,0,35-40,72.7272727272727
M,M,5,Si,Bachelors,Professional,1,3,0-1 Miles,Pacific,0,41-45,72.7272727272727
M,F,5,Si,Bachelors,Professional,0,4,0-1 Miles,Pacific,0,35-40,72.7272727272727
S,F,0,No,Bachelors,Professional,1,0,1-2 Miles,Pacific,1,41-45,81.8181818181818
S,F,5,Si,Bachelors,Professional,1,4,10+ Miles,Pacific,0,35-40,63.6363636363636
M,F,5,Si,Bachelors,Professional,1,4,10+ Miles,Pacific,1,41-45,63.6363636363636
S,M,0,No,Bachelors,Professional,1,1,5-10 Miles,Pacific,1,41-45,63.6363636363636
S,M,0,No,Bachelors,Professional,0,1,0-1 Miles,Pacific,1,41-45,63.6363636363636
S,F,0,No,Bachelors,Professional,1,1,5-10 Miles,Pacific,1,41-45,63.6363636363636
S,F,0,No,Bachelors,Professional,0,1,0-1 Miles,Pacific,1,41-45,63.6363636363636
S,F,0,No,Bachelors,Professional,1,1,5-10 Miles,Pacific,1,35-40,63.6363636363636
S,F,0,No,Bachelors,Professional,0,1,5-10 Miles,Pacific,0,41-45,63.6363636363636
S,F,0,No,Bachelors,Professional,0,1,5-10 Miles,Pacific,0,35-40,63.6363636363636
S,M,0,No,Bachelors,Professional,0,1,5-10 Miles,Pacific,0,29-34,63.6363636363636
S,F,0,No,Partial High School,Manual,0,2,0-1 Miles,Europe,0,35-40,9.09090909090909
S,M,0,No,Partial High School,Manual,0,2,1-2 Miles,Europe,0,35-40,9.09090909090909
S,M,0,No,Partial High School,Manual,0,2,1-2 Miles,Europe,0,35-40,9.09090909090909
S,M,0,No,Partial College,Clerical,1,1,2-5 Miles,Europe,1,35-40,18.1818181818182
S,M,0,No,Partial College,Clerical,0,1,2-5 Miles,Europe,1,35-40,18.1818181818182
S,M,0,No,Partial College,Clerical,1,1,2-5 Miles,Europe,0,35-40,18.1818181818182
S,F,0,No,Partial College,Clerical,0,1,0-1 Miles,Europe,0,35-40,18.1818181818182
S,M,0,No,Partial College,Clerical,0,1,0-1 Miles,Europe,0,29-34,18.1818181818182
M,F,2,No,Partial High School,Skilled Manual,1,2,5-10 Miles,North America,0,51-55,63.6363636363636
M,M,2,No,High School,Professional,1,2,5-10 Miles,North America,0,51-55,45.4545454545455
S,M,2,No,High School,Professional,0,2,1-2 Miles,North America,1,46-50,45.4545454545455
M,F,2,No,High School,Professional,1,2,5-10 Miles,North America,0,51-55,45.4545454545455
M,M,2,No,High School,Professional,1,2,5-10 Miles,North America,0,51-55,45.4545454545455
M,M,3,Si,Partial College,Professional,1,0,5-10 Miles,North America,1,51-55,63.6363636363636
S,M,2,No,Partial College,Professional,0,1,2-5 Miles,North America,1,51-55,81.8181818181818
S,M,2,No,Partial High School,Skilled Manual,0,2,1-2 Miles,North America,0,51-55,72.7272727272727
M,M,2,No,Partial High School,Skilled Manual,1,2,5-10 Miles,North America,0,51-55,72.7272727272727
S,F,2,No,Partial High School,Skilled Manual,0,2,1-2 Miles,North America,0,51-55,72.7272727272727
S,F,2,No,Partial High School,Skilled Manual,0,2,1-2 Miles,North America,0,51-55,72.7272727272727
M,M,2,No,High School,Professional,1,2,5-10 Miles,North America,0,51-55,45.4545454545455
S,M,4,Si,Partial College,Professional,1,3,2-5 Miles,North America,1,41-45,81.8181818181818
M,F,5,Si,Partial College,Professional,1,3,2-5 Miles,North America,0,41-45,81.8181818181818
M,M,4,Si,Bachelors,Management,1,4,2-5 Miles,North America,1,35-40,81.8181818181818
S,M,3,Si,Bachelors,Management,0,4,1-2 Miles,North America,1,35-40,90.9090909090909
M,M,1,Si,Graduate Degree,Management,1,0,0-1 Miles,North America,0,41-45,90.9090909090909
S,F,4,Si,Partial College,Professional,1,2,2-5 Miles,North America,0,46-50,72.7272727272727
S,F,0,No,Partial College,Professional,1,1,5-10 Miles,North America,0,41-45,81.8181818181818
S,F,0,No,Partial College,Professional,0,1,10+ Miles,North America,0,46-50,81.8181818181818
S,M,2,Si,Graduate Degree,Management,0,2,0-1 Miles,North America,0,35-40,90.9090909090909
S,F,2,Si,Graduate Degree,Management,0,2,1-2 Miles,North America,0,35-40,90.9090909090909
S,M,2,Si,Graduate Degree,Management,0,3,1-2 Miles,North America,0,41-45,90.9090909090909
M,M,3,Si,Partial College,Professional,1,0,0-1 Miles,North America,1,46-50,63.6363636363636
M,F,3,Si,Partial College,Professional,1,1,0-1 Miles,North America,0,51-55,63.6363636363636
M,M,3,Si,Partial College,Professional,1,1,0-1 Miles,North America,0,51-55,63.6363636363636
M,F,3,No,Partial College,Professional,1,2,2-5 Miles,North America,1,51-55,72.7272727272727
M,M,2,No,Graduate Degree,Management,1,2,5-10 Miles,North America,0,65+,45.4545454545455
S,M,4,Si,Partial College,Professional,0,2,0-1 Miles,North America,0,46-50,72.7272727272727
M,M,0,No,Partial College,Professional,1,1,10+ Miles,North America,0,41-45,81.8181818181818
S,F,0,No,Partial College,Professional,1,2,2-5 Miles,North America,1,46-50,81.8181818181818
S,M,0,No,Partial College,Professional,0,2,0-1 Miles,North America,1,41-45,81.8181818181818
S,F,0,No,Partial College,Professional,0,2,0-1 Miles,North America,1,41-45,81.8181818181818
S,M,0,Si,Partial College,Professional,1,2,2-5 Miles,North America,0,46-50,81.8181818181818
M,F,5,Si,Bachelors,Management,1,0,5-10 Miles,North America,0,46-50,90.9090909090909
M,M,5,Si,Bachelors,Management,1,1,5-10 Miles,North America,0,41-45,90.9090909090909
M,F,4,Si,Partial College,Professional,1,4,5-10 Miles,North America,1,46-50,90.9090909090909
M,F,5,Si,Partial College,Professional,1,2,5-10 Miles,North America,0,46-50,72.7272727272727
S,M,5,Si,Partial College,Professional,1,3,5-10 Miles,North America,1,46-50,72.7272727272727
M,M,5,Si,Partial College,Professional,1,3,2-5 Miles,North America,0,46-50,63.6363636363636
M,M,5,Si,Partial College,Professional,1,3,5-10 Miles,North America,0,46-50,63.6363636363636
M,F,5,Si,Partial College,Professional,1,3,1-2 Miles,North America,0,46-50,72.7272727272727
M,M,4,Si,High School,Professional,1,2,5-10 Miles,North America,0,35-40,81.8181818181818
S,M,3,Si,Partial College,Professional,0,4,1-2 Miles,North America,0,29-34,81.8181818181818
S,M,1,Si,Partial College,Professional,1,4,5-10 Miles,North America,1,46-50,90.9090909090909
M,M,1,Si,Bachelors,Management,1,3,0-1 Miles,North America,1,46-50,90.9090909090909
M,F,4,Si,High School,Professional,1,0,5-10 Miles,North America,0,51-55,63.6363636363636
M,M,4,Si,High School,Professional,1,0,5-10 Miles,North America,0,51-55,63.6363636363636
S,M,4,Si,High School,Professional,1,0,5-10 Miles,North America,0,46-50,63.6363636363636
M,F,4,Si,High School,Professional,1,0,5-10 Miles,North America,0,51-55,63.6363636363636
M,M,2,No,Partial High School,Skilled Manual,1,2,5-10 Miles,North America,0,51-55,63.6363636363636
M,M,4,No,Graduate Degree,Management,1,2,5-10 Miles,North America,1,65+,63.6363636363636
M,F,4,No,Graduate Degree,Management,1,2,5-10 Miles,North America,0,65+,72.7272727272727
M,F,4,No,Bachelors,Management,1,2,5-10 Miles,North America,0,65+,81.8181818181818
M,M,2,Si,Graduate Degree,Management,1,4,5-10 Miles,North America,0,65+,90.9090909090909
M,M,5,Si,Partial College,Professional,1,3,5-10 Miles,North America,0,46-50,72.7272727272727
M,M,5,Si,Partial College,Professional,1,4,1-2 Miles,North America,0,46-50,72.7272727272727
S,M,3,Si,Partial College,Professional,0,4,2-5 Miles,North America,1,46-50,90.9090909090909
S,M,1,Si,Partial College,Professional,0,4,2-5 Miles,North America,1,46-50,90.9090909090909
M,F,3,Si,High School,Professional,1,0,5-10 Miles,North America,1,56-65,63.6363636363636
M,M,3,Si,High School,Professional,1,1,5-10 Miles,North America,1,51-55,63.6363636363636
S,F,3,No,Graduate Degree,Management,0,2,1-2 Miles,North America,1,56-65,63.6363636363636
M,F,3,No,Graduate Degree,Management,1,2,5-10 Miles,North America,1,56-65,45.4545454545455
M,M,3,No,Graduate Degree,Management,1,2,5-10 Miles,North America,1,56-65,45.4545454545455
M,M,3,No,Partial College,Professional,1,2,5-10 Miles,North America,0,56-65,27.2727272727273
M,F,3,No,Partial College,Professional,1,2,5-10 Miles,North America,0,56-65,27.2727272727273
M,F,3,No,Partial College,Professional,1,2,5-10 Miles,North America,0,56-65,27.2727272727273
S,M,4,No,Partial College,Professional,0,2,1-2 Miles,North America,1,56-65,27.2727272727273
S,F,4,No,Partial College,Professional,0,2,1-2 Miles,North America,1,56-65,27.2727272727273
M,M,4,No,High School,Professional,0,2,1-2 Miles,North America,0,56-65,18.1818181818182
S,F,4,No,High School,Professional,0,2,1-2 Miles,North America,0,51-55,18.1818181818182
S,F,4,No,High School,Professional,0,2,1-2 Miles,North America,0,56-65,18.1818181818182
M,M,4,No,Partial College,Professional,1,2,5-10 Miles,North America,1,51-55,27.2727272727273
M,F,5,Si,Bachelors,Professional,1,3,10+ Miles,Pacific,0,46-50,45.4545454545455
M,F,5,Si,Bachelors,Professional,1,3,5-10 Miles,Pacific,0,35-40,45.4545454545455
S,M,3,Si,Bachelors,Professional,1,2,5-10 Miles,Pacific,1,46-50,45.4545454545455
S,M,1,No,Bachelors,Professional,1,1,5-10 Miles,Pacific,1,46-50,45.4545454545455
M,M,1,No,Bachelors,Professional,1,1,5-10 Miles,Pacific,1,46-50,45.4545454545455
S,F,1,No,Bachelors,Professional,0,1,0-1 Miles,Pacific,1,46-50,45.4545454545455
S,F,1,No,Partial College,Skilled Manual,1,1,5-10 Miles,Pacific,0,41-45,45.4545454545455
M,M,1,No,Partial College,Skilled Manual,1,1,5-10 Miles,Pacific,0,46-50,45.4545454545455
S,F,1,No,Partial College,Skilled Manual,0,1,0-1 Miles,Pacific,1,41-45,45.4545454545455
S,M,0,No,Bachelors,Professional,0,1,5-10 Miles,Pacific,0,41-45,81.8181818181818
S,F,1,No,Partial College,Skilled Manual,0,1,0-1 Miles,Pacific,1,41-45,45.4545454545455
M,M,1,No,Partial College,Skilled Manual,1,1,5-10 Miles,Pacific,1,46-50,45.4545454545455
S,M,1,No,Bachelors,Professional,1,1,2-5 Miles,Pacific,1,46-50,81.8181818181818
S,F,0,No,Bachelors,Professional,0,1,0-1 Miles,Pacific,1,41-45,63.6363636363636
S,F,5,Si,Bachelors,Professional,1,4,1-2 Miles,Pacific,0,35-40,72.7272727272727
S,F,5,Si,Bachelors,Professional,1,4,1-2 Miles,Pacific,0,41-45,72.7272727272727
M,M,2,No,Bachelors,Professional,1,1,5-10 Miles,Pacific,0,46-50,81.8181818181818
S,M,0,No,Bachelors,Professional,0,2,5-10 Miles,Pacific,1,35-40,63.6363636363636
S,M,0,No,Bachelors,Professional,1,2,5-10 Miles,Pacific,1,46-50,63.6363636363636
S,M,1,No,Partial College,Skilled Manual,0,1,0-1 Miles,Pacific,1,46-50,45.4545454545455
S,F,1,No,Partial College,Skilled Manual,0,1,0-1 Miles,Pacific,1,41-45,45.4545454545455
S,M,1,No,Partial College,Skilled Manual,0,1,0-1 Miles,Pacific,1,41-45,45.4545454545455
M,F,5,Si,Partial College,Skilled Manual,1,3,10+ Miles,Pacific,0,46-50,63.6363636363636
S,F,2,No,Bachelors,Professional,1,1,2-5 Miles,Pacific,1,41-45,81.8181818181818
S,F,1,No,Partial College,Skilled Manual,0,1,0-1 Miles,Pacific,1,51-55,63.6363636363636
M,F,3,Si,Partial College,Skilled Manual,1,2,5-10 Miles,Pacific,1,35-40,45.4545454545455
S,M,2,No,Bachelors,Management,1,1,5-10 Miles,Pacific,1,56-65,27.2727272727273
S,F,0,No,High School,Skilled Manual,0,2,5-10 Miles,North America,0,29-34,18.1818181818182
S,M,0,No,High School,Skilled Manual,1,2,5-10 Miles,North America,0,29-34,18.1818181818182
M,F,0,No,High School,Skilled Manual,1,2,5-10 Miles,North America,0,29-34,27.2727272727273
S,M,0,No,High School,Skilled Manual,0,2,0-1 Miles,North America,0,29-34,27.2727272727273
S,M,0,No,High School,Skilled Manual,1,2,5-10 Miles,North America,0,29-34,27.2727272727273
M,F,0,No,High School,Skilled Manual,0,2,0-1 Miles,North America,0,29-34,27.2727272727273
M,F,0,No,High School,Skilled Manual,0,2,0-1 Miles,North America,0,29-34,27.2727272727273
S,M,0,No,High School,Skilled Manual,1,2,5-10 Miles,North America,0,29-34,27.2727272727273
S,F,0,No,High School,Skilled Manual,1,2,5-10 Miles,North America,0,29-34,27.2727272727273
M,F,0,No,High School,Skilled Manual,1,2,5-10 Miles,North America,0,29-34,18.1818181818182
M,M,0,No,High School,Skilled Manual,1,2,5-10 Miles,North America,0,29-34,18.1818181818182
S,F,0,No,Partial High School,Clerical,0,2,5-10 Miles,North America,0,29-34,18.1818181818182
S,F,0,No,High School,Skilled Manual,0,2,0-1 Miles,North America,1,29-34,27.2727272727273
S,M,0,No,High School,Skilled Manual,1,2,5-10 Miles,North America,0,29-34,27.2727272727273
S,M,2,No,Partial College,Clerical,0,2,0-1 Miles,Pacific,0,65+,18.1818181818182
M,M,2,No,Bachelors,Management,1,2,5-10 Miles,Pacific,0,56-65,27.2727272727273
S,F,0,No,Partial High School,Clerical,0,2,0-1 Miles,North America,0,29-34,18.1818181818182
S,F,0,No,High School,Skilled Manual,0,2,0-1 Miles,North America,0,29-34,27.2727272727273
S,M,0,No,Partial High School,Clerical,0,2,0-1 Miles,North America,1,29-34,18.1818181818182
S,M,0,No,Partial High School,Clerical,1,2,5-10 Miles,North America,0,29-34,18.1818181818182
S,F,0,No,High School,Skilled Manual,0,2,0-1 Miles,North America,1,29-34,27.2727272727273
S,F,2,No,Partial College,Clerical,0,2,5-10 Miles,Pacific,0,65+,18.1818181818182
M,F,2,No,Bachelors,Management,0,2,0-1 Miles,Pacific,0,65+,27.2727272727273
M,F,2,No,Bachelors,Management,1,2,0-1 Miles,Pacific,1,65+,27.2727272727273
M,F,2,No,Bachelors,Management,1,2,5-10 Miles,Pacific,1,56-65,27.2727272727273
M,M,2,No,Bachelors,Management,1,2,0-1 Miles,Pacific,1,65+,27.2727272727273
M,F,2,No,Bachelors,Management,1,2,5-10 Miles,Pacific,1,56-65,27.2727272727273
M,M,2,No,Bachelors,Management,0,2,0-1 Miles,Pacific,1,65+,27.2727272727273
M,F,5,No,High School,Skilled Manual,1,2,5-10 Miles,Pacific,0,56-65,9.09090909090909
M,F,0,No,High School,Skilled Manual,1,2,5-10 Miles,North America,0,29-34,27.2727272727273
M,M,0,No,Partial College,Skilled Manual,1,1,5-10 Miles,North America,0,29-34,27.2727272727273
S,M,0,No,High School,Skilled Manual,1,2,5-10 Miles,North America,0,29-34,27.2727272727273
S,M,0,No,Partial College,Skilled Manual,0,1,5-10 Miles,North America,0,35-40,45.4545454545455
S,F,0,No,Partial College,Skilled Manual,0,1,1-2 Miles,North America,0,35-40,45.4545454545455
M,F,0,No,Partial College,Skilled Manual,1,1,5-10 Miles,North America,1,29-34,45.4545454545455
M,F,0,No,Partial College,Skilled Manual,1,1,5-10 Miles,North America,1,35-40,45.4545454545455
M,M,0,No,Partial College,Skilled Manual,0,2,0-1 Miles,North America,1,29-34,63.6363636363636
S,F,0,No,Partial College,Skilled Manual,0,2,0-1 Miles,North America,1,35-40,63.6363636363636
M,F,0,No,Bachelors,Management,1,1,1-2 Miles,North America,1,35-40,72.7272727272727
S,F,0,No,Bachelors,Management,0,1,0-1 Miles,North America,1,35-40,72.7272727272727
M,M,4,Si,Bachelors,Management,1,0,1-2 Miles,North America,0,41-45,81.8181818181818
M,F,1,No,Bachelors,Management,1,2,1-2 Miles,North America,1,35-40,81.8181818181818
S,M,0,No,Bachelors,Management,0,3,1-2 Miles,North America,0,41-45,90.9090909090909
M,M,4,Si,Bachelors,Management,1,0,0-1 Miles,North America,0,46-50,72.7272727272727
S,M,4,Si,Bachelors,Management,1,0,1-2 Miles,North America,1,46-50,72.7272727272727
S,F,0,Si,Partial High School,Management,0,4,10+ Miles,Pacific,1,35-40,90.9090909090909
S,F,4,Si,Partial College,Professional,1,1,10+ Miles,North America,0,46-50,63.6363636363636
S,F,2,Si,Partial College,Professional,1,3,5-10 Miles,Europe,0,51-55,90.9090909090909
S,F,2,Si,Partial College,Professional,1,3,5-10 Miles,Europe,0,41-45,90.9090909090909
S,F,1,Si,Partial College,Professional,0,3,0-1 Miles,Europe,1,46-50,90.9090909090909
S,F,2,Si,Partial College,Professional,0,4,5-10 Miles,Europe,0,51-55,90.9090909090909
S,F,2,Si,High School,Professional,0,4,0-1 Miles,Europe,0,51-55,90.9090909090909
M,M,2,Si,High School,Professional,1,4,5-10 Miles,Europe,0,51-55,81.8181818181818
S,F,3,Si,High School,Professional,0,4,5-10 Miles,Europe,0,51-55,90.9090909090909
M,F,3,Si,High School,Professional,1,4,5-10 Miles,Europe,0,41-45,90.9090909090909
M,M,2,Si,High School,Professional,1,2,5-10 Miles,Europe,1,41-45,81.8181818181818
S,M,3,Si,Partial College,Professional,0,4,5-10 Miles,Europe,0,51-55,90.9090909090909
M,M,3,Si,Partial College,Professional,1,3,0-1 Miles,Europe,1,51-55,90.9090909090909
M,M,3,Si,Partial College,Professional,1,3,0-1 Miles,Europe,1,51-55,90.9090909090909
M,M,3,Si,Partial College,Professional,1,3,0-1 Miles,Europe,1,51-55,90.9090909090909
M,F,3,Si,High School,Professional,1,3,0-1 Miles,Europe,1,51-55,90.9090909090909
S,M,5,Si,High School,Professional,1,2,10+ Miles,Europe,0,51-55,63.6363636363636
M,M,5,Si,High School,Professional,1,2,2-5 Miles,Europe,0,56-65,63.6363636363636
M,M,5,No,Bachelors,Management,1,2,2-5 Miles,Europe,0,65+,72.7272727272727
S,F,5,No,Partial College,Professional,0,2,2-5 Miles,Europe,1,56-65,81.8181818181818
M,M,3,Si,Bachelors,Management,1,4,0-1 Miles,Europe,0,65+,90.9090909090909
S,F,4,Si,Partial College,Professional,0,4,5-10 Miles,Europe,0,56-65,90.9090909090909
M,F,3,Si,Bachelors,Management,1,4,0-1 Miles,Europe,0,56-65,90.9090909090909
S,F,4,Si,Bachelors,Management,1,4,10+ Miles,Europe,1,56-65,90.9090909090909
S,F,4,Si,Partial College,Professional,0,4,0-1 Miles,Europe,0,56-65,90.9090909090909
M,M,4,Si,Bachelors,Management,1,3,0-1 Miles,Europe,1,56-65,90.9090909090909
M,M,3,Si,Bachelors,Management,1,1,10+ Miles,Europe,1,51-55,90.9090909090909
M,M,3,Si,Bachelors,Management,0,4,10+ Miles,Europe,0,56-65,90.9090909090909
M,F,5,Si,Partial High School,Skilled Manual,1,2,10+ Miles,Europe,1,51-55,63.6363636363636
M,M,4,Si,Partial College,Professional,1,2,10+ Miles,Europe,1,56-65,90.9090909090909
M,F,4,Si,High School,Professional,1,3,2-5 Miles,Europe,0,51-55,72.7272727272727
S,F,4,Si,High School,Professional,1,2,10+ Miles,Europe,0,56-65,81.8181818181818
M,M,4,Si,High School,Professional,0,3,10+ Miles,Europe,0,56-65,90.9090909090909
S,M,4,Si,High School,Management,1,3,10+ Miles,Europe,0,56-65,81.8181818181818
S,F,3,Si,Partial College,Management,0,4,5-10 Miles,Europe,0,51-55,81.8181818181818
S,F,4,Si,Partial College,Management,0,3,10+ Miles,Europe,0,56-65,90.9090909090909
M,M,4,Si,High School,Management,1,3,0-1 Miles,Europe,1,56-65,90.9090909090909
S,M,3,Si,Partial College,Management,0,3,0-1 Miles,Europe,1,51-55,90.9090909090909
S,M,5,Si,High School,Management,0,3,5-10 Miles,Europe,0,56-65,72.7272727272727
S,F,4,Si,High School,Management,0,3,10+ Miles,Europe,0,51-55,90.9090909090909
S,F,4,Si,High School,Management,1,3,10+ Miles,Europe,0,56-65,90.9090909090909
M,M,4,Si,High School,Management,0,4,10+ Miles,Europe,0,51-55,90.9090909090909
M,M,4,Si,High School,Management,1,4,0-1 Miles,Europe,1,56-65,90.9090909090909
M,F,5,Si,High School,Management,0,4,10+ Miles,Europe,1,56-65,90.9090909090909
M,F,5,Si,High School,Management,1,3,10+ Miles,Europe,0,46-50,72.7272727272727
M,M,4,Si,High School,Management,1,3,10+ Miles,Europe,0,56-65,90.9090909090909
M,F,5,Si,High School,Management,1,4,10+ Miles,Europe,0,56-65,90.9090909090909
M,M,0,No,Bachelors,Professional,1,2,10+ Miles,Pacific,1,35-40,63.6363636363636
M,F,0,No,Bachelors,Professional,0,2,10+ Miles,Pacific,0,29-34,63.6363636363636
M,F,0,No,Bachelors,Professional,0,3,10+ Miles,Pacific,0,29-34,63.6363636363636
S,F,0,No,Bachelors,Professional,0,3,10+ Miles,Pacific,0,35-40,63.6363636363636
M,F,0,No,Bachelors,Professional,1,4,10+ Miles,Pacific,0,29-34,63.6363636363636
S,M,0,No,Bachelors,Professional,1,2,10+ Miles,Pacific,1,29-34,81.8181818181818
S,F,0,No,Bachelors,Professional,1,3,10+ Miles,Pacific,0,29-34,72.7272727272727
S,M,0,No,Bachelors,Professional,0,3,10+ Miles,Pacific,0,29-34,72.7272727272727
S,F,0,No,Bachelors,Professional,0,3,10+ Miles,Pacific,1,35-40,81.8181818181818
S,F,0,No,Bachelors,Professional,0,3,10+ Miles,Pacific,1,35-40,81.8181818181818
M,F,5,Si,Partial High School,Professional,1,4,10+ Miles,Pacific,0,35-40,90.9090909090909
M,M,0,No,Bachelors,Professional,0,3,10+ Miles,Pacific,1,35-40,81.8181818181818
S,M,0,No,Bachelors,Professional,0,3,10+ Miles,Pacific,1,35-40,81.8181818181818
S,M,0,Si,High School,Management,1,2,10+ Miles,Pacific,1,35-40,81.8181818181818
M,F,4,Si,High School,Management,0,4,10+ Miles,Pacific,0,35-40,90.9090909090909
S,F,0,No,Bachelors,Professional,1,3,10+ Miles,Pacific,1,35-40,81.8181818181818
S,F,0,No,Bachelors,Professional,1,3,10+ Miles,Pacific,1,29-34,81.8181818181818
S,F,0,No,Bachelors,Professional,0,4,10+ Miles,Pacific,0,29-34,72.7272727272727
M,M,0,Si,High School,Management,1,3,10+ Miles,Pacific,1,29-34,90.9090909090909
S,M,0,Si,High School,Management,1,4,10+ Miles,Pacific,1,35-40,90.9090909090909
S,F,2,Si,High School,Management,1,4,0-1 Miles,Pacific,1,35-40,90.9090909090909
S,F,0,No,Bachelors,Professional,0,3,10+ Miles,Pacific,1,35-40,81.8181818181818
S,F,0,Si,Partial High School,Professional,1,4,10+ Miles,Pacific,1,29-34,81.8181818181818
M,M,0,Si,Partial High School,Professional,1,4,10+ Miles,Pacific,1,29-34,81.8181818181818
S,F,0,Si,High School,Management,0,4,10+ Miles,Pacific,1,29-34,90.9090909090909
S,F,0,Si,Partial High School,Professional,0,4,10+ Miles,Pacific,1,35-40,90.9090909090909
M,F,4,No,High School,Professional,1,2,5-10 Miles,North America,1,56-65,18.1818181818182
M,M,4,No,High School,Professional,1,2,5-10 Miles,North America,1,56-65,18.1818181818182
M,F,4,No,High School,Professional,1,2,5-10 Miles,North America,1,56-65,27.2727272727273
S,M,3,No,Graduate Degree,Management,1,2,10+ Miles,North America,0,65+,45.4545454545455
M,F,3,No,Graduate Degree,Management,1,2,10+ Miles,North America,0,65+,45.4545454545455
M,M,3,No,Graduate Degree,Management,1,2,1-2 Miles,North America,0,65+,45.4545454545455
M,F,3,No,Graduate Degree,Management,1,2,1-2 Miles,North America,0,65+,45.4545454545455
M,F,3,No,Graduate Degree,Management,1,2,10+ Miles,North America,0,56-65,45.4545454545455
M,M,3,No,Graduate Degree,Management,0,2,1-2 Miles,North America,0,65+,45.4545454545455
S,M,3,No,Bachelors,Management,1,2,10+ Miles,North America,0,65+,45.4545454545455
S,M,3,No,Bachelors,Management,1,2,10+ Miles,North America,0,65+,45.4545454545455
M,M,3,No,Bachelors,Management,1,2,10+ Miles,North America,0,65+,45.4545454545455
S,F,3,No,Bachelors,Management,1,2,10+ Miles,North America,0,65+,45.4545454545455
S,M,3,No,Bachelors,Management,1,2,10+ Miles,North America,0,65+,45.4545454545455
M,F,3,No,Bachelors,Management,1,2,1-2 Miles,North America,1,56-65,45.4545454545455
S,M,4,No,Bachelors,Management,1,2,10+ Miles,North America,0,65+,45.4545454545455
M,F,4,No,Bachelors,Management,1,2,10+ Miles,North America,0,56-65,45.4545454545455
M,F,4,No,Bachelors,Management,1,2,1-2 Miles,North America,1,65+,45.4545454545455
S,F,4,No,Bachelors,Management,1,2,10+ Miles,North America,0,65+,45.4545454545455
S,F,4,No,Bachelors,Management,1,2,10+ Miles,North America,0,65+,45.4545454545455
S,F,4,No,Bachelors,Management,1,2,10+ Miles,North America,0,65+,45.4545454545455
S,F,5,No,Partial High School,Clerical,0,2,1-2 Miles,North America,0,56-65,18.1818181818182
M,F,5,No,Partial High School,Clerical,1,2,10+ Miles,North America,1,56-65,18.1818181818182
M,F,4,No,High School,Professional,1,2,10+ Miles,North America,0,56-65,27.2727272727273
M,M,4,No,High School,Professional,0,2,1-2 Miles,North America,0,56-65,27.2727272727273
S,F,5,No,Partial High School,Clerical,1,3,10+ Miles,North America,0,56-65,9.09090909090909
S,M,5,No,Partial High School,Clerical,0,3,10+ Miles,North America,0,51-55,9.09090909090909
S,F,5,No,Partial High School,Clerical,0,4,1-2 Miles,North America,0,56-65,9.09090909090909
M,M,5,No,Partial High School,Clerical,0,4,1-2 Miles,North America,0,56-65,9.09090909090909
S,M,5,No,Partial High School,Skilled Manual,0,3,1-2 Miles,North America,0,56-65,18.1818181818182
S,F,5,No,Partial High School,Skilled Manual,1,3,10+ Miles,North America,0,56-65,18.1818181818182
M,M,5,No,Partial High School,Skilled Manual,1,3,10+ Miles,North America,0,56-65,18.1818181818182
M,F,2,Si,Partial High School,Skilled Manual,1,2,1-2 Miles,North America,0,56-65,18.1818181818182
M,M,2,Si,Partial High School,Skilled Manual,1,2,10+ Miles,North America,1,56-65,18.1818181818182
M,F,2,Si,Partial High School,Skilled Manual,0,3,1-2 Miles,North America,0,56-65,18.1818181818182
M,F,5,No,High School,Professional,1,3,10+ Miles,North America,1,56-65,27.2727272727273
M,M,5,No,High School,Professional,1,3,10+ Miles,North America,0,56-65,27.2727272727273
M,F,5,No,High School,Professional,1,3,10+ Miles,North America,0,56-65,27.2727272727273
S,M,5,No,High School,Professional,1,4,10+ Miles,North America,1,56-65,27.2727272727273
M,M,2,Si,High School,Professional,1,1,2-5 Miles,North America,0,56-65,27.2727272727273
S,F,5,No,Bachelors,Management,1,3,10+ Miles,North America,1,56-65,63.6363636363636
S,M,5,No,Bachelors,Management,1,3,10+ Miles,North America,1,56-65,63.6363636363636
M,F,5,No,Bachelors,Management,1,3,10+ Miles,North America,1,56-65,63.6363636363636
S,M,5,No,Bachelors,Management,1,3,10+ Miles,North America,1,56-65,63.6363636363636
M,F,2,Si,High School,Professional,1,2,10+ Miles,North America,0,56-65,27.2727272727273
S,M,2,Si,Bachelors,Management,1,1,10+ Miles,North America,0,56-65,63.6363636363636
S,F,2,Si,Bachelors,Management,1,1,10+ Miles,North America,0,56-65,63.6363636363636
M,F,2,Si,Bachelors,Management,1,1,10+ Miles,North America,0,56-65,63.6363636363636
M,M,2,Si,Bachelors,Management,1,1,2-5 Miles,North America,0,56-65,63.6363636363636
S,F,2,Si,Bachelors,Management,0,1,2-5 Miles,North America,1,56-65,63.6363636363636
M,M,2,Si,Partial College,Professional,1,1,10+ Miles,North America,0,56-65,63.6363636363636
M,M,2,Si,Partial College,Professional,1,1,10+ Miles,North America,0,56-65,45.4545454545455
M,M,2,Si,Partial College,Professional,1,2,2-5 Miles,North America,1,56-65,45.4545454545455
M,M,2,Si,Partial High School,Skilled Manual,1,2,10+ Miles,North America,0,56-65,27.2727272727273
M,F,2,Si,Partial College,Professional,1,2,10+ Miles,North America,0,56-65,45.4545454545455
M,M,2,Si,Partial College,Professional,0,0,2-5 Miles,North America,1,56-65,45.4545454545455
M,F,2,Si,Partial College,Professional,1,0,10+ Miles,North America,0,56-65,45.4545454545455
M,M,2,Si,Partial College,Professional,1,1,2-5 Miles,North America,1,56-65,45.4545454545455
S,F,5,Si,Partial College,Professional,1,2,10+ Miles,North America,1,56-65,63.6363636363636
M,M,2,Si,Partial High School,Skilled Manual,1,3,2-5 Miles,North America,1,56-65,27.2727272727273
M,M,2,Si,Partial College,Professional,0,2,2-5 Miles,North America,1,56-65,45.4545454545455
M,M,2,Si,Partial College,Professional,1,1,2-5 Miles,North America,0,56-65,45.4545454545455
S,F,2,Si,Partial College,Professional,1,1,10+ Miles,North America,0,56-65,45.4545454545455
M,M,4,Si,Partial College,Professional,1,1,1-2 Miles,North America,0,56-65,63.6363636363636
M,F,2,Si,High School,Professional,1,2,2-5 Miles,North America,1,56-65,45.4545454545455
M,M,2,Si,High School,Professional,1,2,2-5 Miles,North America,1,51-55,45.4545454545455
S,M,2,Si,High School,Professional,1,2,10+ Miles,North America,0,56-65,45.4545454545455
M,F,2,Si,High School,Professional,1,2,2-5 Miles,North America,1,46-50,45.4545454545455
M,F,2,Si,Partial College,Professional,0,1,2-5 Miles,North America,0,56-65,45.4545454545455
M,F,2,Si,Partial College,Professional,0,1,2-5 Miles,North America,0,56-65,45.4545454545455
M,F,2,Si,Partial College,Professional,1,1,10+ Miles,North America,0,56-65,45.4545454545455
M,F,2,Si,Partial College,Professional,1,2,10+ Miles,North America,0,56-65,45.4545454545455
S,M,2,Si,High School,Professional,1,2,10+ Miles,North America,0,51-55,63.6363636363636
M,F,2,Si,High School,Professional,1,2,2-5 Miles,North America,1,56-65,63.6363636363636
M,M,2,Si,Partial High School,Skilled Manual,1,2,10+ Miles,North America,0,51-55,63.6363636363636
S,F,2,Si,Partial High School,Skilled Manual,1,2,10+ Miles,North America,0,56-65,63.6363636363636
M,F,3,Si,Partial High School,Skilled Manual,1,3,10+ Miles,North America,1,56-65,45.4545454545455
S,M,0,No,Partial High School,Manual,0,2,1-2 Miles,Europe,0,29-34,9.09090909090909
S,M,0,No,Partial High School,Manual,1,2,1-2 Miles,Europe,1,29-34,9.09090909090909
S,F,0,No,Partial High School,Manual,0,2,1-2 Miles,Europe,0,29-34,9.09090909090909
S,F,0,No,Partial High School,Manual,0,2,0-1 Miles,Europe,1,29-34,9.09090909090909
S,M,0,No,Partial High School,Manual,1,2,1-2 Miles,Europe,1,29-34,9.09090909090909
S,F,0,No,Partial College,Clerical,0,1,2-5 Miles,Europe,0,29-34,18.1818181818182
S,F,0,No,High School,Manual,0,1,1-2 Miles,Europe,0,29-34,18.1818181818182
M,F,1,Si,Bachelors,Skilled Manual,1,0,0-1 Miles,Europe,1,35-40,27.2727272727273
M,F,1,Si,Bachelors,Skilled Manual,1,0,1-2 Miles,Europe,1,35-40,27.2727272727273
M,M,1,Si,Bachelors,Skilled Manual,1,0,1-2 Miles,Europe,1,35-40,27.2727272727273
S,M,0,No,High School,Manual,0,1,2-5 Miles,Europe,1,35-40,18.1818181818182
S,F,0,No,Partial High School,Manual,0,2,1-2 Miles,Europe,0,35-40,9.09090909090909
S,M,0,No,Partial High School,Manual,1,2,1-2 Miles,Europe,0,29-34,9.09090909090909
S,M,0,No,Partial High School,Manual,0,2,1-2 Miles,Europe,0,35-40,9.09090909090909
S,M,0,No,Partial High School,Manual,0,2,0-1 Miles,Europe,0,35-40,9.09090909090909
M,F,1,Si,Bachelors,Skilled Manual,1,0,0-1 Miles,Europe,1,35-40,27.2727272727273
M,M,1,Si,Bachelors,Skilled Manual,1,1,0-1 Miles,Europe,1,35-40,27.2727272727273
M,F,1,Si,Bachelors,Skilled Manual,1,1,0-1 Miles,Europe,1,35-40,27.2727272727273
M,F,0,No,Partial High School,Manual,1,2,1-2 Miles,Europe,0,35-40,9.09090909090909
S,M,0,No,High School,Manual,0,1,2-5 Miles,Europe,1,29-34,18.1818181818182
M,M,1,Si,Bachelors,Skilled Manual,1,1,1-2 Miles,Europe,1,35-40,27.2727272727273
S,F,2,Si,Partial College,Clerical,1,0,1-2 Miles,Europe,1,29-34,27.2727272727273
S,F,2,Si,Partial College,Clerical,1,0,1-2 Miles,Europe,1,35-40,27.2727272727273
S,F,2,Si,Partial College,Clerical,1,0,0-1 Miles,Europe,0,35-40,27.2727272727273
S,F,0,No,Partial High School,Manual,0,2,0-1 Miles,Europe,0,35-40,9.09090909090909
S,M,0,No,Partial High School,Manual,1,2,1-2 Miles,Europe,0,35-40,9.09090909090909
S,F,0,No,Partial High School,Manual,1,2,1-2 Miles,Europe,0,35-40,9.09090909090909
S,M,0,No,Partial High School,Manual,0,2,0-1 Miles,Europe,0,35-40,9.09090909090909
S,M,0,No,Partial High School,Manual,0,2,0-1 Miles,Europe,0,35-40,9.09090909090909
M,M,0,No,Partial High School,Manual,0,2,0-1 Miles,Europe,0,35-40,9.09090909090909
M,M,0,No,Partial High School,Manual,1,2,1-2 Miles,Europe,0,35-40,9.09090909090909
S,M,0,No,High School,Manual,1,1,2-5 Miles,Europe,1,35-40,18.1818181818182
S,M,2,Si,Partial College,Clerical,1,0,1-2 Miles,Europe,1,35-40,27.2727272727273
S,F,2,Si,Partial College,Clerical,1,0,1-2 Miles,Europe,1,35-40,27.2727272727273
S,F,2,Si,Partial College,Clerical,1,0,1-2 Miles,Europe,1,35-40,27.2727272727273
M,M,0,No,High School,Manual,0,1,1-2 Miles,Europe,1,35-40,18.1818181818182
S,F,2,Si,Partial College,Clerical,1,2,0-1 Miles,Europe,1,35-40,27.2727272727273
S,M,2,Si,Partial College,Clerical,0,2,0-1 Miles,Europe,1,35-40,27.2727272727273
S,F,3,Si,Partial College,Clerical,1,0,1-2 Miles,North America,1,29-34,27.2727272727273
S,M,3,Si,Partial College,Clerical,1,1,0-1 Miles,North America,0,29-34,27.2727272727273
M,M,1,No,Bachelors,Skilled Manual,1,1,2-5 Miles,North America,0,65+,18.1818181818182
S,M,0,No,Graduate Degree,Skilled Manual,0,0,0-1 Miles,North America,0,35-40,45.4545454545455
S,F,0,No,Graduate Degree,Skilled Manual,0,0,0-1 Miles,North America,0,41-45,45.4545454545455
M,F,3,No,Partial High School,Manual,1,2,1-2 Miles,North America,0,56-65,9.09090909090909
S,M,1,No,High School,Clerical,0,1,5-10 Miles,North America,0,51-55,18.1818181818182
M,M,1,No,High School,Clerical,1,1,2-5 Miles,North America,1,51-55,18.1818181818182
M,M,1,No,High School,Clerical,1,1,2-5 Miles,North America,1,56-65,18.1818181818182
M,F,3,No,Partial High School,Clerical,1,2,1-2 Miles,North America,0,51-55,9.09090909090909
S,M,3,No,Partial High School,Clerical,0,2,1-2 Miles,North America,0,51-55,9.09090909090909
S,M,3,No,Partial High School,Clerical,0,2,1-2 Miles,North America,0,51-55,9.09090909090909
S,M,1,No,High School,Clerical,0,1,10+ Miles,North America,0,51-55,18.1818181818182
M,F,1,No,High School,Clerical,1,1,2-5 Miles,North America,1,51-55,18.1818181818182
S,F,1,No,High School,Clerical,0,1,10+ Miles,North America,0,51-55,18.1818181818182
S,M,1,No,High School,Clerical,0,1,10+ Miles,North America,0,41-45,18.1818181818182
S,M,3,No,Partial High School,Clerical,0,2,0-1 Miles,North America,0,51-55,9.09090909090909
M,F,2,No,High School,Skilled Manual,1,2,1-2 Miles,North America,0,51-55,18.1818181818182
M,F,2,Si,Partial High School,Clerical,0,2,0-1 Miles,North America,1,51-55,9.09090909090909
M,F,2,Si,Partial High School,Clerical,1,2,1-2 Miles,North America,0,51-55,9.09090909090909
M,F,2,Si,Partial High School,Clerical,1,2,0-1 Miles,North America,0,51-55,9.09090909090909
M,F,2,Si,Partial High School,Clerical,1,2,1-2 Miles,North America,0,46-50,9.09090909090909
M,M,2,Si,Partial High School,Clerical,0,2,0-1 Miles,North America,0,51-55,9.09090909090909
M,F,2,No,High School,Skilled Manual,1,2,1-2 Miles,North America,0,46-50,18.1818181818182
M,M,2,No,High School,Skilled Manual,1,2,1-2 Miles,North America,0,51-55,18.1818181818182
M,F,2,No,High School,Skilled Manual,1,2,1-2 Miles,North America,1,51-55,18.1818181818182
M,M,1,No,Partial College,Clerical,1,1,1-2 Miles,North America,1,51-55,27.2727272727273
M,M,1,No,Partial College,Clerical,1,1,0-1 Miles,North America,0,35-40,27.2727272727273
M,F,1,No,Partial College,Clerical,1,1,0-1 Miles,North America,0,51-55,27.2727272727273
M,F,1,No,Partial College,Clerical,0,1,0-1 Miles,North America,0,51-55,27.2727272727273
S,M,2,No,Partial College,Clerical,1,1,1-2 Miles,North America,1,41-45,27.2727272727273
S,M,2,No,Partial College,Clerical,0,1,0-1 Miles,North America,0,41-45,27.2727272727273
S,F,2,No,Partial College,Clerical,1,1,1-2 Miles,North America,1,46-50,27.2727272727273
M,F,2,No,Partial College,Clerical,0,1,0-1 Miles,North America,0,46-50,27.2727272727273
S,F,2,No,Partial College,Clerical,0,1,1-2 Miles,North America,1,46-50,27.2727272727273
S,F,2,No,Partial College,Clerical,0,1,1-2 Miles,North America,1,46-50,27.2727272727273
M,F,2,No,Partial College,Clerical,0,1,0-1 Miles,North America,0,46-50,27.2727272727273
M,F,0,No,Graduate Degree,Skilled Manual,1,0,1-2 Miles,North America,1,29-34,45.4545454545455
M,F,0,No,Graduate Degree,Skilled Manual,1,0,1-2 Miles,North America,1,29-34,27.2727272727273
M,F,0,No,Graduate Degree,Skilled Manual,1,0,1-2 Miles,North America,0,35-40,27.2727272727273
S,M,0,No,Graduate Degree,Skilled Manual,1,0,1-2 Miles,North America,1,35-40,27.2727272727273
M,F,1,No,Graduate Degree,Skilled Manual,1,0,0-1 Miles,North America,0,35-40,27.2727272727273
M,M,1,No,Graduate Degree,Skilled Manual,1,0,0-1 Miles,North America,0,29-34,27.2727272727273
M,M,1,No,Graduate Degree,Skilled Manual,1,0,1-2 Miles,North America,0,29-34,27.2727272727273
M,F,1,No,Graduate Degree,Skilled Manual,1,0,0-1 Miles,North America,0,35-40,27.2727272727273
S,M,1,No,Graduate Degree,Skilled Manual,1,0,1-2 Miles,North America,0,29-34,27.2727272727273
S,M,1,No,Graduate Degree,Skilled Manual,1,0,1-2 Miles,North America,0,29-34,45.4545454545455
M,F,1,Si,Graduate Degree,Skilled Manual,1,0,0-1 Miles,North America,1,35-40,63.6363636363636
M,M,1,Si,Graduate Degree,Skilled Manual,1,0,1-2 Miles,North America,1,35-40,45.4545454545455
M,M,1,Si,Graduate Degree,Skilled Manual,1,0,1-2 Miles,North America,1,35-40,45.4545454545455
M,F,1,Si,Bachelors,Skilled Manual,1,0,0-1 Miles,North America,0,35-40,45.4545454545455
M,F,1,Si,Bachelors,Skilled Manual,1,0,2-5 Miles,North America,1,35-40,45.4545454545455
M,M,1,Si,Bachelors,Skilled Manual,1,0,0-1 Miles,North America,1,29-34,45.4545454545455
S,M,1,No,Graduate Degree,Skilled Manual,1,0,2-5 Miles,North America,1,35-40,45.4545454545455
M,M,1,No,Graduate Degree,Professional,0,0,0-1 Miles,North America,1,29-34,63.6363636363636
S,F,1,No,Graduate Degree,Professional,1,0,2-5 Miles,North America,1,35-40,63.6363636363636
M,M,1,Si,Bachelors,Skilled Manual,1,0,0-1 Miles,North America,1,29-34,27.2727272727273
M,F,1,Si,Bachelors,Skilled Manual,1,0,2-5 Miles,North America,1,35-40,27.2727272727273
M,F,1,Si,Bachelors,Skilled Manual,1,1,0-1 Miles,North America,0,29-34,27.2727272727273
M,M,1,Si,Bachelors,Skilled Manual,1,1,2-5 Miles,North America,1,29-34,27.2727272727273
M,F,1,Si,Bachelors,Skilled Manual,1,1,2-5 Miles,North America,1,29-34,27.2727272727273
M,M,1,Si,Bachelors,Skilled Manual,1,1,0-1 Miles,North America,1,35-40,27.2727272727273
M,M,1,No,Graduate Degree,Professional,0,0,0-1 Miles,North America,0,35-40,45.4545454545455
S,F,2,Si,Bachelors,Skilled Manual,1,0,2-5 Miles,North America,1,35-40,45.4545454545455
S,F,2,Si,Bachelors,Skilled Manual,0,0,0-1 Miles,North America,1,35-40,45.4545454545455
M,M,2,Si,Bachelors,Skilled Manual,1,0,2-5 Miles,North America,1,35-40,45.4545454545455
S,M,2,Si,Bachelors,Skilled Manual,0,0,0-1 Miles,North America,1,41-45,45.4545454545455
M,F,2,Si,Bachelors,Skilled Manual,1,0,2-5 Miles,North America,1,35-40,45.4545454545455
S,F,1,No,Graduate Degree,Professional,0,0,0-1 Miles,North America,1,35-40,45.4545454545455
M,F,1,No,Graduate Degree,Professional,1,0,2-5 Miles,North America,1,35-40,45.4545454545455
S,F,1,No,Graduate Degree,Professional,0,0,0-1 Miles,North America,1,35-40,45.4545454545455
S,F,1,No,Graduate Degree,Professional,0,0,0-1 Miles,North America,1,35-40,45.4545454545455
M,M,1,No,Graduate Degree,Professional,1,0,2-5 Miles,North America,1,35-40,45.4545454545455
M,F,1,No,Graduate Degree,Professional,1,0,2-5 Miles,North America,1,35-40,45.4545454545455
M,M,1,No,Graduate Degree,Professional,1,0,2-5 Miles,North America,1,41-45,45.4545454545455
S,F,1,No,Graduate Degree,Professional,0,0,0-1 Miles,North America,1,35-40,45.4545454545455
S,F,1,No,Graduate Degree,Professional,1,0,2-5 Miles,North America,1,35-40,45.4545454545455
M,M,2,Si,Bachelors,Skilled Manual,1,0,2-5 Miles,North America,1,41-45,63.6363636363636
M,F,2,Si,Bachelors,Skilled Manual,1,0,2-5 Miles,North America,1,35-40,63.6363636363636
M,M,2,Si,Bachelors,Skilled Manual,1,0,2-5 Miles,North America,1,41-45,63.6363636363636
M,M,2,Si,Bachelors,Skilled Manual,1,1,2-5 Miles,North America,0,41-45,63.6363636363636
M,F,5,Si,High School,Skilled Manual,1,3,10+ Miles,North America,0,35-40,27.2727272727273
S,M,0,No,Bachelors,Professional,0,1,0-1 Miles,North America,0,41-45,27.2727272727273
S,F,0,No,Bachelors,Professional,0,1,0-1 Miles,North America,0,35-40,27.2727272727273
S,F,1,No,Graduate Degree,Professional,1,0,2-5 Miles,North America,1,35-40,45.4545454545455
M,M,1,No,Graduate Degree,Professional,1,0,2-5 Miles,North America,1,35-40,45.4545454545455
S,F,1,No,Graduate Degree,Professional,1,0,2-5 Miles,North America,1,35-40,45.4545454545455
S,F,1,No,Graduate Degree,Professional,0,0,0-1 Miles,North America,1,35-40,45.4545454545455
M,M,2,No,Graduate Degree,Professional,1,0,2-5 Miles,North America,0,35-40,45.4545454545455
M,M,3,No,Graduate Degree,Professional,0,0,0-1 Miles,North America,1,35-40,63.6363636363636
S,F,3,No,Graduate Degree,Professional,0,0,0-1 Miles,North America,1,35-40,63.6363636363636
M,M,4,No,Graduate Degree,Professional,1,0,2-5 Miles,North America,1,35-40,63.6363636363636
M,F,2,No,Graduate Degree,Professional,1,0,0-1 Miles,North America,1,35-40,72.7272727272727
S,F,2,Si,Bachelors,Skilled Manual,1,1,2-5 Miles,North America,1,35-40,45.4545454545455
M,M,3,Si,Bachelors,Skilled Manual,1,0,2-5 Miles,North America,0,41-45,45.4545454545455
M,M,3,Si,Bachelors,Skilled Manual,1,0,2-5 Miles,North America,0,41-45,72.7272727272727
M,F,0,No,Graduate Degree,Professional,0,0,0-1 Miles,North America,0,41-45,45.4545454545455
S,F,0,No,Graduate Degree,Professional,1,0,2-5 Miles,North America,1,35-40,45.4545454545455
M,F,0,No,Graduate Degree,Professional,0,0,0-1 Miles,North America,0,41-45,45.4545454545455
S,M,0,No,Graduate Degree,Professional,1,0,2-5 Miles,North America,1,41-45,45.4545454545455
M,M,3,No,Graduate Degree,Professional,1,0,0-1 Miles,North America,1,35-40,72.7272727272727
S,F,3,No,Graduate Degree,Professional,1,0,0-1 Miles,North America,1,35-40,72.7272727272727
M,M,3,No,Graduate Degree,Professional,0,0,0-1 Miles,North America,1,29-34,72.7272727272727
M,M,3,No,Graduate Degree,Professional,1,0,0-1 Miles,North America,1,41-45,72.7272727272727
M,F,3,No,Graduate Degree,Professional,1,0,0-1 Miles,North America,1,35-40,72.7272727272727
M,M,3,No,Graduate Degree,Professional,1,0,0-1 Miles,North America,1,35-40,72.7272727272727
S,M,0,No,Bachelors,Professional,0,1,2-5 Miles,North America,1,41-45,27.2727272727273
M,M,3,Si,Bachelors,Skilled Manual,1,1,0-1 Miles,North America,0,35-40,45.4545454545455
S,M,3,Si,Bachelors,Skilled Manual,0,2,0-1 Miles,North America,0,41-45,45.4545454545455
M,F,3,Si,Bachelors,Skilled Manual,1,2,0-1 Miles,North America,0,41-45,45.4545454545455
M,M,3,Si,Bachelors,Skilled Manual,1,2,2-5 Miles,North America,0,35-40,45.4545454545455
M,F,3,Si,Bachelors,Skilled Manual,1,2,2-5 Miles,North America,0,29-34,45.4545454545455
M,M,3,Si,Bachelors,Skilled Manual,1,3,10+ Miles,North America,0,41-45,45.4545454545455
M,M,3,Si,Bachelors,Skilled Manual,1,3,10+ Miles,North America,0,41-45,45.4545454545455
S,F,0,No,Graduate Degree,Professional,1,0,2-5 Miles,North America,1,41-45,45.4545454545455
S,F,0,No,Bachelors,Professional,0,1,0-1 Miles,North America,1,41-45,27.2727272727273
S,F,3,Si,Partial High School,Manual,1,1,0-1 Miles,Europe,0,35-40,9.09090909090909
S,F,4,Si,Partial High School,Manual,1,0,0-1 Miles,Europe,1,41-45,9.09090909090909
S,F,4,Si,Partial High School,Manual,1,0,0-1 Miles,Europe,1,29-34,9.09090909090909
S,M,1,Si,Partial College,Manual,0,1,1-2 Miles,Europe,1,29-34,9.09090909090909
M,M,1,Si,Bachelors,Clerical,1,0,2-5 Miles,Europe,1,41-45,18.1818181818182
M,F,1,Si,Bachelors,Clerical,1,0,2-5 Miles,Europe,1,29-34,18.1818181818182
M,M,1,Si,Bachelors,Clerical,1,0,2-5 Miles,Europe,1,41-45,18.1818181818182
S,F,1,Si,Bachelors,Clerical,1,1,1-2 Miles,Europe,1,41-45,18.1818181818182
S,M,1,Si,Bachelors,Clerical,0,1,0-1 Miles,Europe,1,41-45,18.1818181818182
S,M,0,No,Bachelors,Clerical,0,0,0-1 Miles,Europe,1,35-40,27.2727272727273
S,M,0,No,Bachelors,Clerical,0,0,0-1 Miles,Europe,1,41-45,27.2727272727273
S,M,1,Si,Bachelors,Clerical,0,1,0-1 Miles,Europe,1,35-40,18.1818181818182
M,M,1,Si,Bachelors,Skilled Manual,1,1,1-2 Miles,Europe,1,41-45,18.1818181818182
S,M,4,Si,Partial High School,Manual,1,2,0-1 Miles,Europe,0,41-45,9.09090909090909
S,F,2,Si,High School,Manual,1,0,0-1 Miles,Europe,0,29-34,9.09090909090909
S,M,2,Si,High School,Manual,1,1,0-1 Miles,Europe,0,41-45,9.09090909090909
S,F,2,Si,High School,Manual,1,2,0-1 Miles,Europe,0,41-45,9.09090909090909
M,F,2,Si,High School,Manual,1,2,0-1 Miles,Europe,0,35-40,9.09090909090909
M,M,2,Si,High School,Manual,1,2,0-1 Miles,Europe,0,35-40,9.09090909090909
M,M,4,Si,Partial High School,Manual,1,2,0-1 Miles,Europe,0,41-45,9.09090909090909
M,F,3,Si,High School,Manual,1,1,0-1 Miles,Europe,1,46-50,9.09090909090909
S,F,3,Si,High School,Manual,1,2,0-1 Miles,Europe,0,41-45,9.09090909090909
M,F,4,No,High School,Manual,1,2,0-1 Miles,Europe,0,65+,9.09090909090909
S,M,0,No,Bachelors,Professional,0,0,0-1 Miles,Europe,1,41-45,27.2727272727273
S,M,0,No,Bachelors,Professional,0,0,0-1 Miles,Europe,1,41-45,27.2727272727273
M,M,0,No,Bachelors,Professional,0,0,0-1 Miles,Europe,1,41-45,27.2727272727273
S,M,0,No,Bachelors,Professional,1,0,0-1 Miles,Europe,1,35-40,27.2727272727273
S,F,0,No,Bachelors,Professional,0,0,0-1 Miles,Europe,1,41-45,27.2727272727273
M,F,1,No,Bachelors,Skilled Manual,0,0,0-1 Miles,Europe,1,41-45,27.2727272727273
M,F,1,No,Bachelors,Skilled Manual,1,0,0-1 Miles,Europe,1,41-45,27.2727272727273
S,M,2,Si,Partial College,Clerical,1,2,0-1 Miles,Europe,0,41-45,18.1818181818182
M,F,2,Si,Partial College,Clerical,1,2,0-1 Miles,Europe,0,41-45,18.1818181818182
M,F,2,Si,Partial College,Clerical,1,2,0-1 Miles,Europe,0,41-45,18.1818181818182
M,F,1,No,Bachelors,Skilled Manual,1,0,0-1 Miles,Europe,1,35-40,27.2727272727273
M,M,2,Si,Partial College,Clerical,1,2,0-1 Miles,Europe,0,46-50,18.1818181818182
M,F,3,Si,Partial College,Clerical,1,0,0-1 Miles,Europe,1,46-50,18.1818181818182
S,F,3,Si,Partial College,Clerical,1,0,0-1 Miles,Europe,1,46-50,18.1818181818182
S,F,0,No,High School,Manual,0,1,1-2 Miles,Europe,0,29-34,9.09090909090909
S,F,0,No,Partial High School,Manual,0,2,0-1 Miles,Europe,0,29-34,9.09090909090909
M,F,4,Si,High School,Manual,1,2,0-1 Miles,Europe,0,29-34,9.09090909090909
M,M,5,Si,High School,Manual,1,2,0-1 Miles,Europe,0,29-34,9.09090909090909
M,M,1,No,Bachelors,Skilled Manual,1,0,0-1 Miles,Europe,1,46-50,27.2727272727273
M,F,1,No,Bachelors,Skilled Manual,1,1,0-1 Miles,Europe,1,46-50,27.2727272727273
M,M,1,No,Bachelors,Skilled Manual,1,1,0-1 Miles,Europe,1,46-50,27.2727272727273
M,M,3,Si,Partial College,Clerical,1,2,0-1 Miles,Europe,0,29-34,18.1818181818182
M,M,4,Si,Partial College,Clerical,1,0,0-1 Miles,Europe,0,29-34,18.1818181818182
M,F,4,Si,Partial College,Clerical,1,2,0-1 Miles,Europe,0,29-34,18.1818181818182
S,F,4,Si,Partial College,Clerical,0,3,0-1 Miles,Europe,1,29-34,18.1818181818182
M,M,5,Si,Partial College,Clerical,1,1,0-1 Miles,Europe,0,29-34,18.1818181818182
S,F,0,No,Partial College,Clerical,1,1,2-5 Miles,Europe,0,29-34,18.1818181818182
M,F,0,No,Partial College,Clerical,0,1,0-1 Miles,Europe,0,29-34,18.1818181818182
S,F,0,No,High School,Manual,1,1,2-5 Miles,Europe,0,29-34,9.09090909090909
S,M,0,No,High School,Manual,0,1,2-5 Miles,Europe,0,29-34,9.09090909090909
M,M,0,No,Partial High School,Manual,0,2,0-1 Miles,Europe,0,29-34,9.09090909090909
S,F,0,No,Partial High School,Manual,1,2,0-1 Miles,Europe,0,29-34,9.09090909090909
S,M,0,No,High School,Manual,0,1,5-10 Miles,Europe,0,29-34,9.09090909090909
S,M,0,No,Partial High School,Manual,0,1,2-5 Miles,Europe,0,29-34,9.09090909090909
S,M,0,No,Partial College,Clerical,0,1,0-1 Miles,Europe,1,29-34,18.1818181818182
S,M,0,No,Partial High School,Manual,0,1,5-10 Miles,Europe,0,29-34,9.09090909090909
M,F,0,No,Partial High School,Manual,0,1,2-5 Miles,Europe,0,35-40,9.09090909090909
M,M,0,No,Partial High School,Manual,1,2,0-1 Miles,Europe,0,35-40,9.09090909090909
S,F,0,No,Partial College,Clerical,0,1,2-5 Miles,Europe,1,29-34,18.1818181818182
S,F,0,No,Partial College,Clerical,0,1,0-1 Miles,Europe,0,29-34,18.1818181818182
S,M,0,No,Partial College,Clerical,0,1,2-5 Miles,Europe,1,29-34,18.1818181818182
S,F,0,No,Partial College,Clerical,0,1,2-5 Miles,Europe,1,29-34,18.1818181818182
M,F,0,No,Partial High School,Manual,1,2,1-2 Miles,Europe,0,29-34,9.09090909090909
M,M,0,No,Partial High School,Manual,0,2,0-1 Miles,Europe,0,29-34,9.09090909090909
S,M,1,No,Graduate Degree,Manual,1,0,0-1 Miles,Europe,0,65+,9.09090909090909
S,M,1,No,Graduate Degree,Manual,0,0,0-1 Miles,Europe,0,46-50,9.09090909090909
M,M,1,No,Graduate Degree,Manual,0,0,0-1 Miles,Europe,0,46-50,9.09090909090909
S,F,1,No,Graduate Degree,Clerical,1,0,0-1 Miles,Europe,0,46-50,9.09090909090909
M,M,1,No,Bachelors,Manual,1,0,0-1 Miles,Europe,0,35-40,9.09090909090909
S,M,1,No,Bachelors,Manual,0,0,0-1 Miles,Europe,0,41-45,9.09090909090909
S,F,1,No,Graduate Degree,Clerical,1,0,0-1 Miles,Europe,0,46-50,9.09090909090909
S,F,1,No,Graduate Degree,Clerical,0,0,0-1 Miles,Europe,0,41-45,9.09090909090909
S,M,1,No,Graduate Degree,Clerical,0,0,0-1 Miles,Europe,0,46-50,9.09090909090909
S,M,1,No,Graduate Degree,Clerical,0,0,0-1 Miles,Europe,0,65+,9.09090909090909
S,F,1,No,Bachelors,Manual,0,0,0-1 Miles,Europe,0,51-55,9.09090909090909
S,M,1,No,Bachelors,Manual,1,0,0-1 Miles,Europe,0,35-40,9.09090909090909
S,F,1,No,Bachelors,Manual,1,0,0-1 Miles,Europe,0,51-55,9.09090909090909
S,F,1,No,Bachelors,Manual,1,0,0-1 Miles,Europe,0,51-55,9.09090909090909
M,M,1,No,Partial College,Manual,0,0,0-1 Miles,Europe,0,35-40,9.09090909090909
S,M,2,No,Partial College,Manual,0,0,0-1 Miles,Europe,0,46-50,9.09090909090909
S,M,1,No,Bachelors,Clerical,1,0,0-1 Miles,Europe,0,51-55,9.09090909090909
M,M,2,No,Partial College,Manual,1,0,1-2 Miles,Europe,0,51-55,9.09090909090909
S,M,2,No,Partial College,Manual,0,1,0-1 Miles,Europe,1,56-65,9.09090909090909
S,F,2,No,Partial College,Manual,1,1,0-1 Miles,Europe,1,51-55,9.09090909090909
S,F,2,No,Partial College,Manual,0,1,0-1 Miles,Europe,1,51-55,9.09090909090909
M,F,1,No,Bachelors,Clerical,1,0,0-1 Miles,Europe,0,65+,9.09090909090909
M,F,1,No,Bachelors,Clerical,1,0,0-1 Miles,Europe,1,56-65,9.09090909090909
M,F,1,No,Bachelors,Clerical,1,0,0-1 Miles,Europe,1,65+,18.1818181818182
M,M,1,No,Bachelors,Clerical,1,0,0-1 Miles,Europe,1,65+,18.1818181818182
S,M,1,No,Bachelors,Clerical,0,0,0-1 Miles,Europe,0,56-65,18.1818181818182
S,F,3,No,Partial College,Manual,0,1,0-1 Miles,Europe,1,56-65,9.09090909090909
M,M,3,No,Partial College,Manual,0,1,0-1 Miles,Europe,1,65+,9.09090909090909
S,F,0,No,Partial College,Manual,0,1,0-1 Miles,Pacific,1,29-34,9.09090909090909
S,F,0,No,Partial College,Manual,0,1,0-1 Miles,Pacific,1,29-34,9.09090909090909
M,M,0,No,Partial College,Manual,0,1,0-1 Miles,Pacific,1,29-34,9.09090909090909
S,M,0,No,Bachelors,Clerical,0,0,0-1 Miles,Pacific,1,29-34,9.09090909090909
S,M,0,No,Partial College,Manual,0,1,0-1 Miles,Pacific,1,29-34,9.09090909090909
M,M,0,No,Partial College,Manual,0,1,1-2 Miles,Pacific,0,29-34,9.09090909090909
M,M,0,No,Partial College,Manual,1,1,2-5 Miles,Pacific,1,29-34,9.09090909090909
M,M,0,No,Partial College,Manual,1,1,2-5 Miles,Pacific,1,29-34,9.09090909090909
S,M,0,No,Partial College,Manual,0,1,0-1 Miles,Pacific,1,29-34,9.09090909090909
S,M,0,No,High School,Manual,0,2,0-1 Miles,Pacific,1,29-34,9.09090909090909
M,M,0,No,High School,Manual,0,2,0-1 Miles,Pacific,1,29-34,9.09090909090909
S,M,0,No,High School,Manual,1,2,0-1 Miles,Pacific,1,29-34,9.09090909090909
M,M,0,No,High School,Manual,1,2,0-1 Miles,Pacific,1,29-34,9.09090909090909
S,M,0,No,Bachelors,Clerical,0,0,0-1 Miles,Pacific,1,29-34,9.09090909090909
S,M,0,No,Bachelors,Clerical,1,0,0-1 Miles,Pacific,1,29-34,9.09090909090909
S,M,0,No,Bachelors,Clerical,0,0,0-1 Miles,Pacific,1,29-34,9.09090909090909
M,F,0,No,Bachelors,Clerical,0,0,0-1 Miles,Pacific,1,29-34,9.09090909090909
S,F,0,No,Partial College,Manual,0,0,0-1 Miles,Pacific,1,29-34,9.09090909090909
S,M,1,Si,Partial College,Manual,0,0,0-1 Miles,Europe,1,41-45,9.09090909090909
S,F,3,No,Graduate Degree,Clerical,1,0,0-1 Miles,Europe,1,41-45,18.1818181818182
S,M,1,Si,High School,Manual,0,0,1-2 Miles,Europe,0,41-45,9.09090909090909
M,M,1,Si,High School,Manual,1,1,2-5 Miles,Europe,0,46-50,9.09090909090909
M,M,1,Si,Partial College,Manual,1,0,1-2 Miles,Europe,0,46-50,9.09090909090909
S,F,1,Si,Partial College,Manual,0,0,0-1 Miles,Europe,1,46-50,9.09090909090909
S,F,1,Si,High School,Manual,1,1,2-5 Miles,Europe,0,46-50,9.09090909090909
S,F,2,No,Partial College,Manual,1,1,1-2 Miles,Europe,1,46-50,9.09090909090909
S,F,2,No,Partial College,Manual,1,1,1-2 Miles,Europe,1,46-50,9.09090909090909
M,F,2,No,Partial College,Manual,0,1,0-1 Miles,Europe,1,41-45,9.09090909090909
S,M,2,No,Partial College,Manual,0,1,2-5 Miles,Europe,0,46-50,9.09090909090909
S,M,2,No,Partial College,Manual,0,1,2-5 Miles,Europe,0,46-50,9.09090909090909
M,M,2,No,Partial College,Manual,0,1,1-2 Miles,Europe,1,51-55,9.09090909090909
S,F,2,No,Partial College,Manual,0,1,0-1 Miles,Europe,1,51-55,9.09090909090909
M,F,1,No,Graduate Degree,Clerical,1,0,0-1 Miles,Europe,1,35-40,18.1818181818182
M,M,3,No,Graduate Degree,Clerical,1,0,0-1 Miles,Europe,1,46-50,18.1818181818182
M,F,3,No,Bachelors,Clerical,0,0,0-1 Miles,Europe,1,35-40,18.1818181818182
M,M,3,No,Bachelors,Clerical,1,0,0-1 Miles,Europe,1,41-45,18.1818181818182
S,M,0,No,Partial College,Manual,0,1,2-5 Miles,Europe,1,29-34,9.09090909090909
S,F,0,No,Partial College,Manual,1,1,2-5 Miles,Europe,1,35-40,9.09090909090909
S,F,0,No,Partial College,Manual,0,1,0-1 Miles,Europe,1,29-34,9.09090909090909
M,F,0,No,Partial College,Manual,0,1,1-2 Miles,Europe,1,35-40,9.09090909090909
M,M,2,Si,High School,Manual,1,0,0-1 Miles,Europe,1,35-40,9.09090909090909
S,F,0,No,Bachelors,Clerical,1,0,0-1 Miles,Europe,1,29-34,18.1818181818182
M,M,0,No,Bachelors,Clerical,1,0,0-1 Miles,Europe,1,35-40,18.1818181818182
S,F,3,No,Bachelors,Clerical,0,2,0-1 Miles,Europe,0,65+,9.09090909090909
S,M,0,No,Partial College,Manual,0,1,2-5 Miles,Europe,1,29-34,9.09090909090909
S,M,0,No,Partial College,Manual,0,1,2-5 Miles,Europe,1,29-34,9.09090909090909
S,M,0,No,Bachelors,Clerical,0,0,0-1 Miles,Europe,1,35-40,18.1818181818182
M,F,0,No,Graduate Degree,Clerical,0,0,0-1 Miles,Europe,1,29-34,27.2727272727273
S,F,0,No,Graduate Degree,Skilled Manual,1,0,0-1 Miles,Europe,1,35-40,45.4545454545455
M,M,4,No,High School,Manual,1,2,0-1 Miles,Europe,0,56-65,9.09090909090909
M,M,2,Si,High School,Manual,1,1,0-1 Miles,Europe,0,41-45,9.09090909090909
M,M,2,Si,High School,Manual,1,1,0-1 Miles,Europe,0,41-45,9.09090909090909
S,M,3,Si,High School,Manual,1,0,0-1 Miles,Europe,1,41-45,9.09090909090909
M,M,3,Si,High School,Manual,1,0,0-1 Miles,Europe,0,41-45,9.09090909090909
S,F,3,Si,High School,Manual,1,0,0-1 Miles,Europe,1,41-45,9.09090909090909
S,M,1,Si,Partial College,Manual,0,0,0-1 Miles,Europe,1,41-45,9.09090909090909
M,M,1,Si,Partial College,Manual,1,0,2-5 Miles,Europe,1,35-40,9.09090909090909
S,M,1,Si,Partial College,Manual,1,0,2-5 Miles,Europe,1,35-40,9.09090909090909
S,M,1,Si,Partial College,Manual,0,1,0-1 Miles,Europe,1,35-40,9.09090909090909
M,F,1,Si,Bachelors,Clerical,1,0,2-5 Miles,Europe,1,41-45,18.1818181818182
S,F,1,Si,Bachelors,Clerical,0,0,0-1 Miles,Europe,1,41-45,18.1818181818182
M,M,0,No,Bachelors,Clerical,1,0,0-1 Miles,Europe,1,41-45,27.2727272727273
S,M,3,Si,Partial High School,Manual,1,1,0-1 Miles,Europe,1,41-45,9.09090909090909
S,M,3,Si,Partial High School,Manual,1,1,0-1 Miles,Europe,1,35-40,9.09090909090909
S,F,1,Si,Partial College,Manual,0,1,1-2 Miles,Europe,1,41-45,9.09090909090909
M,M,1,Si,Partial College,Manual,1,1,2-5 Miles,Europe,1,29-34,9.09090909090909
S,M,1,Si,Bachelors,Clerical,0,0,0-1 Miles,Europe,1,35-40,18.1818181818182
S,F,1,Si,Bachelors,Clerical,0,1,0-1 Miles,Europe,1,41-45,18.1818181818182
S,F,1,Si,Bachelors,Clerical,0,1,0-1 Miles,Europe,1,35-40,18.1818181818182
M,M,4,Si,Partial High School,Manual,1,1,0-1 Miles,Europe,1,41-45,9.09090909090909
M,F,5,Si,Partial High School,Manual,1,0,0-1 Miles,Europe,0,41-45,9.09090909090909
S,M,1,Si,High School,Manual,1,1,2-5 Miles,Europe,1,35-40,9.09090909090909
M,M,1,Si,High School,Manual,1,2,0-1 Miles,Europe,0,41-45,9.09090909090909
S,F,2,Si,High School,Manual,1,0,0-1 Miles,Europe,1,29-34,9.09090909090909
M,F,0,No,Bachelors,Clerical,0,0,0-1 Miles,Europe,1,35-40,27.2727272727273
S,F,0,No,Bachelors,Clerical,0,0,0-1 Miles,Europe,1,41-45,27.2727272727273
M,M,0,No,Bachelors,Clerical,0,0,0-1 Miles,Europe,1,41-45,27.2727272727273
M,M,0,No,Bachelors,Clerical,1,0,0-1 Miles,Europe,1,35-40,27.2727272727273
S,M,2,No,High School,Manual,0,1,2-5 Miles,Europe,0,65+,9.09090909090909
M,M,1,Si,Bachelors,Skilled Manual,1,2,0-1 Miles,Europe,0,35-40,18.1818181818182
M,M,1,Si,Bachelors,Skilled Manual,1,2,0-1 Miles,Europe,0,41-45,18.1818181818182
M,F,5,Si,Partial High School,Manual,1,2,0-1 Miles,Europe,0,41-45,9.09090909090909
S,F,4,Si,Partial High School,Manual,0,2,0-1 Miles,Europe,0,35-40,9.09090909090909
M,F,4,Si,Partial High School,Manual,1,2,0-1 Miles,Europe,0,29-34,9.09090909090909
M,M,4,Si,Partial High School,Manual,1,2,0-1 Miles,Europe,0,35-40,9.09090909090909
M,M,2,Si,High School,Manual,1,1,0-1 Miles,Europe,1,35-40,9.09090909090909
M,M,1,Si,Bachelors,Skilled Manual,1,2,0-1 Miles,Europe,0,29-34,18.1818181818182
M,M,3,Si,Partial High School,Manual,1,2,0-1 Miles,Europe,0,41-45,9.09090909090909
M,M,3,Si,Partial High School,Manual,1,2,0-1 Miles,Europe,0,29-34,9.09090909090909
M,F,4,No,High School,Manual,0,2,0-1 Miles,Europe,0,65+,9.09090909090909
M,F,2,Si,High School,Manual,1,2,0-1 Miles,Europe,0,35-40,9.09090909090909
M,M,3,Si,High School,Manual,1,0,0-1 Miles,Europe,1,35-40,9.09090909090909
M,M,3,Si,High School,Manual,1,0,0-1 Miles,Europe,1,41-45,9.09090909090909
M,F,1,Si,Bachelors,Skilled Manual,1,2,0-1 Miles,Europe,0,41-45,18.1818181818182
M,M,2,Si,Partial College,Manual,1,0,0-1 Miles,Europe,0,35-40,18.1818181818182
S,F,2,Si,Partial College,Manual,0,0,0-1 Miles,Europe,0,35-40,18.1818181818182
M,M,3,Si,High School,Manual,1,1,0-1 Miles,Europe,0,46-50,9.09090909090909
M,M,0,No,Bachelors,Professional,1,0,0-1 Miles,Europe,1,29-34,27.2727272727273
S,F,0,No,Bachelors,Professional,0,0,0-1 Miles,Europe,1,41-45,27.2727272727273
M,M,0,No,Bachelors,Professional,1,0,0-1 Miles,Europe,1,41-45,27.2727272727273
M,F,0,No,Bachelors,Professional,1,0,0-1 Miles,Europe,1,41-45,27.2727272727273
S,F,0,No,Graduate Degree,Skilled Manual,0,0,0-1 Miles,Europe,1,35-40,72.7272727272727
S,M,1,No,Partial College,Clerical,1,1,2-5 Miles,Europe,0,46-50,18.1818181818182
S,F,1,No,Partial College,Clerical,0,1,2-5 Miles,Europe,0,41-45,18.1818181818182
M,F,1,No,Bachelors,Skilled Manual,1,1,2-5 Miles,Europe,0,65+,18.1818181818182
M,M,1,No,Bachelors,Skilled Manual,1,1,2-5 Miles,Europe,0,65+,18.1818181818182
S,F,2,Si,Partial College,Clerical,1,1,0-1 Miles,Europe,1,29-34,18.1818181818182
M,F,2,Si,Partial College,Clerical,1,1,0-1 Miles,Europe,1,41-45,18.1818181818182
M,F,1,No,Bachelors,Skilled Manual,1,0,0-1 Miles,Europe,1,41-45,27.2727272727273
M,F,1,No,Bachelors,Skilled Manual,1,0,0-1 Miles,Europe,1,41-45,27.2727272727273
M,M,1,No,Bachelors,Skilled Manual,0,0,0-1 Miles,Europe,1,35-40,27.2727272727273
M,M,1,No,Bachelors,Skilled Manual,1,0,0-1 Miles,Europe,1,41-45,27.2727272727273
M,F,1,No,Bachelors,Skilled Manual,1,0,0-1 Miles,Europe,1,41-45,27.2727272727273
M,F,3,Si,Partial College,Clerical,1,0,0-1 Miles,Europe,1,35-40,18.1818181818182
S,M,3,Si,Partial College,Clerical,0,0,0-1 Miles,Europe,0,46-50,18.1818181818182
M,M,3,Si,Partial College,Clerical,1,1,0-1 Miles,Europe,0,41-45,18.1818181818182
S,F,0,No,High School,Manual,0,1,2-5 Miles,Europe,0,29-34,9.09090909090909
S,M,0,No,High School,Manual,0,1,2-5 Miles,Europe,0,29-34,9.09090909090909
S,F,4,Si,High School,Manual,1,2,0-1 Miles,Europe,1,29-34,9.09090909090909
S,M,0,No,High School,Manual,0,1,2-5 Miles,Europe,0,29-34,9.09090909090909
M,F,1,No,Bachelors,Skilled Manual,1,0,0-1 Miles,Europe,1,46-50,27.2727272727273
S,F,1,No,Partial College,Clerical,0,1,2-5 Miles,Europe,0,46-50,18.1818181818182
M,F,1,No,Partial College,Clerical,0,1,0-1 Miles,Europe,1,35-40,18.1818181818182
M,M,1,No,Bachelors,Skilled Manual,1,1,0-1 Miles,Europe,1,46-50,27.2727272727273
M,M,1,No,Bachelors,Skilled Manual,1,1,0-1 Miles,Europe,1,46-50,27.2727272727273
M,M,3,Si,Partial College,Clerical,1,2,0-1 Miles,Europe,0,29-34,18.1818181818182
M,F,0,No,Partial College,Clerical,0,1,0-1 Miles,Europe,0,29-34,18.1818181818182
S,M,0,No,Partial College,Clerical,0,1,2-5 Miles,Europe,0,29-34,18.1818181818182
S,F,0,No,Partial College,Clerical,0,1,2-5 Miles,Europe,0,29-34,18.1818181818182
S,F,0,No,Partial College,Clerical,0,1,0-1 Miles,Europe,1,29-34,18.1818181818182
S,F,0,No,High School,Manual,0,1,1-2 Miles,Europe,0,29-34,9.09090909090909
S,F,0,No,High School,Manual,0,1,1-2 Miles,Europe,0,29-34,9.09090909090909
S,M,0,No,High School,Manual,0,1,5-10 Miles,Europe,0,29-34,9.09090909090909
S,F,0,No,High School,Manual,0,1,5-10 Miles,Europe,0,29-34,9.09090909090909
S,M,0,No,High School,Manual,0,1,2-5 Miles,Europe,0,29-34,9.09090909090909
S,M,0,No,Partial College,Clerical,0,1,0-1 Miles,Europe,1,29-34,18.1818181818182
S,F,0,No,Partial College,Clerical,0,1,2-5 Miles,Europe,0,29-34,18.1818181818182
S,M,0,No,Partial High School,Manual,1,2,0-1 Miles,Europe,0,35-40,9.09090909090909
M,F,0,No,Partial High School,Manual,1,2,0-1 Miles,Europe,0,29-34,9.09090909090909
M,F,0,No,Partial High School,Manual,0,2,0-1 Miles,Europe,0,35-40,9.09090909090909
S,M,0,No,Partial High School,Manual,0,2,0-1 Miles,Europe,0,35-40,9.09090909090909
S,F,0,No,Partial High School,Manual,1,2,1-2 Miles,Europe,0,35-40,9.09090909090909
S,M,0,No,Partial High School,Manual,0,2,0-1 Miles,Europe,0,35-40,9.09090909090909
S,M,0,No,Partial College,Clerical,0,1,2-5 Miles,Europe,1,29-34,18.1818181818182
S,F,0,No,Partial College,Clerical,0,1,2-5 Miles,Europe,1,29-34,18.1818181818182
S,F,0,No,Partial College,Clerical,1,1,2-5 Miles,Europe,0,29-34,18.1818181818182
M,F,1,Si,Bachelors,Skilled Manual,1,0,0-1 Miles,Europe,1,29-34,27.2727272727273
M,M,0,No,Partial High School,Manual,1,2,1-2 Miles,Europe,0,35-40,9.09090909090909
S,M,0,No,Graduate Degree,Manual,0,0,0-1 Miles,Europe,1,29-34,9.09090909090909
S,F,1,No,Graduate Degree,Manual,1,0,0-1 Miles,Europe,0,46-50,9.09090909090909
M,M,1,No,Graduate Degree,Manual,1,0,0-1 Miles,Europe,0,46-50,9.09090909090909
M,M,1,No,Graduate Degree,Manual,1,0,0-1 Miles,Europe,0,46-50,9.09090909090909
M,M,1,No,Graduate Degree,Clerical,1,0,0-1 Miles,Europe,0,35-40,9.09090909090909
S,F,1,No,Graduate Degree,Clerical,1,0,0-1 Miles,Europe,0,46-50,9.09090909090909
S,M,1,No,Graduate Degree,Clerical,1,0,0-1 Miles,Europe,0,46-50,9.09090909090909
M,F,1,No,Graduate Degree,Clerical,0,0,0-1 Miles,Europe,0,65+,9.09090909090909
S,F,2,No,Partial College,Manual,0,0,0-1 Miles,Europe,0,51-55,9.09090909090909
M,M,2,No,Partial College,Manual,1,0,1-2 Miles,Europe,0,51-55,9.09090909090909
M,M,2,No,Partial College,Manual,1,0,1-2 Miles,Europe,0,46-50,9.09090909090909
S,M,1,No,Bachelors,Clerical,0,0,0-1 Miles,Europe,0,51-55,9.09090909090909
S,M,1,No,Bachelors,Clerical,0,0,0-1 Miles,Europe,0,65+,9.09090909090909
S,M,1,No,Bachelors,Clerical,1,0,0-1 Miles,Europe,1,65+,9.09090909090909
S,M,1,No,Bachelors,Clerical,0,0,0-1 Miles,Europe,0,65+,18.1818181818182
M,F,1,No,Partial College,Manual,1,0,0-1 Miles,Europe,1,65+,9.09090909090909
M,M,1,No,Partial College,Manual,0,0,0-1 Miles,Europe,0,65+,9.09090909090909
M,F,3,No,Partial College,Manual,0,1,0-1 Miles,Europe,1,56-65,9.09090909090909
S,M,3,No,Partial College,Manual,0,1,0-1 Miles,Europe,1,65+,9.09090909090909
M,F,0,No,Partial College,Manual,0,1,0-1 Miles,Pacific,1,29-34,9.09090909090909
S,M,0,No,Partial College,Manual,1,1,1-2 Miles,Pacific,1,29-34,9.09090909090909
M,M,0,No,Partial College,Manual,1,1,2-5 Miles,Pacific,1,29-34,9.09090909090909
M,M,0,No,Partial College,Manual,0,1,0-1 Miles,Pacific,1,29-34,9.09090909090909
S,M,0,No,Partial College,Manual,0,1,0-1 Miles,Pacific,1,29-34,9.09090909090909
S,F,0,No,High School,Manual,0,2,0-1 Miles,Pacific,1,29-34,9.09090909090909
S,M,0,No,High School,Manual,0,2,0-1 Miles,Pacific,1,29-34,9.09090909090909
S,F,0,No,High School,Manual,0,2,0-1 Miles,Pacific,1,29-34,9.09090909090909
S,F,0,No,High School,Manual,1,2,0-1 Miles,Pacific,1,29-34,9.09090909090909
M,M,0,No,High School,Manual,1,2,0-1 Miles,Pacific,1,29-34,9.09090909090909
S,F,1,Si,High School,Manual,0,0,1-2 Miles,Pacific,1,29-34,9.09090909090909
S,F,1,Si,High School,Manual,1,0,2-5 Miles,Pacific,1,29-34,9.09090909090909
S,M,1,Si,High School,Manual,0,0,1-2 Miles,Pacific,1,29-34,9.09090909090909
M,F,1,Si,High School,Manual,1,0,2-5 Miles,Pacific,1,29-34,9.09090909090909
S,F,0,No,Bachelors,Clerical,1,0,0-1 Miles,Pacific,1,29-34,9.09090909090909
M,M,0,No,Bachelors,Clerical,1,0,0-1 Miles,Pacific,1,29-34,9.09090909090909
S,F,0,No,Bachelors,Clerical,0,0,0-1 Miles,Pacific,1,29-34,9.09090909090909
M,F,0,No,Bachelors,Clerical,1,0,0-1 Miles,Pacific,1,29-34,9.09090909090909
S,F,0,No,Bachelors,Clerical,1,0,0-1 Miles,Pacific,1,29-34,9.09090909090909
S,M,0,No,Partial College,Manual,0,0,0-1 Miles,Pacific,1,29-34,9.09090909090909
M,F,0,No,Partial College,Manual,1,0,0-1 Miles,Pacific,1,29-34,9.09090909090909
S,M,2,No,Partial College,Manual,1,0,1-2 Miles,Europe,0,65+,9.09090909090909
M,M,2,No,Partial College,Manual,0,0,0-1 Miles,Europe,0,65+,9.09090909090909
M,F,1,No,Bachelors,Clerical,1,0,0-1 Miles,Europe,1,65+,18.1818181818182
S,F,4,No,Graduate Degree,Clerical,1,0,0-1 Miles,Europe,1,46-50,18.1818181818182
S,F,3,No,Graduate Degree,Clerical,1,0,0-1 Miles,Europe,1,46-50,18.1818181818182
S,F,1,Si,High School,Manual,0,1,1-2 Miles,Europe,0,46-50,9.09090909090909
S,M,1,Si,Partial College,Manual,0,0,0-1 Miles,Europe,1,41-45,9.09090909090909
S,F,3,No,Graduate Degree,Clerical,0,0,0-1 Miles,Europe,1,41-45,18.1818181818182
S,M,2,No,Partial College,Manual,1,1,2-5 Miles,Europe,0,35-40,9.09090909090909
M,M,3,No,Graduate Degree,Clerical,1,0,0-1 Miles,Europe,1,46-50,18.1818181818182
S,M,2,No,Partial College,Manual,1,1,2-5 Miles,Europe,1,35-40,9.09090909090909
M,M,3,No,Graduate Degree,Clerical,1,0,0-1 Miles,Europe,1,46-50,18.1818181818182
S,F,3,No,Graduate Degree,Clerical,1,0,0-1 Miles,Europe,1,46-50,18.1818181818182
M,M,0,No,Bachelors,Clerical,0,0,0-1 Miles,Europe,1,46-50,18.1818181818182
M,M,0,No,Bachelors,Clerical,0,0,0-1 Miles,Europe,1,51-55,18.1818181818182
M,F,2,Si,High School,Manual,1,0,0-1 Miles,Europe,0,29-34,9.09090909090909
M,M,2,Si,High School,Manual,1,0,0-1 Miles,Europe,0,35-40,9.09090909090909
S,F,0,No,Partial College,Manual,0,1,2-5 Miles,Europe,1,29-34,9.09090909090909
M,F,0,No,Bachelors,Clerical,1,0,0-1 Miles,Europe,1,35-40,18.1818181818182
M,F,0,No,Graduate Degree,Clerical,0,0,0-1 Miles,Europe,1,35-40,27.2727272727273
S,M,0,No,Graduate Degree,Clerical,0,0,0-1 Miles,Europe,1,29-34,27.2727272727273
M,F,2,Si,High School,Manual,1,0,0-1 Miles,Europe,1,35-40,9.09090909090909
S,F,0,No,Partial College,Manual,0,1,0-1 Miles,Europe,1,35-40,9.09090909090909
S,M,0,No,Bachelors,Clerical,0,0,0-1 Miles,Europe,1,35-40,18.1818181818182
S,M,0,No,Bachelors,Clerical,0,0,0-1 Miles,Europe,1,35-40,18.1818181818182
S,F,1,No,Bachelors,Clerical,0,0,0-1 Miles,Europe,1,35-40,18.1818181818182
M,F,0,No,Graduate Degree,Clerical,1,0,0-1 Miles,Europe,1,35-40,27.2727272727273
M,F,2,Si,High School,Manual,1,1,0-1 Miles,Europe,0,41-45,9.09090909090909
S,F,0,No,Graduate Degree,Clerical,1,0,0-1 Miles,Europe,1,41-45,27.2727272727273
M,F,0,No,Graduate Degree,Skilled Manual,1,0,0-1 Miles,Europe,1,35-40,45.4545454545455
S,M,0,No,Graduate Degree,Skilled Manual,1,0,0-1 Miles,Europe,1,35-40,45.4545454545455
S,F,0,No,Graduate Degree,Skilled Manual,0,0,0-1 Miles,Europe,1,41-45,45.4545454545455
S,M,3,No,Partial College,Manual,0,2,0-1 Miles,Europe,1,56-65,9.09090909090909
S,M,3,No,Partial College,Manual,0,2,0-1 Miles,Europe,1,56-65,9.09090909090909
S,F,2,No,Partial College,Manual,1,1,2-5 Miles,Europe,1,56-65,9.09090909090909
M,F,2,Si,High School,Manual,1,2,0-1 Miles,Europe,0,51-55,9.09090909090909
S,F,2,Si,High School,Manual,1,2,0-1 Miles,Europe,0,56-65,9.09090909090909
S,F,2,Si,High School,Manual,0,1,0-1 Miles,Europe,1,41-45,9.09090909090909
S,M,1,Si,Partial College,Manual,0,0,1-2 Miles,Europe,0,41-45,9.09090909090909
M,F,1,No,Bachelors,Clerical,1,0,1-2 Miles,Europe,1,41-45,18.1818181818182
M,M,4,Si,Bachelors,Management,1,2,0-1 Miles,North America,0,41-45,81.8181818181818
S,F,1,No,Graduate Degree,Management,0,2,0-1 Miles,North America,1,41-45,90.9090909090909
S,F,0,No,High School,Skilled Manual,1,2,5-10 Miles,North America,0,29-34,27.2727272727273
S,F,0,No,High School,Skilled Manual,1,2,5-10 Miles,North America,0,29-34,27.2727272727273
S,F,0,No,High School,Skilled Manual,0,2,1-2 Miles,North America,1,29-34,27.2727272727273
S,M,0,No,Partial College,Skilled Manual,1,1,5-10 Miles,North America,0,29-34,27.2727272727273
S,M,0,No,Partial College,Skilled Manual,0,1,1-2 Miles,North America,0,29-34,27.2727272727273
S,F,0,No,Partial College,Skilled Manual,0,1,1-2 Miles,North America,0,29-34,27.2727272727273
S,M,3,No,High School,Skilled Manual,0,2,1-2 Miles,Pacific,0,56-65,9.09090909090909
M,M,4,No,High School,Skilled Manual,1,2,5-10 Miles,Pacific,0,56-65,9.09090909090909
M,M,4,No,High School,Skilled Manual,1,2,5-10 Miles,Pacific,0,56-65,9.09090909090909
S,F,0,No,Partial College,Skilled Manual,1,1,5-10 Miles,North America,1,29-34,45.4545454545455
S,M,0,No,Partial College,Skilled Manual,1,2,5-10 Miles,North America,1,29-34,45.4545454545455
S,F,0,No,Partial College,Skilled Manual,1,2,5-10 Miles,North America,1,29-34,63.6363636363636
S,M,0,No,Partial College,Skilled Manual,1,2,5-10 Miles,North America,1,29-34,63.6363636363636
S,F,0,No,High School,Skilled Manual,0,2,1-2 Miles,North America,1,29-34,27.2727272727273
S,F,0,No,Partial College,Skilled Manual,1,1,5-10 Miles,North America,0,29-34,18.1818181818182
S,F,0,No,Partial College,Skilled Manual,0,1,1-2 Miles,North America,0,29-34,18.1818181818182
M,M,0,No,Partial College,Skilled Manual,1,2,5-10 Miles,North America,1,29-34,45.4545454545455
M,M,0,No,Partial College,Skilled Manual,1,2,5-10 Miles,North America,1,29-34,45.4545454545455
M,M,2,Si,Partial High School,Clerical,1,2,5-10 Miles,Pacific,0,56-65,9.09090909090909
S,M,4,No,High School,Skilled Manual,0,2,1-2 Miles,Pacific,1,56-65,9.09090909090909
M,F,2,No,Partial College,Clerical,0,2,1-2 Miles,Pacific,1,56-65,18.1818181818182
M,F,2,No,Partial College,Clerical,1,2,5-10 Miles,Pacific,0,56-65,18.1818181818182
M,F,2,No,Bachelors,Management,1,2,5-10 Miles,Pacific,1,56-65,27.2727272727273
M,M,2,Si,Partial High School,Clerical,1,2,1-2 Miles,Pacific,0,56-65,9.09090909090909
M,M,2,Si,Partial High School,Clerical,1,2,1-2 Miles,Pacific,0,56-65,9.09090909090909
M,M,4,No,High School,Skilled Manual,1,2,5-10 Miles,Pacific,1,56-65,9.09090909090909
S,M,4,No,High School,Skilled Manual,0,2,1-2 Miles,Pacific,1,56-65,9.09090909090909
S,M,2,No,Partial College,Clerical,0,2,1-2 Miles,Pacific,1,56-65,18.1818181818182
M,F,2,No,Partial College,Clerical,1,2,5-10 Miles,Pacific,1,56-65,18.1818181818182
S,M,2,No,Partial College,Clerical,0,2,1-2 Miles,Pacific,1,56-65,18.1818181818182
M,F,2,No,Partial College,Clerical,0,2,1-2 Miles,Pacific,1,56-65,18.1818181818182
M,M,2,Si,Partial High School,Clerical,1,2,5-10 Miles,Pacific,0,56-65,9.09090909090909
S,F,0,No,Partial College,Skilled Manual,0,2,0-1 Miles,North America,1,29-34,63.6363636363636
S,F,0,No,Partial High School,Clerical,0,2,5-10 Miles,North America,0,29-34,27.2727272727273
S,F,0,No,Partial High School,Clerical,0,2,1-2 Miles,North America,0,29-34,27.2727272727273
M,M,2,Si,Partial High School,Clerical,0,2,1-2 Miles,Pacific,1,56-65,9.09090909090909
S,F,0,No,Bachelors,Professional,0,2,1-2 Miles,North America,0,29-34,27.2727272727273
S,M,0,No,Bachelors,Professional,1,2,5-10 Miles,North America,0,29-34,27.2727272727273
S,M,0,No,Partial College,Skilled Manual,0,2,5-10 Miles,North America,0,29-34,27.2727272727273
S,F,0,No,Partial College,Skilled Manual,1,2,5-10 Miles,North America,0,29-34,45.4545454545455
M,M,0,No,Partial College,Skilled Manual,0,2,1-2 Miles,North America,0,29-34,45.4545454545455
M,F,0,No,Partial College,Skilled Manual,1,2,5-10 Miles,North America,0,29-34,45.4545454545455
S,M,0,No,Partial College,Skilled Manual,0,2,0-1 Miles,North America,0,29-34,63.6363636363636
M,M,0,No,Partial College,Skilled Manual,0,2,0-1 Miles,North America,0,29-34,63.6363636363636
M,M,2,Si,Partial High School,Clerical,1,2,5-10 Miles,Pacific,1,56-65,9.09090909090909
M,M,2,Si,Partial High School,Clerical,1,2,1-2 Miles,Pacific,0,51-55,9.09090909090909
M,F,2,Si,Partial High School,Clerical,1,3,1-2 Miles,Pacific,0,51-55,9.09090909090909
M,M,2,Si,Partial High School,Clerical,1,3,1-2 Miles,Pacific,0,56-65,9.09090909090909
M,F,2,Si,Partial High School,Clerical,1,2,5-10 Miles,Pacific,1,56-65,9.09090909090909
M,M,2,Si,Partial High School,Clerical,1,2,1-2 Miles,Pacific,1,56-65,9.09090909090909
M,F,2,Si,Partial High School,Clerical,1,2,5-10 Miles,Pacific,1,51-55,9.09090909090909
M,F,2,Si,Partial High School,Clerical,1,2,5-10 Miles,Pacific,1,51-55,9.09090909090909
M,M,2,Si,Partial High School,Clerical,1,2,1-2 Miles,Pacific,1,56-65,9.09090909090909
M,M,0,No,Partial College,Skilled Manual,0,2,1-2 Miles,North America,1,29-34,18.1818181818182
S,F,2,Si,Partial High School,Clerical,1,3,5-10 Miles,Pacific,0,56-65,9.09090909090909
S,M,3,Si,Partial High School,Clerical,1,4,5-10 Miles,Pacific,0,56-65,9.09090909090909
M,M,2,No,Partial College,Skilled Manual,0,2,1-2 Miles,Pacific,0,46-50,27.2727272727273
S,M,2,No,Partial College,Skilled Manual,0,2,1-2 Miles,Pacific,0,56-65,27.2727272727273
S,M,3,No,Partial High School,Clerical,0,2,1-2 Miles,Pacific,0,51-55,27.2727272727273
S,F,3,No,Partial High School,Clerical,0,2,5-10 Miles,Pacific,1,46-50,27.2727272727273
M,M,2,No,Partial College,Skilled Manual,1,2,5-10 Miles,Pacific,1,51-55,72.7272727272727
S,F,2,No,Partial College,Skilled Manual,0,2,1-2 Miles,Pacific,1,51-55,72.7272727272727
S,F,0,No,Partial College,Skilled Manual,0,2,1-2 Miles,North America,1,29-34,27.2727272727273
S,M,0,No,Partial College,Skilled Manual,1,2,5-10 Miles,North America,0,29-34,27.2727272727273
S,M,0,No,High School,Skilled Manual,0,2,1-2 Miles,North America,1,29-34,27.2727272727273
M,M,0,No,High School,Skilled Manual,1,2,5-10 Miles,North America,0,29-34,27.2727272727273
M,M,0,No,High School,Skilled Manual,1,2,5-10 Miles,North America,0,35-40,27.2727272727273
S,M,0,No,Partial College,Skilled Manual,1,2,5-10 Miles,North America,0,29-34,45.4545454545455
M,F,0,No,High School,Skilled Manual,1,2,5-10 Miles,North America,0,35-40,45.4545454545455
S,M,0,No,High School,Skilled Manual,0,2,1-2 Miles,North America,1,35-40,45.4545454545455
M,F,0,No,High School,Skilled Manual,1,2,5-10 Miles,North America,0,35-40,45.4545454545455
M,F,0,No,High School,Skilled Manual,1,2,5-10 Miles,North America,0,35-40,45.4545454545455
S,M,0,No,High School,Skilled Manual,0,2,5-10 Miles,North America,0,35-40,45.4545454545455
S,F,0,No,Partial College,Skilled Manual,0,2,1-2 Miles,North America,1,35-40,45.4545454545455
S,F,0,No,Partial College,Professional,0,2,5-10 Miles,North America,1,29-34,63.6363636363636
M,F,0,No,Partial College,Professional,1,2,5-10 Miles,North America,0,29-34,45.4545454545455
M,M,0,No,Partial College,Professional,1,2,5-10 Miles,North America,0,29-34,45.4545454545455
S,F,0,No,Partial College,Professional,1,2,5-10 Miles,North America,0,29-34,45.4545454545455
S,F,2,No,High School,Skilled Manual,1,2,5-10 Miles,Pacific,1,35-40,72.7272727272727
S,F,2,No,High School,Skilled Manual,1,2,5-10 Miles,Pacific,1,51-55,63.6363636363636
M,M,2,No,High School,Skilled Manual,1,2,5-10 Miles,Pacific,1,51-55,63.6363636363636
S,F,2,No,High School,Skilled Manual,0,2,1-2 Miles,Pacific,1,51-55,63.6363636363636
S,F,1,No,Bachelors,Management,0,3,0-1 Miles,Pacific,1,51-55,81.8181818181818
S,M,1,Si,Bachelors,Management,0,3,0-1 Miles,Pacific,1,46-50,81.8181818181818
M,F,1,Si,Bachelors,Management,1,3,2-5 Miles,Pacific,0,41-45,81.8181818181818
S,F,1,Si,Bachelors,Management,0,3,0-1 Miles,Pacific,1,51-55,81.8181818181818
S,F,0,No,Bachelors,Management,1,1,2-5 Miles,North America,1,35-40,72.7272727272727
M,M,0,No,High School,Professional,0,2,1-2 Miles,North America,1,35-40,45.4545454545455
S,F,0,No,High School,Professional,0,2,1-2 Miles,North America,1,35-40,45.4545454545455
S,M,0,No,Partial College,Professional,0,2,1-2 Miles,North America,1,35-40,45.4545454545455
S,M,0,No,Partial College,Professional,1,2,5-10 Miles,North America,0,35-40,45.4545454545455
M,F,0,No,Partial College,Professional,1,2,5-10 Miles,North America,0,29-34,45.4545454545455
M,M,2,Si,Bachelors,Management,1,4,2-5 Miles,North America,0,41-45,90.9090909090909
M,M,0,Si,Graduate Degree,Management,1,3,0-1 Miles,North America,0,41-45,90.9090909090909
S,F,0,Si,Graduate Degree,Management,0,3,1-2 Miles,North America,0,41-45,90.9090909090909
S,M,0,Si,Graduate Degree,Management,0,4,0-1 Miles,North America,0,41-45,90.9090909090909
M,M,1,Si,Graduate Degree,Management,1,4,0-1 Miles,North America,0,35-40,90.9090909090909
M,M,2,No,Partial High School,Skilled Manual,1,2,5-10 Miles,North America,0,51-55,63.6363636363636
S,M,2,No,Partial High School,Skilled Manual,1,2,5-10 Miles,North America,0,51-55,63.6363636363636
S,M,0,No,Bachelors,Professional,0,1,0-1 Miles,North America,1,35-40,27.2727272727273
M,F,4,Si,Bachelors,Skilled Manual,1,2,0-1 Miles,North America,0,46-50,45.4545454545455
S,F,5,Si,Bachelors,Skilled Manual,1,3,5-10 Miles,North America,1,35-40,45.4545454545455
S,F,4,Si,Bachelors,Skilled Manual,1,2,2-5 Miles,North America,1,35-40,45.4545454545455
M,M,4,Si,Bachelors,Skilled Manual,0,2,0-1 Miles,North America,1,35-40,45.4545454545455
M,M,4,Si,Bachelors,Skilled Manual,1,2,2-5 Miles,North America,1,35-40,45.4545454545455
M,M,4,Si,Bachelors,Skilled Manual,1,2,2-5 Miles,North America,1,41-45,45.4545454545455
S,F,4,Si,Bachelors,Skilled Manual,0,2,0-1 Miles,North America,1,35-40,45.4545454545455
S,F,4,Si,Bachelors,Professional,1,2,2-5 Miles,North America,1,46-50,63.6363636363636
S,F,4,Si,Bachelors,Professional,0,2,0-1 Miles,North America,1,41-45,63.6363636363636
S,M,0,No,Bachelors,Professional,0,1,2-5 Miles,North America,1,35-40,63.6363636363636
M,F,3,Si,Graduate Degree,Professional,1,0,2-5 Miles,North America,1,46-50,45.4545454545455
S,F,1,No,Bachelors,Professional,1,1,2-5 Miles,North America,1,46-50,63.6363636363636
M,F,1,No,Bachelors,Professional,1,1,2-5 Miles,North America,1,46-50,63.6363636363636
S,M,1,No,Bachelors,Professional,1,1,2-5 Miles,North America,1,41-45,63.6363636363636
S,F,1,No,Bachelors,Professional,1,1,2-5 Miles,North America,1,46-50,63.6363636363636
M,M,1,No,Partial College,Skilled Manual,1,1,2-5 Miles,North America,1,41-45,63.6363636363636
S,F,4,Si,High School,Skilled Manual,1,3,10+ Miles,North America,1,46-50,27.2727272727273
S,F,4,Si,High School,Skilled Manual,1,3,2-5 Miles,North America,1,46-50,27.2727272727273
S,F,4,Si,High School,Skilled Manual,0,4,0-1 Miles,North America,1,41-45,27.2727272727273
M,M,1,No,Partial College,Skilled Manual,1,1,2-5 Miles,North America,1,46-50,45.4545454545455
M,M,1,No,Partial College,Skilled Manual,1,1,2-5 Miles,North America,1,46-50,45.4545454545455
M,M,4,Si,High School,Skilled Manual,0,2,0-1 Miles,North America,1,35-40,27.2727272727273
S,M,0,No,Partial College,Skilled Manual,0,1,2-5 Miles,North America,1,35-40,45.4545454545455
S,F,0,No,Graduate Degree,Professional,0,1,0-1 Miles,North America,1,35-40,45.4545454545455
M,F,0,No,Graduate Degree,Professional,0,1,0-1 Miles,North America,1,41-45,45.4545454545455
S,F,0,No,Graduate Degree,Professional,1,1,2-5 Miles,North America,1,35-40,45.4545454545455
S,M,0,No,Graduate Degree,Professional,0,1,0-1 Miles,North America,1,41-45,45.4545454545455
S,F,0,No,Graduate Degree,Professional,1,1,2-5 Miles,North America,1,41-45,45.4545454545455
S,M,2,No,Partial High School,Clerical,0,1,2-5 Miles,North America,0,65+,27.2727272727273
M,M,1,No,Partial College,Skilled Manual,1,1,0-1 Miles,North America,1,41-45,45.4545454545455
M,F,1,No,Partial College,Skilled Manual,1,1,2-5 Miles,North America,1,46-50,45.4545454545455
M,F,1,No,Partial College,Skilled Manual,1,1,2-5 Miles,North America,1,41-45,45.4545454545455
M,F,1,No,Partial College,Skilled Manual,1,1,2-5 Miles,North America,1,46-50,45.4545454545455
M,F,4,Si,Bachelors,Professional,1,1,2-5 Miles,North America,0,41-45,45.4545454545455
S,M,2,No,Graduate Degree,Professional,1,0,0-1 Miles,North America,1,46-50,72.7272727272727
M,M,3,Si,Bachelors,Professional,1,1,2-5 Miles,North America,1,41-45,45.4545454545455
M,M,1,No,Bachelors,Professional,1,1,2-5 Miles,North America,1,51-55,45.4545454545455
S,M,1,No,Bachelors,Professional,1,1,2-5 Miles,North America,1,46-50,45.4545454545455
S,F,2,Si,Bachelors,Professional,0,1,0-1 Miles,Pacific,1,41-45,45.4545454545455
M,M,2,Si,Bachelors,Professional,0,1,0-1 Miles,Pacific,1,41-45,45.4545454545455
S,M,2,Si,Bachelors,Professional,0,1,0-1 Miles,Pacific,1,41-45,45.4545454545455
M,F,4,Si,Graduate Degree,Management,0,1,0-1 Miles,Pacific,0,35-40,72.7272727272727
M,M,2,No,Bachelors,Professional,0,0,0-1 Miles,Pacific,1,35-40,81.8181818181818
S,F,2,Si,Bachelors,Professional,1,1,2-5 Miles,Pacific,1,41-45,45.4545454545455
S,M,1,No,Graduate Degree,Management,0,1,2-5 Miles,Pacific,1,29-34,90.9090909090909
S,M,1,No,Graduate Degree,Management,0,2,0-1 Miles,Pacific,1,35-40,90.9090909090909
S,F,1,No,Graduate Degree,Management,0,2,0-1 Miles,Pacific,1,35-40,90.9090909090909
M,F,5,Si,Graduate Degree,Management,0,2,0-1 Miles,Pacific,0,41-45,72.7272727272727
M,M,5,Si,Graduate Degree,Management,0,3,0-1 Miles,Pacific,0,41-45,72.7272727272727
M,F,2,No,Bachelors,Professional,1,0,2-5 Miles,Pacific,1,41-45,81.8181818181818
S,F,2,Si,Bachelors,Professional,1,1,2-5 Miles,Pacific,1,41-45,45.4545454545455
M,M,2,Si,Bachelors,Professional,1,1,2-5 Miles,Pacific,0,41-45,45.4545454545455
S,M,3,Si,Bachelors,Professional,0,1,0-1 Miles,Pacific,0,41-45,45.4545454545455
M,F,3,Si,Bachelors,Professional,1,1,5-10 Miles,Pacific,0,35-40,45.4545454545455
M,M,5,Si,Bachelors,Professional,1,4,10+ Miles,Pacific,0,29-34,63.6363636363636
S,M,0,No,Bachelors,Professional,0,1,0-1 Miles,Pacific,1,35-40,63.6363636363636
S,F,0,No,Bachelors,Professional,0,1,0-1 Miles,Pacific,1,41-45,63.6363636363636
S,M,0,No,Bachelors,Professional,0,1,5-10 Miles,Pacific,0,41-45,63.6363636363636
M,M,0,No,Bachelors,Professional,0,1,0-1 Miles,Pacific,0,41-45,63.6363636363636
S,M,0,No,Bachelors,Professional,1,1,5-10 Miles,Pacific,1,35-40,63.6363636363636
M,M,3,Si,Bachelors,Professional,1,2,0-1 Miles,Pacific,0,35-40,45.4545454545455
M,M,0,No,Partial College,Clerical,0,1,0-1 Miles,Europe,1,35-40,18.1818181818182
M,M,0,No,Partial College,Clerical,0,1,0-1 Miles,Europe,1,35-40,18.1818181818182
M,F,3,Si,Partial College,Professional,1,0,5-10 Miles,North America,1,51-55,63.6363636363636
S,F,2,Si,Bachelors,Management,0,0,0-1 Miles,North America,1,46-50,72.7272727272727
M,M,2,Si,Bachelors,Management,0,0,0-1 Miles,North America,1,51-55,72.7272727272727
M,F,2,Si,Bachelors,Management,0,0,0-1 Miles,North America,1,51-55,72.7272727272727
S,M,2,No,Partial High School,Skilled Manual,1,2,5-10 Miles,North America,0,51-55,72.7272727272727
M,F,2,No,High School,Professional,1,2,5-10 Miles,North America,0,51-55,45.4545454545455
M,F,2,No,High School,Professional,1,2,5-10 Miles,North America,0,51-55,45.4545454545455
S,F,2,No,High School,Professional,0,2,1-2 Miles,North America,1,51-55,45.4545454545455
S,M,2,No,Graduate Degree,Management,1,2,5-10 Miles,North America,0,65+,45.4545454545455
M,M,2,Si,Bachelors,Management,1,3,2-5 Miles,North America,0,35-40,90.9090909090909
M,F,3,Si,Bachelors,Management,1,4,2-5 Miles,North America,0,41-45,90.9090909090909
M,F,2,Si,Bachelors,Management,1,4,2-5 Miles,North America,0,41-45,90.9090909090909
S,M,2,Si,Bachelors,Management,0,4,1-2 Miles,North America,0,41-45,90.9090909090909
M,M,1,Si,Graduate Degree,Management,1,4,0-1 Miles,North America,0,41-45,90.9090909090909
M,F,4,Si,Bachelors,Management,1,0,2-5 Miles,North America,0,46-50,72.7272727272727
M,F,5,Si,Partial College,Professional,0,1,0-1 Miles,North America,1,41-45,81.8181818181818
S,M,3,Si,Bachelors,Management,0,4,1-2 Miles,North America,0,46-50,90.9090909090909
S,M,0,No,Graduate Degree,Management,0,3,1-2 Miles,North America,1,41-45,90.9090909090909
M,M,3,Si,Partial College,Professional,1,0,0-1 Miles,North America,1,46-50,63.6363636363636
M,M,4,No,Graduate Degree,Management,1,2,0-1 Miles,North America,1,65+,63.6363636363636
M,F,4,No,Graduate Degree,Management,1,2,5-10 Miles,North America,1,65+,63.6363636363636
M,M,4,Si,Bachelors,Management,1,4,5-10 Miles,North America,0,35-40,90.9090909090909
M,F,5,Si,Bachelors,Management,1,0,5-10 Miles,North America,0,46-50,90.9090909090909
M,M,5,Si,Bachelors,Management,1,0,5-10 Miles,North America,0,46-50,90.9090909090909
S,M,4,Si,Partial College,Professional,0,3,1-2 Miles,North America,0,46-50,90.9090909090909
S,F,1,Si,Partial College,Professional,0,4,1-2 Miles,North America,0,41-45,81.8181818181818
M,M,1,Si,Bachelors,Management,1,2,5-10 Miles,North America,0,46-50,90.9090909090909
S,F,1,Si,Partial College,Professional,0,4,1-2 Miles,North America,0,46-50,90.9090909090909
M,M,1,Si,High School,Professional,1,4,5-10 Miles,North America,1,41-45,90.9090909090909
S,M,1,Si,Bachelors,Management,0,4,2-5 Miles,North America,1,46-50,90.9090909090909
M,F,5,Si,Partial College,Professional,1,3,2-5 Miles,North America,0,46-50,63.6363636363636
M,M,4,Si,High School,Professional,1,2,1-2 Miles,North America,0,46-50,81.8181818181818
S,M,3,Si,Bachelors,Management,0,3,2-5 Miles,North America,1,46-50,90.9090909090909
S,M,2,No,High School,Professional,0,2,1-2 Miles,North America,1,51-55,45.4545454545455
M,F,4,Si,High School,Professional,1,0,5-10 Miles,North America,0,46-50,63.6363636363636
M,M,3,Si,Partial College,Professional,1,1,5-10 Miles,North America,1,51-55,72.7272727272727
M,M,2,Si,High School,Professional,1,1,10+ Miles,North America,1,51-55,81.8181818181818
M,M,4,No,Graduate Degree,Management,1,2,5-10 Miles,North America,0,65+,72.7272727272727
M,F,2,Si,Graduate Degree,Management,1,3,0-1 Miles,North America,0,65+,90.9090909090909
M,F,2,Si,Graduate Degree,Management,1,3,0-1 Miles,North America,0,56-65,90.9090909090909
S,F,4,Si,High School,Professional,1,3,5-10 Miles,North America,1,41-45,81.8181818181818
M,M,5,Si,Partial College,Professional,1,4,5-10 Miles,North America,0,46-50,90.9090909090909
S,F,3,Si,Partial College,Professional,0,4,2-5 Miles,North America,1,46-50,90.9090909090909
M,F,4,Si,Partial College,Professional,1,4,2-5 Miles,North America,0,46-50,90.9090909090909
S,F,2,No,Partial High School,Skilled Manual,0,2,1-2 Miles,North America,0,41-45,63.6363636363636
S,M,3,No,Partial High School,Skilled Manual,0,2,1-2 Miles,North America,0,56-65,63.6363636363636
M,F,2,No,Partial High School,Skilled Manual,1,2,5-10 Miles,North America,1,51-55,45.4545454545455
M,M,2,No,Partial High School,Skilled Manual,1,2,5-10 Miles,North America,1,51-55,45.4545454545455
M,M,3,Si,High School,Professional,0,1,1-2 Miles,North America,1,51-55,63.6363636363636
M,M,3,Si,High School,Professional,1,1,1-2 Miles,North America,1,56-65,63.6363636363636
M,F,3,No,Graduate Degree,Management,1,2,5-10 Miles,North America,0,56-65,63.6363636363636
M,F,3,No,Graduate Degree,Management,1,2,1-2 Miles,North America,1,51-55,63.6363636363636
S,F,3,No,Graduate Degree,Management,0,2,1-2 Miles,North America,1,41-45,63.6363636363636
M,M,3,No,Partial College,Professional,1,2,5-10 Miles,North America,0,56-65,27.2727272727273
M,M,3,No,Partial College,Professional,1,2,5-10 Miles,North America,0,51-55,27.2727272727273
M,F,3,No,Partial College,Professional,1,2,5-10 Miles,North America,0,46-50,27.2727272727273
S,M,3,No,Partial College,Professional,0,2,1-2 Miles,North America,1,56-65,27.2727272727273
M,F,3,No,Partial College,Professional,1,2,5-10 Miles,North America,0,56-65,27.2727272727273
M,M,3,No,Partial College,Professional,1,2,5-10 Miles,North America,0,56-65,27.2727272727273
S,M,3,No,Partial College,Professional,0,2,1-2 Miles,North America,1,41-45,27.2727272727273
M,F,4,No,Partial College,Professional,0,2,1-2 Miles,North America,1,46-50,27.2727272727273
M,F,4,No,Partial College,Professional,0,2,1-2 Miles,North America,1,51-55,27.2727272727273
M,M,4,No,High School,Professional,1,2,5-10 Miles,North America,1,56-65,18.1818181818182
M,F,4,No,High School,Professional,1,2,5-10 Miles,North America,0,51-55,18.1818181818182
M,F,4,No,High School,Professional,1,2,5-10 Miles,North America,0,56-65,18.1818181818182
M,F,4,No,High School,Professional,1,2,5-10 Miles,North America,0,56-65,18.1818181818182
M,F,4,No,High School,Professional,0,2,1-2 Miles,North America,0,56-65,18.1818181818182
M,F,4,No,High School,Professional,1,2,5-10 Miles,North America,0,56-65,27.2727272727273
S,F,4,Si,Bachelors,Professional,1,1,5-10 Miles,Pacific,0,35-40,45.4545454545455
S,F,4,Si,Bachelors,Professional,1,2,5-10 Miles,Pacific,0,41-45,45.4545454545455
M,M,4,Si,Bachelors,Professional,0,3,10+ Miles,Pacific,0,41-45,45.4545454545455
S,M,4,Si,Bachelors,Professional,1,3,5-10 Miles,Pacific,0,29-34,45.4545454545455
S,F,3,Si,Bachelors,Professional,1,2,5-10 Miles,Pacific,1,41-45,45.4545454545455
S,M,0,No,Bachelors,Professional,1,1,5-10 Miles,Pacific,1,41-45,63.6363636363636
S,F,1,No,Partial College,Skilled Manual,0,1,0-1 Miles,Pacific,1,29-34,63.6363636363636
S,M,1,No,Bachelors,Professional,0,1,0-1 Miles,Pacific,1,46-50,45.4545454545455
S,F,1,No,Bachelors,Professional,1,1,5-10 Miles,Pacific,1,41-45,45.4545454545455
S,M,1,No,Bachelors,Professional,0,1,0-1 Miles,Pacific,1,46-50,45.4545454545455
M,F,1,No,Graduate Degree,Management,1,1,1-2 Miles,Pacific,1,65+,81.8181818181818
S,F,0,No,Bachelors,Professional,0,1,10+ Miles,Pacific,0,41-45,81.8181818181818
M,F,1,No,Partial College,Skilled Manual,1,1,5-10 Miles,Pacific,1,46-50,45.4545454545455
M,F,1,No,Partial College,Skilled Manual,1,1,5-10 Miles,Pacific,1,46-50,45.4545454545455
S,F,1,No,Partial College,Skilled Manual,0,1,0-1 Miles,Pacific,1,46-50,45.4545454545455
S,F,0,No,Bachelors,Professional,1,1,5-10 Miles,Pacific,1,41-45,63.6363636363636
S,M,5,Si,Bachelors,Professional,1,4,1-2 Miles,Pacific,0,41-45,72.7272727272727
M,M,5,Si,Bachelors,Professional,1,4,1-2 Miles,Pacific,0,41-45,72.7272727272727
S,M,0,No,Bachelors,Professional,0,1,5-10 Miles,Pacific,0,41-45,63.6363636363636
S,M,0,No,Bachelors,Professional,0,1,5-10 Miles,Pacific,0,41-45,63.6363636363636
S,M,0,No,Bachelors,Professional,0,1,5-10 Miles,Pacific,0,35-40,63.6363636363636
S,F,0,No,Bachelors,Professional,0,2,0-1 Miles,Pacific,1,41-45,63.6363636363636
S,M,0,No,Bachelors,Professional,0,2,0-1 Miles,Pacific,1,46-50,63.6363636363636
M,M,1,No,Partial College,Skilled Manual,1,1,5-10 Miles,Pacific,1,35-40,45.4545454545455
S,M,1,No,Partial College,Skilled Manual,1,1,5-10 Miles,Pacific,1,46-50,45.4545454545455
S,F,1,No,Partial College,Skilled Manual,1,1,5-10 Miles,Pacific,1,41-45,45.4545454545455
S,F,5,Si,Partial College,Skilled Manual,1,2,5-10 Miles,Pacific,0,41-45,63.6363636363636
S,F,2,No,Bachelors,Professional,1,1,2-5 Miles,Pacific,1,51-55,81.8181818181818
M,M,2,No,Bachelors,Management,0,1,2-5 Miles,Pacific,1,46-50,81.8181818181818
M,M,4,No,Bachelors,Management,1,2,1-2 Miles,Pacific,1,46-50,81.8181818181818
S,M,2,No,Partial College,Clerical,0,2,5-10 Miles,Pacific,0,65+,18.1818181818182
M,M,1,No,Partial College,Skilled Manual,1,1,5-10 Miles,Pacific,1,46-50,45.4545454545455
S,M,2,No,Bachelors,Management,0,1,5-10 Miles,Pacific,1,56-65,27.2727272727273
M,M,0,No,High School,Skilled Manual,1,1,5-10 Miles,North America,0,29-34,27.2727272727273
S,F,0,No,High School,Skilled Manual,0,2,0-1 Miles,North America,0,35-40,27.2727272727273
S,M,0,No,High School,Skilled Manual,0,2,0-1 Miles,North America,0,35-40,27.2727272727273
S,F,0,No,High School,Skilled Manual,1,2,5-10 Miles,North America,0,29-34,27.2727272727273
M,M,0,No,High School,Skilled Manual,1,2,5-10 Miles,North America,0,29-34,18.1818181818182
S,F,0,No,High School,Skilled Manual,0,2,0-1 Miles,North America,1,29-34,18.1818181818182
S,M,0,No,High School,Skilled Manual,0,2,0-1 Miles,North America,1,29-34,18.1818181818182
S,M,0,No,High School,Skilled Manual,0,2,0-1 Miles,North America,1,29-34,18.1818181818182
M,M,2,No,Partial College,Clerical,0,2,0-1 Miles,Pacific,0,65+,18.1818181818182
S,F,2,No,Partial College,Clerical,0,2,0-1 Miles,Pacific,0,56-65,18.1818181818182
S,F,0,No,High School,Skilled Manual,0,2,0-1 Miles,North America,1,29-34,27.2727272727273
S,F,0,No,High School,Skilled Manual,0,2,5-10 Miles,North America,0,29-34,27.2727272727273
S,F,0,No,High School,Skilled Manual,0,2,0-1 Miles,North America,1,29-34,27.2727272727273
S,F,0,No,Partial High School,Clerical,0,2,0-1 Miles,North America,0,29-34,18.1818181818182
M,M,0,No,High School,Skilled Manual,0,2,0-1 Miles,North America,0,29-34,27.2727272727273
S,F,0,No,Partial High School,Clerical,0,2,0-1 Miles,North America,1,29-34,18.1818181818182
M,M,2,No,Bachelors,Management,1,2,0-1 Miles,Pacific,1,65+,27.2727272727273
M,F,2,No,Bachelors,Management,1,2,0-1 Miles,Pacific,1,56-65,27.2727272727273
M,M,2,No,Bachelors,Management,0,2,0-1 Miles,Pacific,1,65+,27.2727272727273
M,M,2,No,Bachelors,Management,1,2,0-1 Miles,Pacific,1,56-65,27.2727272727273
M,F,2,No,Graduate Degree,Management,1,1,5-10 Miles,Pacific,1,65+,45.4545454545455
S,F,0,No,High School,Skilled Manual,0,2,1-2 Miles,North America,0,29-34,27.2727272727273
S,M,0,No,High School,Skilled Manual,0,2,1-2 Miles,North America,0,29-34,27.2727272727273
S,F,0,No,High School,Skilled Manual,1,2,5-10 Miles,North America,0,29-34,27.2727272727273
M,M,0,No,High School,Skilled Manual,0,2,1-2 Miles,North America,0,29-34,27.2727272727273
S,M,0,No,Partial College,Skilled Manual,0,1,1-2 Miles,North America,0,29-34,27.2727272727273
S,F,0,No,Partial College,Skilled Manual,1,1,5-10 Miles,North America,0,29-34,27.2727272727273
M,M,0,No,Partial College,Skilled Manual,1,1,5-10 Miles,North America,0,29-34,27.2727272727273
M,M,0,No,Partial College,Skilled Manual,1,1,5-10 Miles,North America,0,29-34,27.2727272727273
S,M,0,No,Partial College,Skilled Manual,1,1,5-10 Miles,North America,0,29-34,27.2727272727273
S,F,0,No,High School,Skilled Manual,1,2,5-10 Miles,North America,0,29-34,27.2727272727273
S,M,0,No,Partial College,Skilled Manual,0,1,1-2 Miles,North America,0,35-40,45.4545454545455
S,F,0,No,Partial College,Skilled Manual,0,1,5-10 Miles,North America,0,35-40,45.4545454545455
M,M,0,No,Partial College,Skilled Manual,1,1,5-10 Miles,North America,0,29-34,45.4545454545455
M,M,0,No,Partial College,Skilled Manual,1,1,5-10 Miles,North America,1,35-40,45.4545454545455
S,F,0,No,Bachelors,Management,0,1,0-1 Miles,North America,1,35-40,72.7272727272727
M,M,0,No,Bachelors,Management,0,1,0-1 Miles,North America,1,35-40,72.7272727272727
M,F,0,No,Bachelors,Management,0,1,0-1 Miles,North America,1,41-45,72.7272727272727
M,F,4,Si,Bachelors,Management,1,1,1-2 Miles,North America,0,35-40,81.8181818181818
M,M,4,Si,Bachelors,Management,1,1,1-2 Miles,North America,0,41-45,81.8181818181818
M,M,2,No,Bachelors,Management,1,2,1-2 Miles,North America,1,41-45,81.8181818181818
M,M,0,Si,Graduate Degree,Management,1,0,1-2 Miles,North America,1,41-45,90.9090909090909
S,F,0,Si,Graduate Degree,Management,0,2,1-2 Miles,North America,1,41-45,90.9090909090909
S,F,0,No,Graduate Degree,Management,0,2,0-1 Miles,North America,1,41-45,90.9090909090909
S,M,0,No,Graduate Degree,Management,0,0,2-5 Miles,North America,0,41-45,90.9090909090909
M,M,2,Si,Bachelors,Management,0,4,5-10 Miles,Europe,0,51-55,90.9090909090909
M,M,2,Si,Bachelors,Management,1,4,0-1 Miles,Europe,0,51-55,90.9090909090909
S,M,2,Si,Partial College,Professional,0,0,5-10 Miles,Europe,0,46-50,90.9090909090909
M,F,1,Si,Partial College,Professional,1,2,0-1 Miles,Europe,1,51-55,90.9090909090909
M,F,2,Si,Partial College,Professional,1,3,5-10 Miles,Europe,0,51-55,90.9090909090909
M,F,2,Si,Partial College,Professional,1,2,0-1 Miles,Europe,1,41-45,90.9090909090909
S,F,2,Si,High School,Professional,0,3,0-1 Miles,Europe,1,51-55,90.9090909090909
S,F,2,Si,Partial College,Professional,1,4,5-10 Miles,Europe,0,46-50,81.8181818181818
S,M,3,Si,Partial College,Professional,0,4,5-10 Miles,Europe,0,51-55,90.9090909090909
M,F,3,Si,Partial High School,Professional,1,4,5-10 Miles,Europe,0,46-50,90.9090909090909
M,M,3,Si,Partial College,Professional,1,4,0-1 Miles,Europe,0,35-40,90.9090909090909
S,M,2,Si,High School,Professional,1,4,10+ Miles,Europe,0,46-50,81.8181818181818
S,M,3,Si,Partial College,Professional,0,4,5-10 Miles,Europe,0,51-55,90.9090909090909
S,F,3,Si,Partial College,Professional,0,4,5-10 Miles,Europe,0,51-55,90.9090909090909
S,M,3,Si,High School,Professional,0,4,0-1 Miles,Europe,0,51-55,90.9090909090909
M,M,4,Si,Partial College,Professional,0,1,2-5 Miles,Europe,0,41-45,72.7272727272727
S,F,5,No,Partial College,Professional,1,2,10+ Miles,Europe,0,56-65,81.8181818181818
M,F,3,Si,Bachelors,Management,1,4,10+ Miles,Europe,0,65+,90.9090909090909
S,M,3,Si,Bachelors,Management,0,3,0-1 Miles,Europe,1,56-65,90.9090909090909
M,M,3,Si,Bachelors,Management,0,4,5-10 Miles,Europe,0,56-65,90.9090909090909
M,F,3,Si,Partial High School,Skilled Manual,1,3,2-5 Miles,Europe,0,56-65,45.4545454545455
M,M,5,Si,High School,Professional,0,2,2-5 Miles,Europe,0,56-65,63.6363636363636
M,F,5,No,Partial College,Professional,1,2,10+ Miles,Europe,0,56-65,81.8181818181818
M,F,4,Si,Bachelors,Management,1,4,0-1 Miles,Europe,0,56-65,90.9090909090909
M,F,4,Si,Partial College,Professional,1,4,0-1 Miles,Europe,0,56-65,90.9090909090909
S,F,5,No,Partial College,Professional,1,2,10+ Miles,Europe,0,56-65,81.8181818181818
S,M,4,Si,Bachelors,Management,0,4,0-1 Miles,Europe,0,56-65,90.9090909090909
M,F,3,Si,High School,Professional,1,2,10+ Miles,Europe,1,56-65,81.8181818181818
M,F,4,Si,Partial College,Professional,1,2,2-5 Miles,Europe,0,56-65,72.7272727272727
M,F,3,Si,High School,Professional,1,2,10+ Miles,Europe,1,51-55,81.8181818181818
S,M,3,Si,High School,Professional,0,3,2-5 Miles,Europe,0,51-55,81.8181818181818
S,M,3,Si,Partial College,Professional,1,4,10+ Miles,Europe,0,51-55,90.9090909090909
M,F,3,Si,Partial College,Professional,1,4,0-1 Miles,Europe,0,51-55,90.9090909090909
S,M,3,Si,Bachelors,Management,0,0,10+ Miles,Europe,0,51-55,90.9090909090909
S,M,4,Si,Partial College,Professional,0,2,10+ Miles,Europe,1,51-55,90.9090909090909
S,F,4,Si,Partial College,Professional,0,4,0-1 Miles,Europe,0,51-55,90.9090909090909
M,F,4,Si,High School,Professional,1,3,10+ Miles,Europe,0,56-65,72.7272727272727
S,M,4,Si,High School,Professional,0,3,10+ Miles,Europe,0,56-65,90.9090909090909
M,M,4,Si,High School,Professional,1,3,0-1 Miles,Europe,1,51-55,90.9090909090909
S,F,4,Si,High School,Management,1,3,10+ Miles,Europe,0,56-65,81.8181818181818
S,M,4,Si,High School,Management,1,3,10+ Miles,Europe,0,46-50,81.8181818181818
M,F,3,Si,Partial College,Management,1,4,10+ Miles,Europe,0,51-55,81.8181818181818
M,M,4,Si,High School,Management,1,3,0-1 Miles,Europe,1,51-55,90.9090909090909
S,F,4,Si,Partial College,Management,0,4,10+ Miles,Europe,0,56-65,90.9090909090909
S,M,3,Si,High School,Management,0,4,10+ Miles,Europe,0,51-55,90.9090909090909
S,M,4,Si,High School,Management,0,4,0-1 Miles,Europe,0,56-65,90.9090909090909
S,M,0,Si,High School,Management,0,4,0-1 Miles,Europe,1,56-65,90.9090909090909
S,F,5,No,Partial High School,Skilled Manual,0,2,5-10 Miles,Europe,0,56-65,81.8181818181818
S,M,3,Si,Partial High School,Professional,0,0,5-10 Miles,Europe,0,56-65,81.8181818181818
M,M,4,Si,Partial High School,Professional,1,3,10+ Miles,Europe,1,56-65,90.9090909090909
M,M,5,Si,Partial High School,Professional,1,4,0-1 Miles,Europe,0,56-65,90.9090909090909
M,F,5,Si,Partial High School,Professional,0,4,10+ Miles,Europe,1,56-65,90.9090909090909
S,M,5,Si,Partial High School,Professional,0,4,0-1 Miles,Europe,1,56-65,90.9090909090909
S,M,0,No,Bachelors,Professional,0,3,2-5 Miles,Pacific,0,29-34,45.4545454545455
M,M,0,No,Bachelors,Professional,1,4,10+ Miles,Pacific,1,29-34,45.4545454545455
S,M,0,No,Bachelors,Professional,1,2,10+ Miles,Pacific,1,29-34,63.6363636363636
M,F,0,No,Bachelors,Professional,1,2,10+ Miles,Pacific,1,29-34,63.6363636363636
S,F,0,No,Bachelors,Professional,0,3,10+ Miles,Pacific,0,29-34,63.6363636363636
S,F,0,No,Bachelors,Professional,0,3,10+ Miles,Pacific,0,29-34,63.6363636363636
M,F,0,No,Bachelors,Professional,0,3,10+ Miles,Pacific,1,35-40,63.6363636363636
S,M,0,No,Bachelors,Professional,0,3,10+ Miles,Pacific,0,35-40,63.6363636363636
S,M,0,No,Bachelors,Professional,0,2,10+ Miles,Pacific,1,29-34,81.8181818181818
M,F,0,No,Bachelors,Professional,0,4,10+ Miles,Pacific,0,35-40,63.6363636363636
M,M,0,No,Partial High School,Professional,1,4,10+ Miles,Pacific,0,35-40,63.6363636363636
S,M,0,No,Bachelors,Professional,0,3,10+ Miles,Pacific,0,35-40,72.7272727272727
M,F,0,No,Bachelors,Professional,1,3,10+ Miles,Pacific,1,35-40,72.7272727272727
S,M,0,No,Bachelors,Professional,1,2,10+ Miles,Pacific,1,35-40,81.8181818181818
S,M,0,Si,High School,Management,1,2,10+ Miles,Pacific,1,29-34,81.8181818181818
M,F,4,Si,High School,Management,1,4,0-1 Miles,Pacific,0,29-34,90.9090909090909
M,F,0,No,Bachelors,Professional,0,3,10+ Miles,Pacific,0,29-34,81.8181818181818
S,F,0,No,Bachelors,Professional,0,3,10+ Miles,Pacific,1,29-34,81.8181818181818
S,M,0,No,Bachelors,Professional,0,3,10+ Miles,Pacific,1,35-40,81.8181818181818
S,M,0,No,Bachelors,Professional,0,3,10+ Miles,Pacific,0,35-40,72.7272727272727
M,M,0,No,Bachelors,Professional,1,3,10+ Miles,Pacific,1,35-40,81.8181818181818
S,M,0,Si,High School,Management,0,3,10+ Miles,Pacific,1,35-40,81.8181818181818
M,F,0,Si,High School,Management,1,3,10+ Miles,Pacific,1,29-34,81.8181818181818
S,F,0,No,Bachelors,Professional,0,4,10+ Miles,Pacific,0,29-34,72.7272727272727
M,F,0,Si,High School,Management,1,3,10+ Miles,Pacific,1,29-34,90.9090909090909
M,F,0,Si,Partial High School,Professional,0,4,10+ Miles,Pacific,1,35-40,90.9090909090909
S,M,4,Si,High School,Management,0,4,10+ Miles,Pacific,0,35-40,90.9090909090909
S,M,0,No,Bachelors,Professional,0,4,10+ Miles,Pacific,1,29-34,81.8181818181818
S,M,0,No,Bachelors,Professional,1,4,10+ Miles,Pacific,1,35-40,81.8181818181818
M,F,0,Si,Partial High School,Professional,1,4,10+ Miles,Pacific,1,35-40,81.8181818181818
M,F,0,Si,Partial High School,Professional,0,4,10+ Miles,Pacific,1,35-40,90.9090909090909
M,M,0,Si,Partial High School,Professional,1,4,10+ Miles,Pacific,1,35-40,90.9090909090909
M,F,4,No,High School,Professional,1,2,5-10 Miles,North America,0,56-65,27.2727272727273
M,F,4,No,High School,Professional,0,2,1-2 Miles,North America,0,56-65,18.1818181818182
M,M,4,No,High School,Professional,1,2,5-10 Miles,North America,0,51-55,18.1818181818182
S,F,4,No,High School,Professional,1,2,5-10 Miles,North America,0,56-65,18.1818181818182
M,F,4,No,High School,Professional,1,2,5-10 Miles,North America,0,56-65,18.1818181818182
M,M,4,No,High School,Professional,1,2,5-10 Miles,North America,0,65+,27.2727272727273
M,M,3,No,Graduate Degree,Management,1,2,1-2 Miles,North America,0,65+,45.4545454545455
M,F,3,No,Graduate Degree,Management,1,2,1-2 Miles,North America,0,65+,45.4545454545455
M,F,3,No,Graduate Degree,Management,1,2,1-2 Miles,North America,0,65+,45.4545454545455
M,F,3,No,Graduate Degree,Management,0,2,1-2 Miles,North America,0,65+,45.4545454545455
M,M,3,No,Graduate Degree,Management,1,2,10+ Miles,North America,0,65+,45.4545454545455
S,M,3,No,Graduate Degree,Management,1,2,10+ Miles,North America,0,65+,45.4545454545455
S,M,3,No,Graduate Degree,Management,1,2,10+ Miles,North America,0,65+,45.4545454545455
M,M,3,No,Graduate Degree,Management,0,2,1-2 Miles,North America,0,65+,45.4545454545455
M,F,3,No,Graduate Degree,Management,1,2,1-2 Miles,North America,0,65+,45.4545454545455
S,F,3,No,Graduate Degree,Management,1,2,10+ Miles,North America,0,65+,45.4545454545455
S,F,3,No,Bachelors,Management,0,2,1-2 Miles,North America,1,65+,45.4545454545455
M,M,3,No,Bachelors,Management,0,2,1-2 Miles,North America,1,65+,45.4545454545455
M,F,3,No,Bachelors,Management,1,2,10+ Miles,North America,0,65+,45.4545454545455
S,F,3,No,Bachelors,Management,1,2,10+ Miles,North America,0,65+,45.4545454545455
M,F,3,No,Graduate Degree,Management,1,2,10+ Miles,North America,0,65+,45.4545454545455
M,M,4,No,High School,Professional,1,2,10+ Miles,North America,0,65+,27.2727272727273
S,F,4,No,High School,Professional,0,2,1-2 Miles,North America,0,56-65,27.2727272727273
M,M,3,No,Bachelors,Management,1,2,10+ Miles,North America,0,65+,45.4545454545455
S,F,4,No,Bachelors,Management,0,2,1-2 Miles,North America,1,65+,45.4545454545455
M,F,4,No,Bachelors,Management,1,2,1-2 Miles,North America,1,56-65,45.4545454545455
S,M,4,No,Bachelors,Management,1,2,10+ Miles,North America,0,65+,45.4545454545455
S,F,4,No,Bachelors,Management,1,2,10+ Miles,North America,0,65+,45.4545454545455
M,M,4,No,Bachelors,Management,0,2,1-2 Miles,North America,1,65+,45.4545454545455
M,M,4,No,Bachelors,Management,0,2,1-2 Miles,North America,1,56-65,45.4545454545455
M,M,4,No,High School,Professional,1,2,10+ Miles,North America,1,56-65,18.1818181818182
S,M,5,No,Partial High School,Clerical,0,2,1-2 Miles,North America,0,56-65,18.1818181818182
S,F,5,No,Partial High School,Clerical,0,2,10+ Miles,North America,1,56-65,18.1818181818182
M,M,4,No,High School,Professional,0,2,1-2 Miles,North America,0,56-65,27.2727272727273
S,F,5,No,Partial High School,Clerical,0,3,1-2 Miles,North America,0,56-65,9.09090909090909
S,M,5,No,Partial High School,Clerical,0,3,10+ Miles,North America,0,56-65,9.09090909090909
S,M,5,No,Partial High School,Clerical,0,4,10+ Miles,North America,0,56-65,9.09090909090909
M,F,5,No,High School,Professional,1,3,10+ Miles,North America,1,56-65,27.2727272727273
S,F,5,No,High School,Professional,0,4,2-5 Miles,North America,1,56-65,27.2727272727273
M,F,5,No,Bachelors,Management,1,3,10+ Miles,North America,0,56-65,63.6363636363636
M,F,5,No,Bachelors,Management,1,3,2-5 Miles,North America,0,56-65,63.6363636363636
M,F,2,Si,High School,Professional,1,2,10+ Miles,North America,0,56-65,27.2727272727273
M,F,2,Si,High School,Professional,0,2,2-5 Miles,North America,0,46-50,27.2727272727273
M,F,2,Si,Bachelors,Management,1,1,2-5 Miles,North America,0,56-65,63.6363636363636
S,F,2,Si,Bachelors,Management,0,1,2-5 Miles,North America,1,56-65,63.6363636363636
S,F,2,Si,Bachelors,Management,0,1,2-5 Miles,North America,1,56-65,63.6363636363636
S,F,2,Si,Bachelors,Management,0,1,2-5 Miles,North America,1,56-65,63.6363636363636
S,F,2,Si,High School,Professional,1,2,10+ Miles,North America,0,56-65,27.2727272727273
M,M,2,Si,High School,Professional,1,2,2-5 Miles,North America,1,41-45,27.2727272727273
S,F,2,Si,High School,Professional,1,2,10+ Miles,North America,0,56-65,27.2727272727273
M,F,2,Si,High School,Professional,0,2,2-5 Miles,North America,1,56-65,27.2727272727273
S,F,2,Si,Partial College,Professional,1,1,10+ Miles,North America,0,56-65,45.4545454545455
M,F,2,Si,Partial College,Professional,1,2,2-5 Miles,North America,1,56-65,45.4545454545455
M,M,4,Si,Bachelors,Management,1,2,10+ Miles,North America,1,56-65,63.6363636363636
S,F,4,Si,Bachelors,Management,1,2,10+ Miles,North America,1,56-65,63.6363636363636
M,M,2,Si,Partial High School,Skilled Manual,1,2,2-5 Miles,North America,1,51-55,27.2727272727273
M,M,2,Si,Partial College,Professional,1,2,10+ Miles,North America,0,56-65,45.4545454545455
M,F,4,Si,Partial College,Professional,1,2,1-2 Miles,North America,1,46-50,63.6363636363636
M,M,5,Si,Partial College,Professional,1,2,1-2 Miles,North America,1,56-65,63.6363636363636
S,M,5,Si,Partial College,Professional,1,2,10+ Miles,North America,1,56-65,63.6363636363636
M,M,2,Si,Partial College,Professional,1,2,2-5 Miles,North America,1,56-65,45.4545454545455
M,M,2,Si,Partial College,Professional,1,1,2-5 Miles,North America,0,51-55,45.4545454545455
S,M,2,Si,Partial College,Professional,1,1,10+ Miles,North America,0,46-50,45.4545454545455
M,M,4,Si,Partial College,Professional,1,1,10+ Miles,North America,0,56-65,63.6363636363636
S,M,3,Si,Bachelors,Management,0,1,1-2 Miles,North America,1,56-65,72.7272727272727
S,F,3,Si,Bachelors,Management,0,1,1-2 Miles,North America,1,56-65,72.7272727272727
M,F,2,Si,High School,Professional,1,2,10+ Miles,North America,0,56-65,45.4545454545455
M,M,2,Si,Partial College,Professional,1,2,2-5 Miles,North America,1,51-55,45.4545454545455
M,M,2,Si,Partial College,Professional,1,2,2-5 Miles,North America,1,56-65,45.4545454545455
M,M,2,Si,Partial College,Professional,1,2,2-5 Miles,North America,1,56-65,45.4545454545455
S,F,2,Si,Partial High School,Skilled Manual,1,2,10+ Miles,North America,0,56-65,63.6363636363636
S,F,2,Si,Partial High School,Skilled Manual,1,2,10+ Miles,North America,0,56-65,63.6363636363636
M,F,3,Si,Partial High School,Skilled Manual,0,3,2-5 Miles,North America,1,51-55,45.4545454545455
M,F,0,No,Partial College,Clerical,0,1,1-2 Miles,Europe,1,35-40,18.1818181818182
S,M,0,No,Partial High School,Manual,1,2,1-2 Miles,Europe,1,29-34,9.09090909090909
M,F,0,No,Partial High School,Manual,1,2,1-2 Miles,Europe,0,29-34,9.09090909090909
M,F,0,No,Partial High School,Manual,1,2,1-2 Miles,Europe,0,29-34,9.09090909090909
S,F,0,No,Partial College,Clerical,1,1,2-5 Miles,Europe,0,29-34,18.1818181818182
S,M,0,No,High School,Manual,0,1,1-2 Miles,Europe,0,29-34,18.1818181818182
S,M,0,No,High School,Manual,0,1,1-2 Miles,Europe,0,29-34,18.1818181818182
S,F,0,No,High School,Manual,0,1,1-2 Miles,Europe,0,29-34,18.1818181818182
M,M,1,Si,Bachelors,Skilled Manual,1,0,0-1 Miles,Europe,1,35-40,27.2727272727273
S,M,0,No,High School,Manual,1,1,2-5 Miles,Europe,1,35-40,18.1818181818182
S,F,0,No,Partial High School,Manual,0,2,1-2 Miles,Europe,0,35-40,9.09090909090909
S,M,0,No,High School,Manual,0,1,2-5 Miles,Europe,1,35-40,18.1818181818182
M,M,1,Si,Bachelors,Skilled Manual,1,0,1-2 Miles,Europe,1,29-34,27.2727272727273
S,F,0,No,Graduate Degree,Skilled Manual,0,0,0-1 Miles,Europe,1,35-40,27.2727272727273
M,M,0,No,Partial High School,Manual,1,2,1-2 Miles,Europe,0,35-40,9.09090909090909
M,M,0,No,Partial High School,Manual,1,2,1-2 Miles,Europe,0,29-34,9.09090909090909
S,F,0,No,High School,Manual,1,1,2-5 Miles,Europe,1,35-40,18.1818181818182
S,F,0,No,High School,Manual,0,1,1-2 Miles,Europe,1,35-40,18.1818181818182
S,M,0,No,High School,Manual,1,1,2-5 Miles,Europe,1,35-40,18.1818181818182
S,M,0,No,High School,Manual,0,1,2-5 Miles,Europe,1,29-34,18.1818181818182
M,F,1,Si,Bachelors,Skilled Manual,1,1,0-1 Miles,Europe,1,29-34,27.2727272727273
M,F,1,Si,Bachelors,Skilled Manual,1,1,1-2 Miles,Europe,1,29-34,27.2727272727273
S,F,1,Si,Partial College,Clerical,0,1,0-1 Miles,Europe,1,35-40,27.2727272727273
M,F,2,Si,Partial College,Clerical,1,0,1-2 Miles,Europe,1,35-40,27.2727272727273
S,M,4,No,Partial High School,Manual,0,2,1-2 Miles,Europe,0,65+,9.09090909090909
S,F,0,No,Partial High School,Manual,1,2,1-2 Miles,Europe,0,29-34,9.09090909090909
S,F,0,No,Partial High School,Manual,0,2,0-1 Miles,Europe,0,35-40,9.09090909090909
M,M,0,No,High School,Manual,0,1,1-2 Miles,Europe,1,35-40,18.1818181818182
S,M,0,No,High School,Manual,0,1,2-5 Miles,Europe,1,35-40,18.1818181818182
S,M,2,Si,Partial College,Clerical,1,1,1-2 Miles,Europe,1,29-34,27.2727272727273
M,F,2,Si,Partial College,Clerical,1,1,0-1 Miles,Europe,0,35-40,27.2727272727273
S,F,2,Si,Partial College,Clerical,1,2,1-2 Miles,Europe,0,29-34,27.2727272727273
M,F,2,Si,Partial College,Clerical,1,2,1-2 Miles,Europe,0,35-40,27.2727272727273
S,M,2,Si,Partial College,Clerical,1,2,1-2 Miles,Europe,0,35-40,27.2727272727273
M,F,2,Si,Partial College,Clerical,1,2,0-1 Miles,Europe,1,35-40,27.2727272727273
M,M,2,Si,Partial College,Clerical,1,2,1-2 Miles,Europe,0,35-40,27.2727272727273
M,F,3,Si,Partial College,Clerical,1,0,1-2 Miles,North America,0,29-34,27.2727272727273
M,F,3,Si,Partial College,Clerical,1,1,1-2 Miles,North America,0,29-34,27.2727272727273
M,F,3,Si,Partial College,Clerical,1,2,1-2 Miles,North America,0,35-40,27.2727272727273
S,F,0,No,Graduate Degree,Skilled Manual,0,0,0-1 Miles,North America,0,35-40,45.4545454545455
S,M,0,No,Graduate Degree,Skilled Manual,0,0,0-1 Miles,North America,0,35-40,45.4545454545455
M,M,4,Si,Partial College,Clerical,1,1,0-1 Miles,North America,0,29-34,27.2727272727273
M,M,4,Si,Partial College,Clerical,1,1,0-1 Miles,North America,0,29-34,27.2727272727273
M,M,1,No,Bachelors,Skilled Manual,1,1,2-5 Miles,North America,0,65+,18.1818181818182
S,M,0,No,Graduate Degree,Skilled Manual,0,0,0-1 Miles,North America,0,41-45,72.7272727272727
S,M,0,No,Graduate Degree,Skilled Manual,1,0,1-2 Miles,North America,1,41-45,72.7272727272727
S,F,0,No,Graduate Degree,Skilled Manual,1,0,1-2 Miles,North America,1,41-45,72.7272727272727
S,F,3,No,Partial High School,Clerical,1,2,1-2 Miles,North America,0,56-65,9.09090909090909
S,F,3,No,Partial High School,Clerical,1,2,1-2 Miles,North America,0,51-55,9.09090909090909
M,F,1,No,Partial College,Clerical,1,1,1-2 Miles,North America,1,46-50,27.2727272727273
M,M,1,No,Partial College,Clerical,1,1,0-1 Miles,North America,1,56-65,27.2727272727273
S,F,3,No,Partial High School,Clerical,0,2,1-2 Miles,North America,0,51-55,9.09090909090909
S,F,3,No,Partial High School,Clerical,0,2,0-1 Miles,North America,0,51-55,9.09090909090909
S,F,1,No,High School,Clerical,0,2,1-2 Miles,North America,0,51-55,18.1818181818182
S,F,2,No,High School,Skilled Manual,0,2,0-1 Miles,North America,0,51-55,18.1818181818182
M,M,2,No,High School,Skilled Manual,1,2,1-2 Miles,North America,0,51-55,18.1818181818182
S,F,2,No,High School,Skilled Manual,0,2,0-1 Miles,North America,0,51-55,18.1818181818182
S,M,2,Si,Partial High School,Clerical,1,2,1-2 Miles,North America,0,51-55,9.09090909090909
S,M,2,Si,Partial High School,Clerical,1,2,1-2 Miles,North America,0,51-55,9.09090909090909
M,M,2,Si,Partial High School,Clerical,1,2,0-1 Miles,North America,0,51-55,9.09090909090909
M,M,2,Si,Partial High School,Clerical,1,2,1-2 Miles,North America,0,35-40,9.09090909090909
M,F,2,Si,Partial High School,Clerical,1,2,1-2 Miles,North America,0,51-55,9.09090909090909
M,F,2,No,High School,Skilled Manual,1,2,1-2 Miles,North America,0,41-45,18.1818181818182
S,M,2,No,High School,Skilled Manual,1,2,1-2 Miles,North America,1,51-55,18.1818181818182
S,M,2,No,High School,Skilled Manual,1,2,1-2 Miles,North America,1,51-55,18.1818181818182
M,F,1,No,Partial College,Clerical,1,1,1-2 Miles,North America,1,41-45,27.2727272727273
M,M,1,No,Partial College,Clerical,1,1,0-1 Miles,North America,0,51-55,27.2727272727273
M,M,1,No,Partial College,Clerical,1,1,1-2 Miles,North America,1,46-50,27.2727272727273
M,F,1,No,Partial College,Clerical,1,1,1-2 Miles,North America,1,46-50,27.2727272727273
M,F,2,No,Partial College,Clerical,0,1,0-1 Miles,North America,0,41-45,27.2727272727273
S,F,2,No,Partial College,Clerical,0,1,1-2 Miles,North America,1,46-50,27.2727272727273
S,M,2,No,Partial College,Clerical,1,1,1-2 Miles,North America,1,46-50,27.2727272727273
S,M,2,No,Partial College,Clerical,1,1,1-2 Miles,North America,1,46-50,27.2727272727273
S,M,0,No,Graduate Degree,Skilled Manual,1,0,1-2 Miles,North America,1,29-34,45.4545454545455
S,M,0,No,Graduate Degree,Skilled Manual,0,0,0-1 Miles,North America,0,35-40,27.2727272727273
M,F,0,No,Graduate Degree,Skilled Manual,1,0,1-2 Miles,North America,1,35-40,27.2727272727273
S,F,1,No,Graduate Degree,Skilled Manual,1,0,1-2 Miles,North America,0,35-40,27.2727272727273
M,M,1,No,Graduate Degree,Skilled Manual,1,0,1-2 Miles,North America,0,35-40,27.2727272727273
M,F,1,No,Graduate Degree,Skilled Manual,1,0,0-1 Miles,North America,0,29-34,27.2727272727273
M,M,1,No,Graduate Degree,Skilled Manual,0,0,0-1 Miles,North America,0,35-40,27.2727272727273
S,M,1,No,Graduate Degree,Skilled Manual,1,0,1-2 Miles,North America,0,29-34,27.2727272727273
M,M,1,No,Graduate Degree,Skilled Manual,1,0,1-2 Miles,North America,1,35-40,45.4545454545455
M,M,1,No,Graduate Degree,Skilled Manual,1,0,1-2 Miles,North America,0,29-34,45.4545454545455
M,M,1,No,Graduate Degree,Skilled Manual,1,0,1-2 Miles,North America,0,29-34,45.4545454545455
M,F,1,No,Graduate Degree,Skilled Manual,1,0,1-2 Miles,North America,0,35-40,63.6363636363636
S,M,1,No,Graduate Degree,Skilled Manual,1,0,1-2 Miles,North America,0,35-40,63.6363636363636
M,F,1,No,Graduate Degree,Skilled Manual,1,0,1-2 Miles,North America,0,35-40,63.6363636363636
M,F,1,No,Graduate Degree,Skilled Manual,1,0,1-2 Miles,North America,0,35-40,63.6363636363636
M,M,1,No,Graduate Degree,Skilled Manual,0,0,0-1 Miles,North America,0,29-34,63.6363636363636
M,M,1,Si,Graduate Degree,Skilled Manual,1,0,0-1 Miles,North America,1,35-40,63.6363636363636
M,F,1,Si,Graduate Degree,Skilled Manual,1,0,1-2 Miles,North America,1,35-40,63.6363636363636
M,F,1,Si,Graduate Degree,Skilled Manual,1,0,0-1 Miles,North America,1,35-40,63.6363636363636
M,F,1,Si,Graduate Degree,Skilled Manual,1,0,1-2 Miles,North America,1,29-34,45.4545454545455
M,F,1,No,Graduate Degree,Skilled Manual,1,0,2-5 Miles,North America,1,35-40,45.4545454545455
M,M,1,No,Graduate Degree,Skilled Manual,1,0,2-5 Miles,North America,1,35-40,45.4545454545455
S,F,1,No,Graduate Degree,Professional,0,0,0-1 Miles,North America,1,35-40,63.6363636363636
M,M,1,Si,Bachelors,Skilled Manual,1,0,0-1 Miles,North America,1,29-34,27.2727272727273
M,F,1,Si,Bachelors,Skilled Manual,1,0,2-5 Miles,North America,1,29-34,27.2727272727273
M,F,1,Si,Bachelors,Skilled Manual,1,0,2-5 Miles,North America,1,35-40,27.2727272727273
M,F,1,Si,Bachelors,Skilled Manual,1,1,0-1 Miles,North America,1,35-40,27.2727272727273
M,F,1,Si,Bachelors,Skilled Manual,1,1,0-1 Miles,North America,1,35-40,27.2727272727273
M,F,1,Si,Bachelors,Skilled Manual,1,1,2-5 Miles,North America,1,29-34,27.2727272727273
M,F,1,Si,Bachelors,Skilled Manual,1,1,2-5 Miles,North America,1,35-40,27.2727272727273
M,M,1,Si,Bachelors,Skilled Manual,1,1,2-5 Miles,North America,1,35-40,27.2727272727273
M,M,1,Si,Bachelors,Skilled Manual,1,1,0-1 Miles,North America,1,35-40,27.2727272727273
M,M,1,Si,Bachelors,Skilled Manual,1,1,2-5 Miles,North America,1,35-40,45.4545454545455
M,F,2,Si,Bachelors,Skilled Manual,1,0,2-5 Miles,North America,1,29-34,45.4545454545455
M,F,2,Si,Bachelors,Skilled Manual,1,0,2-5 Miles,North America,1,35-40,45.4545454545455
S,M,2,Si,Bachelors,Skilled Manual,0,0,0-1 Miles,North America,1,35-40,45.4545454545455
S,M,2,Si,Bachelors,Skilled Manual,1,0,2-5 Miles,North America,1,35-40,45.4545454545455
S,M,2,Si,Bachelors,Skilled Manual,1,0,2-5 Miles,North America,1,35-40,45.4545454545455
S,M,1,No,Graduate Degree,Professional,0,0,0-1 Miles,North America,1,35-40,45.4545454545455
S,M,1,No,Graduate Degree,Professional,1,0,2-5 Miles,North America,1,35-40,45.4545454545455
S,M,3,No,Graduate Degree,Professional,1,0,2-5 Miles,North America,1,35-40,63.6363636363636
M,F,4,Si,High School,Skilled Manual,1,3,10+ Miles,North America,0,35-40,27.2727272727273
M,F,2,Si,Bachelors,Skilled Manual,1,1,2-5 Miles,North America,1,35-40,63.6363636363636
M,F,5,Si,High School,Skilled Manual,1,2,2-5 Miles,North America,0,35-40,27.2727272727273
M,F,4,No,Graduate Degree,Professional,1,0,2-5 Miles,North America,1,35-40,63.6363636363636
M,F,4,No,Graduate Degree,Professional,0,0,0-1 Miles,North America,1,35-40,63.6363636363636
M,M,4,No,Graduate Degree,Professional,0,0,0-1 Miles,North America,1,35-40,63.6363636363636
M,F,4,No,Graduate Degree,Professional,1,0,2-5 Miles,North America,1,35-40,63.6363636363636
M,F,2,Si,Bachelors,Skilled Manual,1,1,2-5 Miles,North America,1,41-45,45.4545454545455
S,F,2,Si,Bachelors,Skilled Manual,0,1,0-1 Miles,North America,1,41-45,45.4545454545455
M,M,3,Si,Bachelors,Skilled Manual,1,1,2-5 Miles,North America,0,41-45,72.7272727272727
M,M,3,Si,Bachelors,Skilled Manual,1,1,2-5 Miles,North America,0,41-45,72.7272727272727
S,M,0,No,Graduate Degree,Professional,1,0,2-5 Miles,North America,1,41-45,45.4545454545455
S,F,4,No,Graduate Degree,Professional,1,0,2-5 Miles,North America,1,41-45,63.6363636363636
M,F,2,No,Graduate Degree,Professional,0,0,0-1 Miles,North America,0,35-40,45.4545454545455
M,F,2,No,Graduate Degree,Professional,1,0,2-5 Miles,North America,1,29-34,45.4545454545455
M,F,5,No,Graduate Degree,Professional,1,0,2-5 Miles,North America,1,41-45,63.6363636363636
M,M,5,No,Graduate Degree,Professional,1,0,2-5 Miles,North America,1,35-40,63.6363636363636
M,M,5,Si,Graduate Degree,Professional,1,2,2-5 Miles,North America,0,29-34,63.6363636363636
M,F,5,Si,Graduate Degree,Professional,1,2,0-1 Miles,North America,0,35-40,63.6363636363636
M,F,5,Si,Graduate Degree,Professional,1,3,10+ Miles,North America,0,41-45,63.6363636363636
M,M,5,Si,Graduate Degree,Professional,1,3,10+ Miles,North America,0,29-34,63.6363636363636
S,F,0,No,Bachelors,Professional,1,1,2-5 Miles,North America,1,41-45,27.2727272727273
M,F,3,Si,Bachelors,Skilled Manual,1,2,2-5 Miles,North America,0,35-40,45.4545454545455
M,M,3,Si,Bachelors,Skilled Manual,0,2,0-1 Miles,North America,0,41-45,45.4545454545455
M,M,3,Si,Bachelors,Skilled Manual,1,3,10+ Miles,North America,0,41-45,45.4545454545455
S,F,0,No,Graduate Degree,Professional,1,0,2-5 Miles,North America,1,41-45,45.4545454545455
M,M,0,No,Graduate Degree,Professional,0,0,0-1 Miles,North America,0,41-45,45.4545454545455
M,F,0,No,Graduate Degree,Professional,1,1,2-5 Miles,North America,0,41-45,45.4545454545455
S,M,0,No,Graduate Degree,Professional,1,1,2-5 Miles,North America,1,35-40,45.4545454545455
M,F,0,No,Graduate Degree,Professional,0,1,0-1 Miles,North America,1,41-45,45.4545454545455
S,F,0,No,Graduate Degree,Clerical,1,0,0-1 Miles,Europe,1,41-45,27.2727272727273
M,F,0,No,Graduate Degree,Clerical,1,0,0-1 Miles,Europe,1,35-40,27.2727272727273
S,M,0,No,Graduate Degree,Clerical,1,0,0-1 Miles,Europe,1,35-40,27.2727272727273
S,F,4,No,Partial College,Manual,0,2,0-1 Miles,Europe,0,65+,9.09090909090909
S,M,2,Si,Partial College,Professional,0,2,0-1 Miles,Europe,1,41-45,90.9090909090909
S,M,3,Si,Partial College,Professional,0,3,5-10 Miles,Europe,0,46-50,90.9090909090909
S,F,3,Si,High School,Professional,0,4,5-10 Miles,Europe,0,51-55,90.9090909090909
M,M,3,Si,Partial High School,Professional,0,4,5-10 Miles,Europe,0,41-45,90.9090909090909
M,M,2,Si,High School,Professional,1,2,2-5 Miles,Europe,1,46-50,81.8181818181818
S,F,3,Si,High School,Professional,0,1,2-5 Miles,Europe,0,46-50,81.8181818181818
M,M,3,Si,Partial College,Professional,0,3,5-10 Miles,Europe,0,51-55,90.9090909090909
S,F,5,Si,High School,Professional,1,2,10+ Miles,Europe,0,56-65,63.6363636363636
M,M,5,Si,High School,Professional,1,2,2-5 Miles,Europe,0,56-65,63.6363636363636
S,F,5,No,Bachelors,Management,0,2,2-5 Miles,Europe,0,56-65,72.7272727272727
M,F,3,Si,Bachelors,Management,1,3,0-1 Miles,Europe,1,56-65,90.9090909090909
M,M,5,Si,High School,Professional,1,3,10+ Miles,Europe,0,56-65,63.6363636363636
M,F,2,Si,Bachelors,Management,0,4,2-5 Miles,Europe,0,56-65,81.8181818181818
M,M,4,Si,Bachelors,Management,1,1,10+ Miles,Europe,1,56-65,90.9090909090909
M,F,4,Si,Partial College,Professional,1,4,0-1 Miles,Europe,0,56-65,90.9090909090909
M,F,4,Si,Bachelors,Management,1,3,0-1 Miles,Europe,1,56-65,90.9090909090909
S,M,4,Si,Partial College,Professional,1,1,10+ Miles,Europe,0,51-55,72.7272727272727
S,F,3,Si,Partial College,Professional,1,4,10+ Miles,Europe,0,56-65,90.9090909090909
S,F,3,Si,Partial College,Professional,0,4,0-1 Miles,Europe,0,41-45,90.9090909090909
M,F,3,Si,Partial College,Professional,0,4,5-10 Miles,Europe,0,56-65,90.9090909090909
M,F,3,Si,High School,Professional,1,4,0-1 Miles,Europe,0,46-50,90.9090909090909
M,M,3,Si,High School,Professional,1,4,0-1 Miles,Europe,0,51-55,90.9090909090909
S,M,3,Si,High School,Professional,0,0,5-10 Miles,Europe,0,51-55,90.9090909090909
S,M,0,Si,Partial High School,Professional,0,2,0-1 Miles,Europe,1,51-55,90.9090909090909
M,F,4,Si,Partial College,Professional,1,2,2-5 Miles,Europe,0,56-65,81.8181818181818
M,F,3,Si,Bachelors,Management,0,3,2-5 Miles,Europe,0,56-65,81.8181818181818
S,M,3,Si,Bachelors,Management,0,4,2-5 Miles,Europe,0,56-65,81.8181818181818
M,M,4,Si,Partial College,Professional,1,2,10+ Miles,Europe,0,56-65,81.8181818181818
S,F,4,Si,Bachelors,Management,0,2,10+ Miles,Europe,1,46-50,90.9090909090909
M,M,4,Si,High School,Professional,1,3,10+ Miles,Europe,0,51-55,72.7272727272727
S,F,4,Si,High School,Professional,1,3,10+ Miles,Europe,0,56-65,81.8181818181818
M,M,4,Si,High School,Professional,1,3,0-1 Miles,Europe,1,56-65,90.9090909090909
M,M,4,Si,High School,Professional,0,3,10+ Miles,Europe,0,56-65,90.9090909090909
M,F,4,Si,Bachelors,Management,1,3,0-1 Miles,Europe,1,56-65,90.9090909090909
S,F,4,Si,High School,Management,0,3,5-10 Miles,Europe,0,51-55,81.8181818181818
S,F,4,Si,High School,Management,1,3,10+ Miles,Europe,0,51-55,81.8181818181818
S,F,4,Si,Partial College,Management,0,2,10+ Miles,Europe,1,56-65,90.9090909090909
M,F,4,Si,High School,Management,0,3,5-10 Miles,Europe,0,56-65,81.8181818181818
S,M,4,Si,High School,Management,1,3,10+ Miles,Europe,0,56-65,81.8181818181818
S,M,4,Si,High School,Management,0,4,10+ Miles,Europe,0,56-65,90.9090909090909
M,F,5,Si,High School,Management,1,4,10+ Miles,Europe,0,56-65,72.7272727272727
M,F,4,Si,High School,Management,1,3,10+ Miles,Europe,0,56-65,81.8181818181818
M,F,4,Si,Partial High School,Skilled Manual,1,4,10+ Miles,Europe,0,56-65,81.8181818181818
M,F,4,Si,High School,Management,1,3,10+ Miles,Europe,0,56-65,90.9090909090909
M,F,4,Si,High School,Management,1,4,0-1 Miles,Europe,0,56-65,90.9090909090909
M,F,5,No,Partial High School,Skilled Manual,0,2,5-10 Miles,Europe,0,56-65,81.8181818181818
S,F,4,Si,Partial High School,Professional,0,1,5-10 Miles,Europe,1,56-65,81.8181818181818
M,F,0,No,Bachelors,Professional,1,3,10+ Miles,Pacific,0,29-34,45.4545454545455
S,M,0,No,Bachelors,Professional,1,3,10+ Miles,Pacific,0,29-34,45.4545454545455
S,F,0,No,Bachelors,Professional,1,4,10+ Miles,Pacific,0,35-40,45.4545454545455
S,M,0,No,Bachelors,Professional,0,2,5-10 Miles,Pacific,1,29-34,63.6363636363636
S,M,0,No,Bachelors,Professional,0,2,5-10 Miles,Pacific,1,35-40,63.6363636363636
M,F,0,No,Bachelors,Professional,1,2,10+ Miles,Pacific,1,29-34,63.6363636363636
S,F,0,No,Bachelors,Professional,1,2,10+ Miles,Pacific,0,29-34,63.6363636363636
S,F,0,No,Bachelors,Professional,1,2,10+ Miles,Pacific,0,29-34,63.6363636363636
S,M,0,No,Bachelors,Professional,0,3,10+ Miles,Pacific,0,29-34,63.6363636363636
S,M,0,No,Bachelors,Professional,0,4,2-5 Miles,Pacific,0,35-40,45.4545454545455
S,M,0,No,Bachelors,Professional,0,3,10+ Miles,Pacific,0,29-34,63.6363636363636
M,M,0,No,Bachelors,Professional,0,4,10+ Miles,Pacific,0,35-40,63.6363636363636
S,F,0,No,Bachelors,Professional,1,3,10+ Miles,Pacific,0,29-34,72.7272727272727
M,M,0,No,Bachelors,Professional,1,3,10+ Miles,Pacific,0,29-34,72.7272727272727
S,F,0,No,Bachelors,Professional,1,3,10+ Miles,Pacific,0,29-34,72.7272727272727
S,M,0,No,Bachelors,Professional,0,3,10+ Miles,Pacific,0,35-40,72.7272727272727
S,F,0,No,Bachelors,Professional,1,3,10+ Miles,Pacific,1,35-40,81.8181818181818
S,M,0,Si,Partial College,Management,0,3,10+ Miles,Pacific,1,29-34,90.9090909090909
S,F,0,No,Bachelors,Professional,1,3,10+ Miles,Pacific,1,29-34,81.8181818181818
S,F,0,No,Bachelors,Professional,0,3,10+ Miles,Pacific,1,35-40,81.8181818181818
M,F,0,No,Bachelors,Professional,1,3,10+ Miles,Pacific,1,29-34,81.8181818181818
M,F,0,No,Bachelors,Professional,1,3,10+ Miles,Pacific,1,35-40,81.8181818181818
S,F,0,No,Bachelors,Professional,0,3,10+ Miles,Pacific,0,35-40,72.7272727272727
M,F,0,Si,High School,Management,1,2,10+ Miles,Pacific,1,35-40,81.8181818181818
S,M,0,No,Bachelors,Professional,1,3,10+ Miles,Pacific,1,29-34,81.8181818181818
M,M,0,Si,High School,Management,0,3,10+ Miles,Pacific,1,35-40,81.8181818181818
M,M,0,Si,High School,Management,1,3,10+ Miles,Pacific,1,35-40,81.8181818181818
S,M,0,No,Bachelors,Professional,0,4,10+ Miles,Pacific,0,29-34,72.7272727272727
S,F,0,Si,High School,Management,0,3,10+ Miles,Pacific,1,35-40,90.9090909090909
M,F,0,No,Bachelors,Professional,0,4,10+ Miles,Pacific,1,35-40,81.8181818181818
M,F,0,No,Bachelors,Professional,0,4,10+ Miles,Pacific,1,29-34,81.8181818181818
S,M,0,Si,High School,Management,1,3,10+ Miles,Pacific,1,29-34,81.8181818181818
S,F,0,No,Bachelors,Professional,0,4,10+ Miles,Pacific,1,35-40,81.8181818181818
S,M,0,No,Bachelors,Professional,0,4,10+ Miles,Pacific,1,35-40,81.8181818181818
S,M,0,No,Bachelors,Professional,0,4,10+ Miles,Pacific,1,29-34,81.8181818181818
M,M,0,Si,Partial High School,Professional,1,4,10+ Miles,Pacific,1,35-40,81.8181818181818
M,F,0,Si,High School,Management,1,4,10+ Miles,Pacific,1,29-34,90.9090909090909
S,M,0,Si,Partial High School,Professional,0,4,10+ Miles,Pacific,1,35-40,90.9090909090909
M,F,0,Si,Partial High School,Professional,1,4,10+ Miles,Pacific,1,35-40,90.9090909090909
M,F,0,Si,Partial High School,Professional,0,4,10+ Miles,Pacific,1,29-34,90.9090909090909
M,M,0,Si,High School,Management,0,4,10+ Miles,Pacific,1,35-40,90.9090909090909
S,M,4,No,High School,Professional,0,2,1-2 Miles,North America,0,56-65,18.1818181818182
S,M,4,No,High School,Professional,0,2,1-2 Miles,North America,0,51-55,18.1818181818182
S,F,4,No,High School,Professional,0,2,1-2 Miles,North America,0,56-65,18.1818181818182
S,M,4,No,High School,Professional,0,2,1-2 Miles,North America,0,56-65,18.1818181818182
S,M,4,No,High School,Professional,1,2,5-10 Miles,North America,0,56-65,18.1818181818182
M,F,4,No,High School,Professional,1,2,5-10 Miles,North America,0,56-65,18.1818181818182
S,F,4,No,High School,Professional,1,2,5-10 Miles,North America,0,65+,27.2727272727273
M,M,4,No,High School,Professional,1,2,5-10 Miles,North America,0,65+,27.2727272727273
S,F,3,No,Graduate Degree,Management,0,2,1-2 Miles,North America,0,65+,45.4545454545455
S,F,3,No,Graduate Degree,Management,0,2,1-2 Miles,North America,0,65+,45.4545454545455
S,M,3,No,Graduate Degree,Management,1,2,10+ Miles,North America,0,65+,45.4545454545455
M,M,3,No,Graduate Degree,Management,1,2,10+ Miles,North America,0,65+,45.4545454545455
S,F,3,No,Graduate Degree,Management,1,2,10+ Miles,North America,0,65+,45.4545454545455
M,F,3,No,Graduate Degree,Management,1,2,10+ Miles,North America,0,65+,45.4545454545455
S,F,3,No,Graduate Degree,Management,1,2,10+ Miles,North America,0,65+,45.4545454545455
M,M,3,No,Bachelors,Management,1,2,10+ Miles,North America,0,65+,45.4545454545455
M,M,3,No,Bachelors,Management,1,2,10+ Miles,North America,0,65+,45.4545454545455
M,M,3,No,Bachelors,Management,0,2,1-2 Miles,North America,1,65+,45.4545454545455
M,M,3,No,Bachelors,Management,1,2,10+ Miles,North America,0,65+,45.4545454545455
M,F,3,No,Bachelors,Management,1,2,10+ Miles,North America,0,65+,45.4545454545455
M,M,3,No,Bachelors,Management,1,2,10+ Miles,North America,0,56-65,45.4545454545455
S,F,3,No,Graduate Degree,Management,1,2,10+ Miles,North America,0,65+,45.4545454545455
S,M,4,No,High School,Professional,0,2,1-2 Miles,North America,0,65+,27.2727272727273
M,M,3,No,Bachelors,Management,1,2,10+ Miles,North America,0,65+,45.4545454545455
S,M,3,No,Bachelors,Management,1,2,10+ Miles,North America,0,65+,45.4545454545455
S,F,4,No,Bachelors,Management,1,2,10+ Miles,North America,0,65+,45.4545454545455
M,M,4,No,Bachelors,Management,1,2,10+ Miles,North America,0,65+,45.4545454545455
S,F,4,No,Bachelors,Management,0,2,1-2 Miles,North America,0,65+,45.4545454545455
M,M,5,No,Partial High School,Clerical,0,2,1-2 Miles,North America,0,56-65,18.1818181818182
M,M,4,No,High School,Professional,1,2,10+ Miles,North America,0,56-65,27.2727272727273
S,M,5,No,Partial High School,Skilled Manual,1,3,10+ Miles,North America,1,56-65,18.1818181818182
M,F,5,No,Partial High School,Skilled Manual,1,4,10+ Miles,North America,1,56-65,18.1818181818182
M,F,5,No,Partial High School,Skilled Manual,1,4,10+ Miles,North America,1,56-65,18.1818181818182
S,F,5,No,High School,Professional,0,3,2-5 Miles,North America,1,56-65,27.2727272727273
S,F,5,No,Bachelors,Management,1,3,10+ Miles,North America,1,56-65,63.6363636363636
S,F,5,No,Bachelors,Management,0,3,2-5 Miles,North America,1,56-65,63.6363636363636
M,F,2,Si,High School,Professional,1,1,2-5 Miles,North America,0,56-65,27.2727272727273
M,M,2,Si,High School,Professional,1,1,2-5 Miles,North America,0,56-65,27.2727272727273
M,F,2,Si,High School,Professional,1,2,10+ Miles,North America,0,56-65,27.2727272727273
M,F,2,Si,High School,Professional,0,2,2-5 Miles,North America,0,56-65,27.2727272727273
M,M,2,Si,High School,Professional,0,2,2-5 Miles,North America,0,56-65,27.2727272727273
S,F,2,Si,Bachelors,Management,0,1,2-5 Miles,North America,1,56-65,63.6363636363636
S,F,2,Si,High School,Professional,1,2,10+ Miles,North America,0,56-65,27.2727272727273
M,M,2,Si,Partial College,Professional,1,1,10+ Miles,North America,0,56-65,45.4545454545455
M,F,2,Si,Partial College,Professional,1,1,10+ Miles,North America,0,56-65,45.4545454545455
M,M,2,Si,Partial College,Professional,1,1,10+ Miles,North America,0,56-65,45.4545454545455
M,F,2,Si,Partial College,Professional,1,2,10+ Miles,North America,0,56-65,45.4545454545455
S,M,2,Si,Bachelors,Management,0,0,2-5 Miles,North America,1,56-65,45.4545454545455
M,F,2,Si,Bachelors,Management,1,0,10+ Miles,North America,0,56-65,45.4545454545455
M,M,2,Si,Bachelors,Management,1,0,10+ Miles,North America,0,56-65,45.4545454545455
S,F,2,Si,Partial College,Professional,1,2,10+ Miles,North America,0,51-55,45.4545454545455
M,F,2,Si,Partial College,Professional,1,2,2-5 Miles,North America,1,56-65,45.4545454545455
M,F,2,Si,Partial College,Professional,1,2,2-5 Miles,North America,1,56-65,45.4545454545455
M,F,2,Si,Partial College,Professional,1,2,10+ Miles,North America,0,51-55,45.4545454545455
M,F,2,Si,Partial College,Professional,1,2,2-5 Miles,North America,1,56-65,45.4545454545455
M,F,2,Si,Partial College,Professional,1,1,10+ Miles,North America,0,56-65,45.4545454545455
M,M,2,Si,Partial College,Professional,1,2,10+ Miles,North America,0,56-65,45.4545454545455
M,M,2,Si,Partial College,Professional,1,1,10+ Miles,North America,0,51-55,45.4545454545455
S,F,4,Si,Partial College,Professional,1,1,10+ Miles,North America,0,56-65,63.6363636363636
M,M,4,Si,Partial College,Professional,1,1,1-2 Miles,North America,0,56-65,63.6363636363636
M,F,3,Si,Bachelors,Management,1,1,5-10 Miles,North America,0,56-65,72.7272727272727
M,F,2,Si,High School,Professional,1,2,10+ Miles,North America,0,56-65,45.4545454545455
M,M,2,Si,Partial College,Professional,1,2,2-5 Miles,North America,1,56-65,45.4545454545455
M,F,4,Si,Partial College,Professional,1,2,10+ Miles,North America,1,56-65,63.6363636363636
M,F,2,Si,High School,Professional,1,2,10+ Miles,North America,0,56-65,63.6363636363636
M,M,2,Si,High School,Professional,1,2,2-5 Miles,North America,1,56-65,63.6363636363636
S,M,2,Si,Partial High School,Skilled Manual,1,2,10+ Miles,North America,0,56-65,63.6363636363636
M,F,2,Si,Partial High School,Skilled Manual,1,2,10+ Miles,North America,0,51-55,63.6363636363636
M,M,2,Si,Partial High School,Skilled Manual,1,2,10+ Miles,North America,0,51-55,63.6363636363636
M,F,3,Si,High School,Professional,1,2,10+ Miles,North America,0,41-45,45.4545454545455
S,F,3,Si,High School,Professional,1,2,10+ Miles,North America,0,56-65,45.4545454545455
M,M,3,Si,Partial High School,Skilled Manual,1,3,10+ Miles,North America,1,56-65,45.4545454545455
S,M,3,Si,Partial High School,Skilled Manual,1,3,10+ Miles,North America,1,56-65,45.4545454545455
S,F,1,No,Graduate Degree,Management,1,3,0-1 Miles,North America,1,41-45,90.9090909090909
S,M,1,No,Graduate Degree,Management,0,0,0-1 Miles,North America,0,41-45,90.9090909090909
S,F,0,No,High School,Skilled Manual,0,2,1-2 Miles,North America,1,29-34,27.2727272727273
M,M,4,No,High School,Skilled Manual,1,2,5-10 Miles,Pacific,0,56-65,9.09090909090909
M,M,0,No,High School,Skilled Manual,1,2,5-10 Miles,North America,0,29-34,27.2727272727273
S,M,0,No,Partial College,Skilled Manual,0,1,1-2 Miles,North America,0,29-34,18.1818181818182
S,M,0,No,Partial College,Skilled Manual,0,1,1-2 Miles,North America,0,29-34,18.1818181818182
S,F,0,No,Partial College,Skilled Manual,0,1,1-2 Miles,North America,0,29-34,18.1818181818182
S,F,0,No,Partial College,Skilled Manual,1,1,5-10 Miles,North America,0,29-34,18.1818181818182
S,F,0,No,Partial College,Skilled Manual,0,1,1-2 Miles,North America,0,29-34,18.1818181818182
S,F,0,No,Partial College,Skilled Manual,0,2,1-2 Miles,North America,1,29-34,45.4545454545455
M,F,2,Si,Partial High School,Clerical,0,2,1-2 Miles,Pacific,0,56-65,9.09090909090909
S,F,2,No,Partial College,Clerical,0,2,1-2 Miles,Pacific,1,56-65,18.1818181818182
M,F,2,No,Partial College,Clerical,0,2,1-2 Miles,Pacific,1,56-65,18.1818181818182
M,M,2,Si,Partial High School,Clerical,1,2,5-10 Miles,Pacific,0,56-65,9.09090909090909
S,M,2,Si,Partial High School,Clerical,1,2,5-10 Miles,Pacific,0,56-65,9.09090909090909
S,M,0,No,Partial College,Skilled Manual,0,2,1-2 Miles,North America,1,29-34,45.4545454545455
M,F,0,No,Partial College,Skilled Manual,0,2,0-1 Miles,North America,1,29-34,63.6363636363636
S,M,0,No,Bachelors,Professional,0,2,5-10 Miles,North America,0,29-34,27.2727272727273
M,F,2,Si,Partial High School,Clerical,1,2,1-2 Miles,Pacific,0,56-65,9.09090909090909
S,M,0,No,Partial College,Skilled Manual,1,2,5-10 Miles,North America,0,29-34,63.6363636363636
M,F,2,Si,Partial High School,Clerical,1,3,5-10 Miles,Pacific,0,56-65,9.09090909090909
S,M,2,Si,Partial High School,Clerical,1,2,5-10 Miles,Pacific,1,56-65,9.09090909090909
M,M,2,Si,Partial High School,Clerical,1,2,5-10 Miles,Pacific,1,56-65,9.09090909090909
M,F,2,Si,Partial High School,Clerical,1,2,1-2 Miles,Pacific,1,51-55,9.09090909090909
S,F,0,No,Bachelors,Professional,1,2,5-10 Miles,North America,0,29-34,27.2727272727273
S,M,0,No,Bachelors,Professional,0,2,5-10 Miles,North America,0,29-34,27.2727272727273
S,M,0,No,Partial College,Skilled Manual,0,2,0-1 Miles,North America,1,29-34,63.6363636363636
M,M,2,Si,Partial High School,Clerical,1,3,5-10 Miles,Pacific,0,56-65,9.09090909090909
M,F,2,No,Partial College,Skilled Manual,0,2,1-2 Miles,Pacific,0,56-65,27.2727272727273
M,F,2,No,Partial College,Skilled Manual,1,2,5-10 Miles,Pacific,0,51-55,27.2727272727273
S,M,2,No,Partial College,Skilled Manual,1,2,5-10 Miles,Pacific,1,56-65,27.2727272727273
S,F,2,No,Partial College,Skilled Manual,1,2,5-10 Miles,Pacific,1,56-65,27.2727272727273
S,F,3,No,Partial High School,Clerical,0,2,1-2 Miles,Pacific,0,51-55,27.2727272727273
S,F,3,No,Partial High School,Clerical,0,2,5-10 Miles,Pacific,1,46-50,27.2727272727273
S,M,3,No,Partial High School,Clerical,0,2,5-10 Miles,Pacific,1,51-55,27.2727272727273
S,F,2,No,Partial College,Skilled Manual,1,2,5-10 Miles,Pacific,1,46-50,72.7272727272727
S,F,2,No,Partial College,Skilled Manual,0,2,1-2 Miles,Pacific,1,51-55,72.7272727272727
S,F,2,No,Partial College,Skilled Manual,0,2,1-2 Miles,Pacific,1,51-55,72.7272727272727
M,M,2,No,Partial College,Skilled Manual,0,2,1-2 Miles,Pacific,1,51-55,72.7272727272727
S,F,0,No,Partial College,Skilled Manual,0,2,1-2 Miles,North America,1,35-40,27.2727272727273
S,F,0,No,High School,Skilled Manual,1,2,5-10 Miles,North America,0,35-40,27.2727272727273
S,M,0,No,High School,Skilled Manual,0,2,1-2 Miles,North America,1,35-40,27.2727272727273
S,M,0,No,High School,Skilled Manual,1,2,5-10 Miles,North America,0,29-34,27.2727272727273
S,F,0,No,High School,Skilled Manual,0,2,1-2 Miles,North America,1,29-34,27.2727272727273
S,M,0,No,High School,Skilled Manual,1,2,5-10 Miles,North America,0,35-40,27.2727272727273
S,F,0,No,Partial College,Skilled Manual,0,2,5-10 Miles,North America,0,29-34,45.4545454545455
M,F,0,No,High School,Skilled Manual,1,2,5-10 Miles,North America,0,35-40,45.4545454545455
M,M,0,No,Partial College,Skilled Manual,1,2,5-10 Miles,North America,1,35-40,45.4545454545455
M,M,0,No,Partial College,Professional,1,2,5-10 Miles,North America,1,35-40,45.4545454545455
S,F,0,No,Partial College,Professional,0,2,0-1 Miles,North America,1,35-40,63.6363636363636
M,F,0,No,Partial College,Professional,1,2,5-10 Miles,North America,1,35-40,63.6363636363636
S,M,0,No,Partial College,Professional,1,2,5-10 Miles,North America,1,35-40,63.6363636363636
S,F,2,No,High School,Skilled Manual,1,2,5-10 Miles,Pacific,1,51-55,72.7272727272727
S,F,2,No,High School,Skilled Manual,0,2,1-2 Miles,Pacific,1,35-40,72.7272727272727
M,M,2,No,High School,Skilled Manual,1,2,5-10 Miles,Pacific,1,46-50,63.6363636363636
S,F,1,No,Bachelors,Management,0,4,0-1 Miles,Pacific,0,51-55,81.8181818181818
M,M,1,Si,Bachelors,Management,0,1,10+ Miles,Pacific,0,51-55,81.8181818181818
M,M,1,Si,Bachelors,Management,1,1,10+ Miles,Pacific,0,51-55,81.8181818181818
S,M,1,Si,Bachelors,Management,0,3,0-1 Miles,Pacific,1,41-45,81.8181818181818
M,M,1,Si,Bachelors,Management,1,3,2-5 Miles,Pacific,0,51-55,81.8181818181818
S,M,0,No,Partial College,Professional,1,2,5-10 Miles,North America,1,35-40,63.6363636363636
S,M,0,No,Bachelors,Management,0,1,0-1 Miles,North America,1,35-40,72.7272727272727
S,F,0,No,High School,Professional,0,2,1-2 Miles,North America,1,35-40,45.4545454545455
S,F,0,No,High School,Professional,1,2,5-10 Miles,North America,0,35-40,45.4545454545455
M,M,0,No,Partial High School,Skilled Manual,0,2,1-2 Miles,North America,1,29-34,45.4545454545455
S,M,0,No,Bachelors,Management,0,2,0-1 Miles,North America,1,41-45,90.9090909090909
M,M,2,No,Partial High School,Skilled Manual,1,2,5-10 Miles,North America,0,51-55,63.6363636363636
S,M,2,No,Partial High School,Skilled Manual,0,2,1-2 Miles,North America,0,51-55,63.6363636363636
S,F,0,No,Bachelors,Professional,0,1,2-5 Miles,North America,0,41-45,27.2727272727273
S,M,4,Si,Bachelors,Skilled Manual,0,2,0-1 Miles,North America,0,41-45,45.4545454545455
M,F,4,Si,Bachelors,Skilled Manual,1,3,10+ Miles,North America,0,41-45,45.4545454545455
M,F,4,Si,Bachelors,Skilled Manual,1,3,10+ Miles,North America,0,35-40,45.4545454545455
M,F,5,Si,Bachelors,Skilled Manual,1,3,2-5 Miles,North America,0,46-50,45.4545454545455
S,F,4,Si,Bachelors,Skilled Manual,0,2,0-1 Miles,North America,1,41-45,45.4545454545455
M,F,4,Si,Bachelors,Skilled Manual,1,2,2-5 Miles,North America,1,46-50,45.4545454545455
M,F,4,Si,Bachelors,Professional,1,2,2-5 Miles,North America,1,46-50,63.6363636363636
M,F,4,Si,Bachelors,Professional,1,2,2-5 Miles,North America,1,46-50,63.6363636363636
M,F,3,Si,Graduate Degree,Professional,0,0,0-1 Miles,North America,1,41-45,45.4545454545455
M,M,3,Si,Graduate Degree,Professional,0,0,0-1 Miles,North America,1,35-40,45.4545454545455
M,M,3,Si,High School,Skilled Manual,1,2,2-5 Miles,North America,1,29-34,27.2727272727273
S,F,1,No,Bachelors,Professional,1,1,2-5 Miles,North America,1,46-50,63.6363636363636
S,F,1,No,Bachelors,Professional,1,1,2-5 Miles,North America,1,41-45,63.6363636363636
S,F,0,No,Bachelors,Professional,0,2,0-1 Miles,North America,1,46-50,18.1818181818182
M,M,4,Si,High School,Skilled Manual,1,2,0-1 Miles,North America,0,46-50,27.2727272727273
M,M,4,Si,High School,Skilled Manual,1,3,10+ Miles,North America,0,46-50,27.2727272727273
M,M,1,No,Partial College,Skilled Manual,0,1,0-1 Miles,North America,1,46-50,45.4545454545455
M,M,1,No,Partial College,Skilled Manual,1,1,2-5 Miles,North America,1,46-50,45.4545454545455
M,F,1,No,Partial College,Skilled Manual,1,1,2-5 Miles,North America,1,46-50,45.4545454545455
M,M,1,No,Partial College,Skilled Manual,0,1,0-1 Miles,North America,1,46-50,45.4545454545455
M,F,1,No,Partial College,Skilled Manual,1,1,2-5 Miles,North America,1,41-45,45.4545454545455
S,F,0,No,Bachelors,Professional,0,1,2-5 Miles,North America,0,46-50,27.2727272727273
M,M,0,No,Bachelors,Professional,0,1,0-1 Miles,North America,0,46-50,27.2727272727273
S,M,0,No,Bachelors,Professional,0,1,0-1 Miles,North America,0,41-45,27.2727272727273
M,F,1,No,Partial College,Skilled Manual,1,1,2-5 Miles,North America,1,41-45,45.4545454545455
S,F,0,No,Partial College,Skilled Manual,0,1,0-1 Miles,North America,1,41-45,45.4545454545455
S,M,0,No,Partial College,Skilled Manual,0,1,0-1 Miles,North America,1,41-45,45.4545454545455
S,M,0,No,Partial College,Skilled Manual,0,1,0-1 Miles,North America,1,35-40,45.4545454545455
S,F,0,No,Partial College,Skilled Manual,0,1,2-5 Miles,North America,1,35-40,45.4545454545455
M,M,1,No,Partial College,Skilled Manual,1,1,2-5 Miles,North America,1,46-50,45.4545454545455
M,M,1,No,Partial College,Skilled Manual,0,1,0-1 Miles,North America,1,46-50,45.4545454545455
M,F,1,No,Partial College,Skilled Manual,1,1,0-1 Miles,North America,1,41-45,45.4545454545455
M,F,1,No,Partial College,Skilled Manual,1,1,2-5 Miles,North America,1,46-50,45.4545454545455
M,M,5,Si,Bachelors,Professional,1,1,2-5 Miles,North America,0,29-34,45.4545454545455
M,F,4,Si,Bachelors,Professional,1,0,2-5 Miles,North America,0,46-50,45.4545454545455
M,F,4,Si,Bachelors,Professional,1,0,0-1 Miles,North America,0,51-55,45.4545454545455
S,F,2,No,Graduate Degree,Professional,0,1,0-1 Miles,North America,1,46-50,63.6363636363636
S,M,4,No,Graduate Degree,Professional,1,0,0-1 Miles,North America,1,46-50,72.7272727272727
M,M,1,No,Graduate Degree,Management,1,0,0-1 Miles,Pacific,1,29-34,81.8181818181818
S,M,2,No,Bachelors,Professional,0,0,0-1 Miles,Pacific,1,35-40,81.8181818181818
M,M,2,Si,Bachelors,Professional,0,1,0-1 Miles,Pacific,1,41-45,45.4545454545455
M,M,4,Si,Graduate Degree,Management,0,1,0-1 Miles,Pacific,0,35-40,72.7272727272727
M,F,4,Si,Graduate Degree,Management,0,1,0-1 Miles,Pacific,0,35-40,72.7272727272727
M,M,2,No,Bachelors,Professional,1,0,2-5 Miles,Pacific,1,35-40,81.8181818181818
M,F,2,Si,Bachelors,Professional,0,1,0-1 Miles,Pacific,1,41-45,45.4545454545455
M,M,2,Si,Bachelors,Professional,1,1,2-5 Miles,Pacific,1,41-45,45.4545454545455
S,M,2,Si,Bachelors,Professional,0,1,0-1 Miles,Pacific,1,41-45,45.4545454545455
M,M,5,Si,Bachelors,Professional,1,3,10+ Miles,Pacific,1,41-45,63.6363636363636
M,M,5,Si,Bachelors,Professional,1,3,10+ Miles,Pacific,0,35-40,63.6363636363636
M,F,5,Si,Bachelors,Professional,0,3,10+ Miles,Pacific,0,41-45,63.6363636363636
M,M,5,Si,Bachelors,Professional,1,3,10+ Miles,Pacific,0,41-45,63.6363636363636
M,F,1,No,Graduate Degree,Management,1,1,1-2 Miles,Pacific,1,35-40,90.9090909090909
S,F,1,No,Graduate Degree,Management,0,1,2-5 Miles,Pacific,1,29-34,90.9090909090909
M,M,1,No,Graduate Degree,Management,1,1,2-5 Miles,Pacific,1,35-40,90.9090909090909
S,F,5,Si,Graduate Degree,Management,1,2,0-1 Miles,Pacific,0,35-40,72.7272727272727
M,F,5,Si,Graduate Degree,Management,1,3,0-1 Miles,Pacific,0,41-45,72.7272727272727
S,M,5,Si,Graduate Degree,Management,1,3,0-1 Miles,Pacific,0,35-40,72.7272727272727
M,M,5,Si,Bachelors,Professional,1,3,0-1 Miles,Pacific,0,41-45,72.7272727272727
M,M,0,No,Bachelors,Professional,1,0,2-5 Miles,Pacific,1,35-40,81.8181818181818
S,F,2,No,Bachelors,Professional,0,0,1-2 Miles,Pacific,1,41-45,81.8181818181818
M,M,3,Si,Bachelors,Professional,1,1,2-5 Miles,Pacific,0,41-45,45.4545454545455
S,M,3,Si,Bachelors,Professional,0,1,0-1 Miles,Pacific,0,35-40,45.4545454545455
M,M,5,Si,Bachelors,Professional,0,4,10+ Miles,Pacific,0,29-34,63.6363636363636
M,M,5,Si,Bachelors,Professional,1,4,10+ Miles,Pacific,0,41-45,63.6363636363636
M,F,5,Si,Bachelors,Professional,0,4,10+ Miles,Pacific,0,29-34,63.6363636363636
S,F,0,No,Bachelors,Professional,1,1,5-10 Miles,Pacific,1,41-45,63.6363636363636
M,M,5,Si,Bachelors,Professional,1,4,1-2 Miles,Pacific,0,41-45,72.7272727272727
S,M,5,Si,Bachelors,Professional,1,4,1-2 Miles,Pacific,0,41-45,72.7272727272727
S,M,5,Si,Bachelors,Professional,1,4,1-2 Miles,Pacific,0,35-40,72.7272727272727
M,F,5,Si,Bachelors,Professional,1,4,0-1 Miles,Pacific,0,41-45,72.7272727272727
M,M,5,Si,Bachelors,Professional,1,4,1-2 Miles,Pacific,1,41-45,72.7272727272727
M,M,3,Si,Bachelors,Professional,0,2,0-1 Miles,Pacific,0,35-40,45.4545454545455
M,F,3,Si,Bachelors,Professional,1,2,5-10 Miles,Pacific,0,46-50,45.4545454545455
S,M,0,No,Partial High School,Manual,1,2,1-2 Miles,Europe,0,35-40,9.09090909090909
S,F,0,No,Partial College,Clerical,1,1,2-5 Miles,Europe,0,35-40,18.1818181818182
S,F,0,No,Partial College,Clerical,0,1,0-1 Miles,Europe,0,35-40,18.1818181818182
S,M,0,No,Partial College,Clerical,1,1,2-5 Miles,Europe,0,35-40,18.1818181818182
S,M,0,No,Partial College,Clerical,1,1,2-5 Miles,Europe,0,35-40,18.1818181818182
M,M,3,Si,Partial High School,Skilled Manual,1,3,10+ Miles,North America,1,56-65,45.4545454545455
M,F,2,No,High School,Professional,1,2,5-10 Miles,North America,0,51-55,45.4545454545455
M,M,2,No,High School,Professional,0,2,1-2 Miles,North America,1,51-55,45.4545454545455
M,F,2,No,High School,Professional,1,2,5-10 Miles,North America,0,51-55,45.4545454545455
S,M,2,Si,Bachelors,Management,1,1,2-5 Miles,North America,1,46-50,72.7272727272727
S,F,2,No,Partial High School,Skilled Manual,0,2,1-2 Miles,North America,0,51-55,72.7272727272727
S,F,2,No,High School,Professional,1,2,5-10 Miles,North America,0,35-40,45.4545454545455
S,M,4,Si,Bachelors,Management,0,4,0-1 Miles,North America,0,41-45,81.8181818181818
M,M,2,Si,Bachelors,Management,1,3,2-5 Miles,North America,0,35-40,90.9090909090909
S,F,3,Si,Bachelors,Management,1,4,2-5 Miles,North America,1,29-34,90.9090909090909
S,F,1,Si,Graduate Degree,Management,0,4,0-1 Miles,North America,0,41-45,90.9090909090909
S,F,4,Si,Bachelors,Management,1,1,2-5 Miles,North America,0,46-50,72.7272727272727
M,F,5,Si,Partial College,Professional,1,3,0-1 Miles,North America,0,46-50,81.8181818181818
S,F,5,Si,Partial College,Professional,1,0,2-5 Miles,North America,0,41-45,81.8181818181818
S,F,5,Si,Partial College,Professional,1,1,2-5 Miles,North America,0,29-34,81.8181818181818
M,F,3,Si,Bachelors,Management,1,3,0-1 Miles,North America,1,35-40,90.9090909090909
S,M,1,Si,Bachelors,Management,0,3,0-1 Miles,North America,1,35-40,90.9090909090909
M,F,3,Si,Partial College,Professional,1,0,5-10 Miles,North America,1,51-55,63.6363636363636
M,M,3,Si,Partial College,Professional,0,1,0-1 Miles,North America,0,51-55,63.6363636363636
M,F,4,Si,Partial College,Professional,1,0,0-1 Miles,North America,0,51-55,63.6363636363636
S,M,4,Si,Partial College,Professional,1,0,5-10 Miles,North America,0,51-55,63.6363636363636
M,M,3,No,Partial College,Professional,0,1,0-1 Miles,North America,0,51-55,72.7272727272727
M,M,2,No,Partial High School,Skilled Manual,1,2,5-10 Miles,North America,0,51-55,72.7272727272727
S,M,1,Si,Graduate Degree,Management,0,3,0-1 Miles,North America,1,65+,90.9090909090909
M,M,0,No,Partial College,Professional,1,1,10+ Miles,North America,0,41-45,81.8181818181818
M,M,0,No,Partial College,Professional,1,1,10+ Miles,North America,0,41-45,81.8181818181818
M,M,3,Si,Bachelors,Management,1,4,0-1 Miles,North America,0,46-50,90.9090909090909
M,F,5,Si,Partial College,Professional,1,2,5-10 Miles,North America,0,46-50,72.7272727272727
M,F,5,Si,Partial College,Professional,1,4,5-10 Miles,North America,0,46-50,81.8181818181818
S,M,1,Si,Partial College,Professional,1,3,5-10 Miles,North America,1,46-50,81.8181818181818
S,M,1,Si,Bachelors,Management,0,4,0-1 Miles,North America,0,46-50,90.9090909090909
M,M,5,Si,Partial College,Professional,1,3,5-10 Miles,North America,0,35-40,63.6363636363636
M,F,5,Si,Partial College,Professional,1,3,1-2 Miles,North America,0,41-45,72.7272727272727
M,M,5,Si,Partial College,Professional,1,3,5-10 Miles,North America,0,46-50,72.7272727272727
S,F,4,Si,High School,Professional,1,1,5-10 Miles,North America,1,46-50,81.8181818181818
M,M,4,Si,High School,Professional,1,1,5-10 Miles,North America,0,46-50,81.8181818181818
M,F,4,Si,High School,Professional,1,2,1-2 Miles,North America,0,41-45,81.8181818181818
M,M,4,Si,High School,Professional,1,2,1-2 Miles,North America,0,46-50,81.8181818181818
S,M,1,Si,Partial College,Professional,1,4,5-10 Miles,North America,1,46-50,90.9090909090909
S,F,1,Si,Bachelors,Management,0,3,2-5 Miles,North America,1,46-50,90.9090909090909
M,F,3,Si,Partial College,Professional,1,1,5-10 Miles,North America,1,51-55,72.7272727272727
M,F,2,No,Graduate Degree,Management,1,2,5-10 Miles,North America,0,65+,45.4545454545455
M,M,3,No,Partial College,Professional,1,2,5-10 Miles,North America,0,65+,27.2727272727273
M,M,2,No,Graduate Degree,Management,1,2,5-10 Miles,North America,0,56-65,45.4545454545455
M,F,2,No,Graduate Degree,Management,1,2,5-10 Miles,North America,0,65+,45.4545454545455
S,M,1,Si,Graduate Degree,Management,0,4,2-5 Miles,North America,1,65+,90.9090909090909
S,F,4,Si,High School,Professional,1,3,5-10 Miles,North America,1,46-50,81.8181818181818
S,F,4,Si,High School,Professional,1,4,5-10 Miles,North America,1,41-45,81.8181818181818
S,F,3,No,Partial High School,Skilled Manual,1,2,5-10 Miles,North America,0,51-55,63.6363636363636
S,F,3,No,Partial High School,Skilled Manual,0,2,1-2 Miles,North America,0,51-55,63.6363636363636
M,M,2,No,High School,Professional,1,2,5-10 Miles,North America,0,41-45,45.4545454545455
M,M,2,No,High School,Professional,1,2,5-10 Miles,North America,0,56-65,45.4545454545455
M,F,2,No,Partial High School,Skilled Manual,1,2,5-10 Miles,North America,1,46-50,45.4545454545455
M,M,3,No,Graduate Degree,Management,1,2,5-10 Miles,North America,1,56-65,45.4545454545455
M,M,3,No,Partial College,Professional,1,2,5-10 Miles,North America,0,56-65,27.2727272727273
M,M,3,No,Partial College,Professional,1,2,5-10 Miles,North America,0,51-55,27.2727272727273
S,M,3,No,Partial College,Professional,1,2,5-10 Miles,North America,0,56-65,27.2727272727273
S,F,3,No,Partial College,Professional,0,2,1-2 Miles,North America,1,56-65,27.2727272727273
S,F,4,No,Partial College,Professional,0,2,1-2 Miles,North America,1,56-65,27.2727272727273
S,M,4,No,High School,Professional,1,2,5-10 Miles,North America,0,51-55,18.1818181818182
S,M,4,No,High School,Professional,1,2,5-10 Miles,North America,0,51-55,18.1818181818182
S,F,4,No,High School,Professional,1,2,5-10 Miles,North America,0,56-65,18.1818181818182
S,M,4,No,High School,Professional,1,2,5-10 Miles,North America,0,56-65,18.1818181818182
S,F,4,No,High School,Professional,0,2,1-2 Miles,North America,0,56-65,18.1818181818182
M,F,4,Si,Bachelors,Professional,1,2,5-10 Miles,Pacific,0,35-40,45.4545454545455
M,F,4,Si,Bachelors,Professional,1,3,10+ Miles,Pacific,0,41-45,45.4545454545455
M,M,5,Si,Bachelors,Professional,1,1,5-10 Miles,Pacific,0,46-50,45.4545454545455
S,F,0,No,Bachelors,Professional,1,1,5-10 Miles,Pacific,1,46-50,63.6363636363636
S,M,0,No,Bachelors,Professional,0,1,5-10 Miles,Pacific,1,46-50,63.6363636363636
S,F,0,No,Bachelors,Professional,0,1,0-1 Miles,Pacific,1,41-45,63.6363636363636
S,F,0,No,Bachelors,Professional,0,1,5-10 Miles,Pacific,0,41-45,63.6363636363636
M,M,5,Si,Bachelors,Professional,0,4,0-1 Miles,Pacific,0,41-45,72.7272727272727
M,F,2,Si,Bachelors,Professional,1,0,0-1 Miles,Pacific,1,41-45,81.8181818181818
M,F,4,Si,Bachelors,Professional,0,0,0-1 Miles,Pacific,0,41-45,81.8181818181818
M,F,1,No,Partial College,Skilled Manual,1,1,5-10 Miles,Pacific,0,41-45,45.4545454545455
S,F,1,No,Partial College,Skilled Manual,1,1,5-10 Miles,Pacific,1,46-50,45.4545454545455
S,F,1,No,Partial College,Skilled Manual,0,1,0-1 Miles,Pacific,1,41-45,45.4545454545455
S,M,0,No,Graduate Degree,Management,0,3,1-2 Miles,Pacific,0,41-45,90.9090909090909
S,M,0,No,Bachelors,Professional,0,1,5-10 Miles,Pacific,0,41-45,63.6363636363636
S,F,0,No,Bachelors,Professional,1,1,5-10 Miles,Pacific,1,41-45,63.6363636363636
S,M,0,No,Bachelors,Professional,1,1,5-10 Miles,Pacific,1,41-45,63.6363636363636
S,M,5,Si,Bachelors,Professional,1,4,1-2 Miles,Pacific,0,29-34,72.7272727272727
S,M,0,No,Bachelors,Professional,1,1,5-10 Miles,Pacific,1,35-40,63.6363636363636
S,F,0,No,Bachelors,Professional,1,1,5-10 Miles,Pacific,1,46-50,63.6363636363636
S,F,0,No,Bachelors,Professional,0,1,5-10 Miles,Pacific,0,41-45,63.6363636363636
S,F,1,No,Bachelors,Professional,0,1,2-5 Miles,Pacific,1,46-50,81.8181818181818
M,F,5,No,Bachelors,Professional,1,1,10+ Miles,Pacific,0,51-55,81.8181818181818
M,M,4,No,Bachelors,Professional,1,1,10+ Miles,Pacific,0,46-50,81.8181818181818
S,F,0,No,Bachelors,Professional,1,2,5-10 Miles,Pacific,1,35-40,63.6363636363636
M,F,1,No,Partial College,Skilled Manual,1,1,5-10 Miles,Pacific,1,46-50,45.4545454545455
S,M,5,Si,Bachelors,Professional,1,2,5-10 Miles,Pacific,0,46-50,63.6363636363636
M,M,5,Si,Partial College,Skilled Manual,1,2,5-10 Miles,Pacific,0,35-40,63.6363636363636
M,M,5,Si,Partial College,Skilled Manual,1,2,0-1 Miles,Pacific,0,46-50,63.6363636363636
M,F,5,Si,Partial College,Skilled Manual,1,2,0-1 Miles,Pacific,0,46-50,63.6363636363636
M,M,5,Si,Partial College,Skilled Manual,1,3,5-10 Miles,Pacific,1,41-45,63.6363636363636
M,M,2,No,Bachelors,Professional,1,1,5-10 Miles,Pacific,0,51-55,81.8181818181818
S,F,2,No,Bachelors,Management,0,1,2-5 Miles,Pacific,1,46-50,81.8181818181818
S,F,4,No,Bachelors,Management,1,2,1-2 Miles,Pacific,1,51-55,81.8181818181818
S,M,1,No,Partial College,Skilled Manual,1,1,5-10 Miles,Pacific,0,51-55,63.6363636363636
S,M,2,No,Partial College,Clerical,0,2,0-1 Miles,Pacific,0,65+,18.1818181818182
M,M,2,No,Bachelors,Management,1,1,5-10 Miles,Pacific,0,65+,27.2727272727273
M,F,5,Si,Partial College,Skilled Manual,1,3,10+ Miles,Pacific,0,41-45,63.6363636363636
M,F,5,Si,Partial College,Skilled Manual,1,3,10+ Miles,Pacific,0,46-50,63.6363636363636
S,F,1,No,Partial College,Skilled Manual,0,1,0-1 Miles,Pacific,1,51-55,63.6363636363636
S,M,1,No,Partial College,Skilled Manual,0,1,0-1 Miles,Pacific,1,51-55,63.6363636363636
S,F,1,No,Partial College,Skilled Manual,1,1,5-10 Miles,Pacific,0,46-50,63.6363636363636
S,M,1,No,Partial College,Skilled Manual,0,1,0-1 Miles,Pacific,1,51-55,72.7272727272727
M,M,0,No,High School,Skilled Manual,1,2,5-10 Miles,North America,0,29-34,18.1818181818182
S,F,0,No,High School,Skilled Manual,1,2,5-10 Miles,North America,0,29-34,18.1818181818182
M,M,0,No,High School,Skilled Manual,1,2,5-10 Miles,North America,0,29-34,27.2727272727273
M,M,0,No,High School,Skilled Manual,1,2,5-10 Miles,North America,0,29-34,27.2727272727273
M,M,0,No,High School,Skilled Manual,1,2,5-10 Miles,North America,0,29-34,18.1818181818182
M,M,0,No,High School,Skilled Manual,1,2,5-10 Miles,North America,0,29-34,18.1818181818182
M,M,0,No,High School,Skilled Manual,0,2,0-1 Miles,North America,0,29-34,18.1818181818182
S,M,0,No,High School,Skilled Manual,1,2,5-10 Miles,North America,0,29-34,27.2727272727273
M,M,0,No,High School,Skilled Manual,1,2,5-10 Miles,North America,0,29-34,27.2727272727273
M,M,2,No,Bachelors,Management,0,2,0-1 Miles,Pacific,0,65+,27.2727272727273
S,F,2,No,Bachelors,Management,1,2,5-10 Miles,Pacific,0,65+,27.2727272727273
S,M,0,No,High School,Skilled Manual,1,2,5-10 Miles,North America,0,29-34,27.2727272727273
S,F,0,No,Partial High School,Clerical,0,2,5-10 Miles,North America,0,29-34,18.1818181818182
S,F,2,No,Partial College,Clerical,0,2,5-10 Miles,Pacific,0,65+,18.1818181818182
M,M,2,No,Bachelors,Management,1,2,5-10 Miles,Pacific,0,65+,27.2727272727273
M,M,2,No,Graduate Degree,Management,0,1,0-1 Miles,Pacific,0,65+,45.4545454545455
S,F,2,No,Graduate Degree,Management,1,1,5-10 Miles,Pacific,0,65+,45.4545454545455
M,F,2,No,Bachelors,Management,0,2,0-1 Miles,Pacific,1,65+,27.2727272727273
S,M,2,No,Bachelors,Management,0,2,0-1 Miles,Pacific,1,51-55,27.2727272727273
S,M,2,No,Graduate Degree,Management,0,1,1-2 Miles,Pacific,1,65+,45.4545454545455
M,M,2,No,Graduate Degree,Management,0,1,1-2 Miles,Pacific,1,65+,45.4545454545455
S,F,0,No,High School,Skilled Manual,0,2,1-2 Miles,North America,0,29-34,27.2727272727273
S,F,0,No,High School,Skilled Manual,0,2,1-2 Miles,North America,0,29-34,27.2727272727273
S,F,0,No,Partial College,Skilled Manual,0,1,1-2 Miles,North America,0,29-34,27.2727272727273
S,M,0,No,Partial College,Skilled Manual,1,1,5-10 Miles,North America,0,29-34,27.2727272727273
M,F,0,No,Partial College,Skilled Manual,1,1,5-10 Miles,North America,0,29-34,27.2727272727273
S,F,0,No,Partial College,Skilled Manual,0,1,1-2 Miles,North America,0,29-34,27.2727272727273
S,F,0,No,Partial College,Skilled Manual,0,1,1-2 Miles,North America,0,29-34,27.2727272727273
S,M,0,No,High School,Skilled Manual,0,2,1-2 Miles,North America,1,29-34,27.2727272727273
S,M,0,No,Partial College,Skilled Manual,0,1,1-2 Miles,North America,0,29-34,45.4545454545455
S,F,0,No,Partial College,Skilled Manual,0,1,1-2 Miles,North America,0,35-40,45.4545454545455
S,F,0,No,Partial College,Skilled Manual,1,2,5-10 Miles,North America,1,29-34,63.6363636363636
S,M,0,No,Partial College,Skilled Manual,1,2,5-10 Miles,North America,1,35-40,63.6363636363636
S,M,0,No,Bachelors,Management,0,1,0-1 Miles,North America,1,35-40,72.7272727272727
S,F,0,No,Bachelors,Management,0,1,0-1 Miles,North America,1,29-34,72.7272727272727
S,F,0,No,Bachelors,Management,0,1,0-1 Miles,North America,1,41-45,72.7272727272727
S,F,0,No,Bachelors,Management,0,1,0-1 Miles,North America,1,41-45,72.7272727272727
S,M,4,Si,Bachelors,Management,1,1,1-2 Miles,North America,1,41-45,81.8181818181818
M,F,4,Si,Bachelors,Management,1,1,1-2 Miles,North America,0,41-45,81.8181818181818
S,M,0,Si,Bachelors,Management,1,3,1-2 Miles,North America,0,41-45,90.9090909090909
M,M,4,Si,Bachelors,Management,1,0,1-2 Miles,North America,0,46-50,72.7272727272727
S,F,0,Si,Partial High School,Management,1,4,0-1 Miles,Pacific,1,35-40,90.9090909090909
M,M,0,Si,Partial High School,Management,1,4,0-1 Miles,Pacific,0,35-40,90.9090909090909
M,F,2,Si,Partial College,Professional,1,4,5-10 Miles,Europe,0,51-55,81.8181818181818
S,M,0,No,Partial College,Clerical,1,1,2-5 Miles,Europe,0,35-40,18.1818181818182
M,M,0,No,Partial High School,Manual,1,2,1-2 Miles,Europe,0,29-34,9.09090909090909
M,M,0,No,Partial High School,Manual,1,2,1-2 Miles,Europe,0,29-34,9.09090909090909
M,M,0,No,Partial High School,Manual,1,2,1-2 Miles,Europe,0,29-34,9.09090909090909
S,M,0,No,Partial High School,Manual,1,2,1-2 Miles,Europe,1,29-34,9.09090909090909
S,M,0,No,High School,Manual,0,1,1-2 Miles,Europe,0,29-34,18.1818181818182
S,M,0,No,High School,Manual,1,1,2-5 Miles,Europe,1,29-34,18.1818181818182
S,M,0,No,Partial High School,Manual,1,2,1-2 Miles,Europe,0,29-34,9.09090909090909
M,M,1,Si,Bachelors,Skilled Manual,1,1,0-1 Miles,Europe,1,35-40,27.2727272727273
M,M,1,Si,Bachelors,Skilled Manual,1,1,1-2 Miles,Europe,1,29-34,27.2727272727273
M,F,1,Si,Bachelors,Skilled Manual,1,1,1-2 Miles,Europe,1,35-40,27.2727272727273
S,F,0,No,High School,Manual,0,1,1-2 Miles,Europe,1,35-40,18.1818181818182
S,F,0,No,High School,Manual,1,1,2-5 Miles,Europe,1,35-40,18.1818181818182
S,F,0,No,Partial High School,Manual,0,2,1-2 Miles,Europe,0,29-34,9.09090909090909
M,F,1,Si,Bachelors,Skilled Manual,1,1,1-2 Miles,Europe,1,35-40,27.2727272727273
M,M,2,Si,Partial College,Clerical,1,0,1-2 Miles,Europe,1,35-40,27.2727272727273
S,M,0,No,Partial High School,Manual,0,2,1-2 Miles,Europe,0,35-40,9.09090909090909
S,M,0,No,Partial High School,Manual,0,2,0-1 Miles,Europe,0,35-40,9.09090909090909
S,M,0,No,Partial High School,Manual,0,2,0-1 Miles,Europe,0,35-40,9.09090909090909
S,M,0,No,Partial High School,Manual,0,2,0-1 Miles,Europe,0,35-40,9.09090909090909
S,M,0,No,Partial High School,Manual,0,2,0-1 Miles,Europe,0,35-40,9.09090909090909
S,M,0,No,Partial High School,Manual,1,2,1-2 Miles,Europe,0,35-40,9.09090909090909
M,M,0,No,High School,Manual,0,1,1-2 Miles,Europe,1,35-40,18.1818181818182
S,M,0,No,High School,Manual,0,1,2-5 Miles,Europe,1,35-40,18.1818181818182
S,M,2,Si,Partial College,Clerical,1,0,1-2 Miles,Europe,1,29-34,27.2727272727273
S,F,2,Si,Partial College,Clerical,0,1,0-1 Miles,Europe,0,35-40,27.2727272727273
M,M,2,Si,Partial College,Clerical,1,1,1-2 Miles,Europe,1,35-40,27.2727272727273
S,F,2,Si,Partial College,Clerical,1,2,1-2 Miles,Europe,0,35-40,27.2727272727273
S,M,4,No,Partial High School,Manual,0,2,0-1 Miles,Europe,0,65+,9.09090909090909
M,M,2,Si,Partial College,Clerical,1,2,1-2 Miles,Europe,0,35-40,27.2727272727273
M,M,3,Si,Partial College,Clerical,1,0,0-1 Miles,North America,0,29-34,27.2727272727273
M,F,3,Si,Partial College,Clerical,1,2,1-2 Miles,North America,0,35-40,27.2727272727273
S,F,3,Si,Partial College,Clerical,0,2,0-1 Miles,North America,0,35-40,27.2727272727273
M,F,1,No,Graduate Degree,Skilled Manual,1,1,1-2 Miles,North America,0,65+,27.2727272727273
M,M,0,No,Graduate Degree,Skilled Manual,0,0,0-1 Miles,North America,0,41-45,72.7272727272727
M,M,0,No,Graduate Degree,Skilled Manual,0,0,0-1 Miles,North America,0,41-45,72.7272727272727
S,M,0,No,Graduate Degree,Skilled Manual,0,0,0-1 Miles,North America,0,41-45,72.7272727272727
M,M,0,No,Graduate Degree,Skilled Manual,1,0,1-2 Miles,North America,1,29-34,72.7272727272727
S,M,2,No,Partial High School,Manual,0,2,0-1 Miles,North America,0,51-55,9.09090909090909
S,M,3,No,Partial High School,Clerical,1,2,1-2 Miles,North America,0,51-55,9.09090909090909
S,F,3,No,Partial High School,Clerical,0,2,1-2 Miles,North America,0,51-55,9.09090909090909
S,M,3,No,Partial High School,Clerical,1,2,1-2 Miles,North America,0,51-55,9.09090909090909
M,M,1,No,Partial College,Clerical,1,1,0-1 Miles,North America,1,46-50,27.2727272727273
S,M,3,No,Partial High School,Clerical,0,2,0-1 Miles,North America,0,51-55,9.09090909090909
S,F,3,No,Partial High School,Clerical,0,2,0-1 Miles,North America,0,51-55,9.09090909090909
S,M,3,No,Partial High School,Clerical,0,2,0-1 Miles,North America,0,46-50,9.09090909090909
S,F,3,No,Partial High School,Clerical,1,2,1-2 Miles,North America,0,46-50,9.09090909090909
M,M,1,No,High School,Clerical,1,1,2-5 Miles,North America,1,51-55,18.1818181818182
S,F,3,No,Partial High School,Clerical,1,2,1-2 Miles,North America,0,51-55,9.09090909090909
S,M,3,No,Partial High School,Clerical,1,2,1-2 Miles,North America,0,51-55,9.09090909090909
S,F,3,No,Partial High School,Clerical,0,2,0-1 Miles,North America,0,46-50,9.09090909090909
S,F,2,No,High School,Skilled Manual,0,2,0-1 Miles,North America,0,51-55,18.1818181818182
M,M,2,No,High School,Skilled Manual,1,2,1-2 Miles,North America,0,51-55,18.1818181818182
M,M,2,Si,Partial High School,Clerical,1,2,1-2 Miles,North America,0,51-55,9.09090909090909
M,F,2,Si,Partial High School,Clerical,1,2,0-1 Miles,North America,0,46-50,9.09090909090909
M,M,2,Si,Partial High School,Clerical,0,2,0-1 Miles,North America,0,51-55,9.09090909090909
S,F,2,Si,Partial High School,Clerical,1,2,1-2 Miles,North America,0,46-50,9.09090909090909
S,M,2,Si,Partial High School,Clerical,1,2,1-2 Miles,North America,0,46-50,9.09090909090909
M,M,2,Si,Partial High School,Clerical,0,2,0-1 Miles,North America,0,51-55,9.09090909090909
M,M,2,Si,Partial High School,Clerical,1,2,0-1 Miles,North America,0,46-50,9.09090909090909
M,M,2,Si,Partial High School,Clerical,0,2,0-1 Miles,North America,0,46-50,9.09090909090909
S,F,2,Si,Partial High School,Clerical,1,2,1-2 Miles,North America,0,51-55,9.09090909090909
S,M,2,No,High School,Skilled Manual,1,2,1-2 Miles,North America,0,51-55,18.1818181818182
M,M,2,No,High School,Skilled Manual,1,2,1-2 Miles,North America,0,41-45,18.1818181818182
S,F,2,No,High School,Skilled Manual,0,2,0-1 Miles,North America,1,51-55,18.1818181818182
M,F,2,No,High School,Skilled Manual,1,2,1-2 Miles,North America,1,41-45,18.1818181818182
M,F,2,No,High School,Skilled Manual,1,2,1-2 Miles,North America,1,51-55,18.1818181818182
M,M,2,No,High School,Skilled Manual,1,2,1-2 Miles,North America,1,51-55,18.1818181818182
S,F,2,No,High School,Skilled Manual,1,2,1-2 Miles,North America,1,51-55,18.1818181818182
M,M,1,No,Partial College,Clerical,1,1,1-2 Miles,North America,1,41-45,27.2727272727273
M,F,2,No,Partial College,Clerical,0,1,0-1 Miles,North America,0,46-50,27.2727272727273
S,M,2,No,Partial College,Clerical,1,1,1-2 Miles,North America,1,46-50,27.2727272727273
S,M,2,No,Partial College,Clerical,0,1,0-1 Miles,North America,0,41-45,27.2727272727273
S,F,2,No,Partial College,Clerical,0,1,1-2 Miles,North America,1,46-50,27.2727272727273
M,F,0,No,Graduate Degree,Skilled Manual,1,0,1-2 Miles,North America,1,29-34,45.4545454545455
M,F,1,No,Graduate Degree,Skilled Manual,1,0,1-2 Miles,North America,0,35-40,27.2727272727273
M,F,1,No,Graduate Degree,Skilled Manual,1,0,1-2 Miles,North America,0,29-34,27.2727272727273
S,F,1,No,Graduate Degree,Skilled Manual,1,0,1-2 Miles,North America,0,35-40,27.2727272727273
M,M,1,No,Graduate Degree,Skilled Manual,1,0,1-2 Miles,North America,0,35-40,45.4545454545455
M,F,1,No,Graduate Degree,Skilled Manual,1,0,1-2 Miles,North America,0,35-40,45.4545454545455
M,F,1,No,Graduate Degree,Skilled Manual,1,0,1-2 Miles,North America,0,35-40,63.6363636363636
M,F,1,No,Graduate Degree,Skilled Manual,1,0,1-2 Miles,North America,0,35-40,63.6363636363636
M,F,1,Si,Bachelors,Skilled Manual,1,0,2-5 Miles,North America,1,35-40,45.4545454545455
M,M,1,No,Graduate Degree,Skilled Manual,1,0,2-5 Miles,North America,1,29-34,45.4545454545455
S,M,1,No,Graduate Degree,Professional,0,0,0-1 Miles,North America,1,35-40,45.4545454545455
S,M,1,No,Graduate Degree,Professional,0,0,0-1 Miles,North America,1,29-34,45.4545454545455
M,M,1,Si,Bachelors,Skilled Manual,1,0,2-5 Miles,North America,1,35-40,27.2727272727273
M,F,1,Si,Bachelors,Skilled Manual,1,0,2-5 Miles,North America,1,35-40,27.2727272727273
M,F,1,Si,Bachelors,Skilled Manual,1,1,2-5 Miles,North America,1,35-40,27.2727272727273
M,F,1,Si,Bachelors,Skilled Manual,1,1,2-5 Miles,North America,1,29-34,27.2727272727273
S,F,1,No,Graduate Degree,Professional,0,0,0-1 Miles,North America,1,35-40,45.4545454545455
S,M,2,Si,Bachelors,Skilled Manual,0,0,0-1 Miles,North America,1,35-40,45.4545454545455
M,F,2,Si,Bachelors,Skilled Manual,1,0,2-5 Miles,North America,1,41-45,45.4545454545455
M,F,2,Si,Bachelors,Skilled Manual,1,0,2-5 Miles,North America,1,35-40,45.4545454545455
S,F,2,Si,Bachelors,Skilled Manual,0,0,0-1 Miles,North America,1,41-45,45.4545454545455
S,M,2,Si,Bachelors,Skilled Manual,1,0,2-5 Miles,North America,1,35-40,45.4545454545455
M,M,1,No,Graduate Degree,Professional,1,0,2-5 Miles,North America,1,29-34,45.4545454545455
M,M,1,No,Graduate Degree,Professional,1,0,2-5 Miles,North America,1,35-40,45.4545454545455
S,F,1,No,Graduate Degree,Professional,1,0,2-5 Miles,North America,1,29-34,45.4545454545455
S,M,3,No,Graduate Degree,Professional,0,0,0-1 Miles,North America,1,35-40,63.6363636363636
M,M,3,No,Graduate Degree,Professional,1,0,2-5 Miles,North America,1,35-40,63.6363636363636
S,M,3,No,Graduate Degree,Professional,0,0,0-1 Miles,North America,1,35-40,63.6363636363636
M,M,3,No,Graduate Degree,Professional,1,0,2-5 Miles,North America,1,29-34,63.6363636363636
M,M,1,No,Graduate Degree,Professional,1,0,0-1 Miles,North America,1,35-40,72.7272727272727
M,M,1,No,Graduate Degree,Professional,0,0,0-1 Miles,North America,1,29-34,72.7272727272727
M,F,1,No,Graduate Degree,Professional,1,0,2-5 Miles,North America,1,35-40,45.4545454545455
S,F,1,No,Graduate Degree,Professional,0,0,0-1 Miles,North America,1,35-40,45.4545454545455
S,M,2,Si,Bachelors,Skilled Manual,1,0,2-5 Miles,North America,1,41-45,63.6363636363636
M,M,2,Si,Bachelors,Skilled Manual,1,1,2-5 Miles,North America,1,41-45,63.6363636363636
M,F,2,Si,Bachelors,Skilled Manual,1,1,2-5 Miles,North America,1,41-45,63.6363636363636
S,M,2,Si,Bachelors,Skilled Manual,0,1,0-1 Miles,North America,1,41-45,63.6363636363636
M,F,2,Si,Bachelors,Skilled Manual,1,1,2-5 Miles,North America,1,41-45,63.6363636363636
S,M,2,Si,Bachelors,Skilled Manual,0,1,0-1 Miles,North America,1,35-40,63.6363636363636
S,F,2,Si,Bachelors,Skilled Manual,0,1,0-1 Miles,North America,1,35-40,63.6363636363636
S,F,0,No,Bachelors,Professional,0,1,2-5 Miles,North America,1,41-45,27.2727272727273
S,M,2,No,Graduate Degree,Professional,1,0,2-5 Miles,North America,1,35-40,45.4545454545455
S,F,2,No,Graduate Degree,Professional,0,0,0-1 Miles,North America,1,35-40,45.4545454545455
M,F,4,No,Graduate Degree,Professional,1,0,2-5 Miles,North America,1,35-40,63.6363636363636
S,M,4,No,Graduate Degree,Professional,0,0,0-1 Miles,North America,1,35-40,63.6363636363636
M,M,3,No,Partial High School,Clerical,0,2,0-1 Miles,North America,0,65+,9.09090909090909
S,F,2,Si,Bachelors,Skilled Manual,0,1,0-1 Miles,North America,1,41-45,45.4545454545455
S,F,2,Si,Bachelors,Skilled Manual,0,1,0-1 Miles,North America,1,41-45,45.4545454545455
S,M,2,Si,Bachelors,Skilled Manual,0,1,0-1 Miles,North America,1,41-45,45.4545454545455
M,F,2,Si,Bachelors,Skilled Manual,1,1,2-5 Miles,North America,1,29-34,45.4545454545455
S,M,2,Si,Bachelors,Skilled Manual,1,1,2-5 Miles,North America,1,41-45,45.4545454545455
M,M,3,Si,Bachelors,Skilled Manual,1,0,2-5 Miles,North America,0,35-40,72.7272727272727
S,M,3,Si,Bachelors,Skilled Manual,0,1,0-1 Miles,North America,1,35-40,72.7272727272727
S,M,0,No,Graduate Degree,Professional,0,0,0-1 Miles,North America,0,41-45,63.6363636363636
S,M,0,No,Graduate Degree,Professional,1,0,2-5 Miles,North America,1,35-40,63.6363636363636
S,M,4,No,Graduate Degree,Professional,1,0,2-5 Miles,North America,1,41-45,63.6363636363636
M,M,5,No,Graduate Degree,Professional,1,0,2-5 Miles,North America,1,29-34,63.6363636363636
S,F,5,Si,Graduate Degree,Professional,1,2,2-5 Miles,North America,0,35-40,63.6363636363636
S,F,2,No,Graduate Degree,Professional,1,0,0-1 Miles,North America,1,35-40,72.7272727272727
M,F,3,No,Graduate Degree,Professional,1,0,0-1 Miles,North America,1,35-40,72.7272727272727
S,F,0,No,Bachelors,Professional,0,1,2-5 Miles,North America,0,41-45,27.2727272727273
S,F,0,No,Bachelors,Professional,0,1,0-1 Miles,North America,1,41-45,27.2727272727273
S,M,0,No,Bachelors,Professional,0,1,2-5 Miles,North America,0,41-45,27.2727272727273
S,M,3,Si,Bachelors,Skilled Manual,0,1,0-1 Miles,North America,0,41-45,45.4545454545455
M,F,3,Si,Bachelors,Skilled Manual,1,1,2-5 Miles,North America,0,41-45,45.4545454545455
S,F,3,Si,Bachelors,Skilled Manual,1,2,2-5 Miles,North America,1,41-45,45.4545454545455
M,M,3,Si,Bachelors,Skilled Manual,1,2,2-5 Miles,North America,0,41-45,45.4545454545455
S,F,3,Si,Bachelors,Skilled Manual,0,2,0-1 Miles,North America,0,29-34,45.4545454545455
M,F,3,Si,Bachelors,Skilled Manual,1,3,10+ Miles,North America,0,41-45,45.4545454545455
M,M,3,Si,Bachelors,Skilled Manual,1,3,10+ Miles,North America,0,41-45,45.4545454545455
M,F,4,Si,Bachelors,Skilled Manual,1,1,2-5 Miles,North America,0,41-45,45.4545454545455
M,M,0,No,Graduate Degree,Clerical,1,0,0-1 Miles,Europe,1,41-45,27.2727272727273
M,F,0,No,Graduate Degree,Clerical,1,0,0-1 Miles,Europe,1,41-45,27.2727272727273
S,F,0,No,Graduate Degree,Clerical,1,0,0-1 Miles,Europe,1,41-45,27.2727272727273
M,F,0,No,Graduate Degree,Clerical,1,0,0-1 Miles,Europe,1,41-45,27.2727272727273
M,F,0,No,Graduate Degree,Clerical,1,0,0-1 Miles,Europe,1,41-45,27.2727272727273
M,M,0,No,Bachelors,Clerical,1,0,0-1 Miles,Europe,1,41-45,27.2727272727273
S,M,0,No,Bachelors,Clerical,0,0,0-1 Miles,Europe,1,35-40,27.2727272727273
S,M,4,Si,Partial High School,Manual,1,0,0-1 Miles,Europe,1,35-40,9.09090909090909
S,M,1,Si,Partial College,Manual,1,1,2-5 Miles,Europe,1,41-45,9.09090909090909
S,M,1,Si,Partial College,Manual,0,1,1-2 Miles,Europe,1,41-45,9.09090909090909
M,F,1,Si,Bachelors,Clerical,1,0,2-5 Miles,Europe,1,35-40,18.1818181818182
S,M,1,Si,Bachelors,Clerical,0,0,0-1 Miles,Europe,1,35-40,18.1818181818182
S,M,1,Si,Bachelors,Clerical,0,1,0-1 Miles,Europe,1,41-45,18.1818181818182
M,M,4,Si,Partial High School,Manual,1,0,0-1 Miles,Europe,1,29-34,9.09090909090909
M,M,5,Si,Partial High School,Manual,1,2,0-1 Miles,Europe,0,41-45,9.09090909090909
S,M,5,Si,Partial High School,Manual,1,1,0-1 Miles,Europe,1,41-45,9.09090909090909
M,M,1,Si,High School,Manual,0,1,1-2 Miles,Europe,1,41-45,9.09090909090909
M,M,1,Si,High School,Manual,1,1,2-5 Miles,Europe,1,29-34,9.09090909090909
M,F,2,Si,High School,Manual,1,0,0-1 Miles,Europe,1,41-45,9.09090909090909
S,M,0,No,Bachelors,Clerical,1,0,0-1 Miles,Europe,1,35-40,27.2727272727273
S,M,0,No,Bachelors,Clerical,0,0,0-1 Miles,Europe,1,41-45,27.2727272727273
S,M,2,Si,High School,Manual,1,0,0-1 Miles,Europe,1,41-45,9.09090909090909
M,M,2,Si,High School,Manual,1,0,0-1 Miles,Europe,1,41-45,9.09090909090909
M,F,2,Si,High School,Manual,1,0,0-1 Miles,Europe,1,41-45,9.09090909090909
S,F,4,Si,Partial High School,Manual,0,2,0-1 Miles,Europe,0,41-45,9.09090909090909
M,M,2,Si,High School,Manual,1,0,0-1 Miles,Europe,1,35-40,9.09090909090909
M,F,2,Si,High School,Manual,1,1,0-1 Miles,Europe,1,41-45,9.09090909090909
M,F,2,Si,High School,Manual,1,1,0-1 Miles,Europe,0,41-45,9.09090909090909
M,M,2,Si,High School,Manual,1,1,0-1 Miles,Europe,0,29-34,9.09090909090909
M,M,2,Si,High School,Manual,1,2,0-1 Miles,Europe,0,41-45,9.09090909090909
M,M,1,Si,Bachelors,Skilled Manual,1,2,0-1 Miles,Europe,0,35-40,18.1818181818182
M,F,1,Si,Bachelors,Skilled Manual,1,2,0-1 Miles,Europe,0,41-45,18.1818181818182
M,M,4,Si,Partial High School,Manual,1,2,0-1 Miles,Europe,0,41-45,9.09090909090909
M,F,3,Si,Partial High School,Manual,1,2,0-1 Miles,Europe,0,46-50,9.09090909090909
M,F,2,Si,High School,Manual,1,2,0-1 Miles,Europe,0,46-50,9.09090909090909
M,F,1,No,Bachelors,Skilled Manual,1,1,2-5 Miles,Europe,0,65+,18.1818181818182
M,F,0,No,Bachelors,Professional,0,0,0-1 Miles,Europe,1,41-45,27.2727272727273
M,M,0,No,Bachelors,Professional,0,0,0-1 Miles,Europe,1,41-45,27.2727272727273
S,M,0,No,Bachelors,Professional,0,0,0-1 Miles,Europe,1,41-45,27.2727272727273
S,M,0,No,Graduate Degree,Skilled Manual,0,0,0-1 Miles,Europe,1,29-34,72.7272727272727
S,M,1,No,Partial College,Clerical,1,1,2-5 Miles,Europe,0,46-50,18.1818181818182
S,M,2,No,Partial College,Clerical,0,1,2-5 Miles,Europe,0,65+,9.09090909090909
M,F,2,Si,Partial College,Clerical,1,0,0-1 Miles,Europe,1,35-40,18.1818181818182
M,M,2,Si,Partial College,Clerical,1,1,0-1 Miles,Europe,1,35-40,18.1818181818182
S,M,2,Si,Partial College,Clerical,1,1,0-1 Miles,Europe,1,35-40,18.1818181818182
M,F,2,Si,Partial College,Clerical,1,2,0-1 Miles,Europe,0,41-45,18.1818181818182
M,F,1,No,Bachelors,Skilled Manual,1,0,0-1 Miles,Europe,1,41-45,27.2727272727273
M,M,1,No,Bachelors,Skilled Manual,1,0,0-1 Miles,Europe,1,41-45,27.2727272727273
M,M,2,Si,Partial College,Clerical,1,2,0-1 Miles,Europe,0,41-45,18.1818181818182
S,F,2,Si,Partial College,Clerical,1,2,0-1 Miles,Europe,0,46-50,18.1818181818182
M,F,1,No,Bachelors,Skilled Manual,0,0,0-1 Miles,Europe,1,35-40,27.2727272727273
M,M,1,No,Bachelors,Skilled Manual,1,0,0-1 Miles,Europe,1,41-45,27.2727272727273
M,M,2,Si,Partial College,Clerical,1,2,0-1 Miles,Europe,0,46-50,18.1818181818182
M,F,2,Si,Partial College,Clerical,1,2,0-1 Miles,Europe,0,35-40,18.1818181818182
M,F,2,Si,Partial College,Clerical,1,2,0-1 Miles,Europe,0,46-50,18.1818181818182
M,M,1,No,Bachelors,Skilled Manual,0,0,0-1 Miles,Europe,1,46-50,27.2727272727273
M,M,1,No,Bachelors,Skilled Manual,1,0,0-1 Miles,Europe,1,46-50,27.2727272727273
M,F,3,Si,Partial College,Clerical,1,2,0-1 Miles,Europe,0,29-34,18.1818181818182
S,F,3,Si,Partial College,Clerical,1,2,0-1 Miles,Europe,1,29-34,18.1818181818182
M,M,1,No,Bachelors,Skilled Manual,1,0,0-1 Miles,Europe,1,41-45,27.2727272727273
M,F,1,No,Bachelors,Skilled Manual,1,0,0-1 Miles,Europe,1,46-50,27.2727272727273
S,M,1,No,Partial College,Clerical,0,1,2-5 Miles,Europe,0,46-50,18.1818181818182
S,M,3,Si,Partial College,Clerical,1,2,0-1 Miles,Europe,1,29-34,18.1818181818182
M,M,4,Si,Partial College,Clerical,1,3,0-1 Miles,Europe,0,29-34,18.1818181818182
M,F,5,Si,Partial College,Clerical,1,1,0-1 Miles,Europe,1,29-34,18.1818181818182
S,F,5,Si,Partial College,Clerical,0,3,0-1 Miles,Europe,0,29-34,18.1818181818182
S,F,0,No,Partial College,Clerical,0,1,0-1 Miles,Europe,1,29-34,18.1818181818182
S,M,0,No,Partial College,Clerical,0,1,2-5 Miles,Europe,0,29-34,18.1818181818182
S,M,0,No,Partial College,Clerical,0,1,0-1 Miles,Europe,1,29-34,18.1818181818182
S,F,0,No,Partial College,Clerical,0,1,0-1 Miles,Europe,1,29-34,18.1818181818182
S,M,0,No,High School,Manual,0,1,2-5 Miles,Europe,0,29-34,9.09090909090909
S,F,0,No,High School,Manual,1,1,2-5 Miles,Europe,0,29-34,9.09090909090909
S,M,0,No,High School,Manual,0,1,2-5 Miles,Europe,0,29-34,9.09090909090909
S,F,0,No,High School,Manual,0,1,5-10 Miles,Europe,0,29-34,9.09090909090909
S,F,0,No,Partial High School,Manual,1,2,0-1 Miles,Europe,0,29-34,9.09090909090909
S,F,0,No,High School,Manual,0,1,1-2 Miles,Europe,0,29-34,9.09090909090909
S,M,0,No,High School,Manual,0,1,5-10 Miles,Europe,0,29-34,9.09090909090909
S,F,0,No,High School,Manual,0,1,2-5 Miles,Europe,0,29-34,9.09090909090909
S,F,0,No,High School,Manual,0,1,2-5 Miles,Europe,0,29-34,9.09090909090909
S,M,0,No,Partial High School,Manual,1,1,2-5 Miles,Europe,0,29-34,9.09090909090909
S,F,0,No,Partial College,Clerical,0,1,0-1 Miles,Europe,1,29-34,18.1818181818182
S,M,0,No,Partial High School,Manual,0,1,5-10 Miles,Europe,0,29-34,9.09090909090909
M,M,0,No,Partial High School,Manual,0,2,0-1 Miles,Europe,0,35-40,9.09090909090909
M,F,0,No,Partial College,Clerical,0,1,0-1 Miles,Europe,1,29-34,18.1818181818182
S,M,0,No,Partial College,Clerical,0,1,0-1 Miles,Europe,0,29-34,18.1818181818182
S,M,2,No,Partial High School,Manual,0,2,0-1 Miles,Europe,0,65+,9.09090909090909
S,F,0,No,Partial College,Clerical,0,1,2-5 Miles,Europe,1,35-40,18.1818181818182
S,M,1,No,Graduate Degree,Manual,1,0,0-1 Miles,Europe,0,46-50,9.09090909090909
S,M,1,No,Graduate Degree,Manual,0,0,0-1 Miles,Europe,0,46-50,9.09090909090909
M,F,5,No,Graduate Degree,Clerical,0,0,0-1 Miles,Europe,1,35-40,18.1818181818182
S,M,5,No,Graduate Degree,Clerical,1,0,0-1 Miles,Europe,1,46-50,18.1818181818182
S,F,1,No,Bachelors,Manual,0,0,0-1 Miles,Europe,0,46-50,9.09090909090909
M,M,1,No,Graduate Degree,Clerical,0,0,0-1 Miles,Europe,0,65+,9.09090909090909
S,F,1,No,Graduate Degree,Clerical,1,0,0-1 Miles,Europe,0,65+,9.09090909090909
S,F,1,No,Graduate Degree,Clerical,1,0,0-1 Miles,Europe,0,65+,9.09090909090909
S,M,1,No,Graduate Degree,Clerical,0,0,0-1 Miles,Europe,0,65+,9.09090909090909
S,M,5,No,Graduate Degree,Clerical,1,0,0-1 Miles,Europe,1,46-50,18.1818181818182
M,M,5,No,Graduate Degree,Clerical,1,0,0-1 Miles,Europe,1,46-50,18.1818181818182
M,M,4,No,Graduate Degree,Clerical,1,0,0-1 Miles,Europe,1,41-45,18.1818181818182
M,M,1,No,Bachelors,Manual,0,0,0-1 Miles,Europe,0,46-50,9.09090909090909
S,M,1,No,Bachelors,Manual,0,0,0-1 Miles,Europe,0,51-55,9.09090909090909
M,M,2,No,Partial College,Manual,1,0,0-1 Miles,Europe,0,46-50,9.09090909090909
S,M,1,No,Bachelors,Clerical,0,0,0-1 Miles,Europe,0,41-45,9.09090909090909
S,F,2,No,Partial College,Manual,0,0,0-1 Miles,Europe,0,51-55,9.09090909090909
S,F,2,No,Partial College,Manual,1,1,0-1 Miles,Europe,1,56-65,9.09090909090909
S,F,1,No,Bachelors,Clerical,0,0,0-1 Miles,Europe,0,65+,9.09090909090909
S,F,1,No,Bachelors,Clerical,1,0,0-1 Miles,Europe,1,65+,9.09090909090909
S,F,2,No,Partial College,Manual,0,1,0-1 Miles,Europe,0,65+,9.09090909090909
M,F,1,No,Partial College,Manual,1,0,0-1 Miles,Europe,1,65+,9.09090909090909
M,M,1,No,Partial College,Manual,0,0,0-1 Miles,Europe,0,65+,9.09090909090909
S,F,1,No,Bachelors,Clerical,1,0,0-1 Miles,Europe,1,65+,18.1818181818182
M,M,1,No,Bachelors,Clerical,1,0,0-1 Miles,Europe,1,65+,18.1818181818182
S,M,3,No,Partial College,Manual,0,1,2-5 Miles,Europe,0,65+,9.09090909090909
M,F,0,No,Partial College,Manual,0,1,0-1 Miles,Pacific,1,29-34,9.09090909090909
S,F,0,No,Partial College,Manual,1,1,1-2 Miles,Pacific,1,29-34,9.09090909090909
M,M,0,No,Partial College,Manual,1,1,2-5 Miles,Pacific,1,29-34,9.09090909090909
S,M,0,No,Partial College,Manual,1,1,1-2 Miles,Pacific,1,29-34,9.09090909090909
S,M,0,No,Bachelors,Clerical,1,0,0-1 Miles,Pacific,1,29-34,9.09090909090909
M,F,0,No,Partial College,Manual,1,1,2-5 Miles,Pacific,1,29-34,9.09090909090909
S,M,0,No,High School,Manual,0,2,0-1 Miles,Pacific,1,29-34,9.09090909090909
M,F,0,No,Bachelors,Clerical,1,0,0-1 Miles,Pacific,1,29-34,9.09090909090909
S,F,0,No,Bachelors,Clerical,0,0,0-1 Miles,Pacific,1,29-34,9.09090909090909
S,M,1,Si,High School,Manual,1,0,2-5 Miles,Pacific,1,29-34,9.09090909090909
S,M,1,Si,High School,Manual,0,0,1-2 Miles,Pacific,1,29-34,9.09090909090909
M,F,0,No,Partial College,Manual,1,0,0-1 Miles,Pacific,1,29-34,9.09090909090909
S,M,0,No,Partial College,Manual,0,0,0-1 Miles,Pacific,1,29-34,9.09090909090909
M,F,0,No,Partial College,Manual,1,0,0-1 Miles,Pacific,1,29-34,9.09090909090909
S,M,3,No,Partial College,Manual,0,2,0-1 Miles,Europe,0,56-65,9.09090909090909
S,F,1,No,Partial College,Manual,1,0,1-2 Miles,Europe,0,65+,9.09090909090909
S,M,1,No,Bachelors,Clerical,0,0,0-1 Miles,Europe,1,65+,18.1818181818182
S,M,1,No,Bachelors,Clerical,0,0,0-1 Miles,Europe,1,65+,18.1818181818182
M,F,1,No,Bachelors,Clerical,1,0,0-1 Miles,Europe,1,65+,18.1818181818182
S,M,4,No,Graduate Degree,Clerical,0,0,0-1 Miles,Europe,1,46-50,18.1818181818182
S,M,4,No,Graduate Degree,Clerical,0,0,0-1 Miles,Europe,1,46-50,18.1818181818182
S,F,3,No,Graduate Degree,Clerical,0,0,0-1 Miles,Europe,1,46-50,18.1818181818182
S,M,3,No,Graduate Degree,Clerical,1,0,0-1 Miles,Europe,1,41-45,18.1818181818182
M,F,3,No,Graduate Degree,Clerical,1,0,0-1 Miles,Europe,1,46-50,18.1818181818182
M,M,1,Si,High School,Manual,0,1,1-2 Miles,Europe,0,46-50,9.09090909090909
M,F,1,Si,High School,Manual,1,1,2-5 Miles,Europe,0,46-50,9.09090909090909
S,F,1,Si,Partial College,Manual,1,0,1-2 Miles,Europe,0,46-50,9.09090909090909
M,M,1,Si,Partial College,Manual,0,0,0-1 Miles,Europe,1,46-50,9.09090909090909
S,F,2,No,Partial College,Manual,0,1,0-1 Miles,Europe,1,51-55,9.09090909090909
M,F,3,No,Graduate Degree,Clerical,1,0,0-1 Miles,Europe,1,46-50,18.1818181818182
M,M,3,No,Graduate Degree,Clerical,1,0,0-1 Miles,Europe,1,46-50,18.1818181818182
S,F,1,No,Graduate Degree,Clerical,1,0,0-1 Miles,Europe,1,51-55,18.1818181818182
M,M,3,No,Bachelors,Clerical,1,0,0-1 Miles,Europe,1,46-50,18.1818181818182
S,M,3,No,Bachelors,Clerical,1,0,0-1 Miles,Europe,1,46-50,18.1818181818182
S,F,0,No,Bachelors,Clerical,1,0,0-1 Miles,Europe,1,41-45,18.1818181818182
S,F,0,No,Partial College,Manual,0,1,2-5 Miles,Europe,1,35-40,9.09090909090909
S,M,0,No,Partial College,Manual,1,1,2-5 Miles,Europe,1,35-40,9.09090909090909
S,F,2,Si,High School,Manual,0,0,0-1 Miles,Europe,0,29-34,9.09090909090909
M,M,2,Si,High School,Manual,1,0,0-1 Miles,Europe,1,29-34,9.09090909090909
M,F,0,No,Bachelors,Clerical,1,0,0-1 Miles,Europe,1,35-40,18.1818181818182
S,M,0,No,Bachelors,Clerical,0,0,0-1 Miles,Europe,1,35-40,18.1818181818182
M,F,0,No,Bachelors,Clerical,0,0,0-1 Miles,Europe,1,35-40,18.1818181818182
S,M,0,No,Bachelors,Clerical,0,0,0-1 Miles,Europe,1,35-40,18.1818181818182
M,F,0,No,Graduate Degree,Clerical,1,0,0-1 Miles,Europe,1,35-40,27.2727272727273
S,M,2,Si,High School,Manual,1,1,0-1 Miles,Europe,1,35-40,9.09090909090909
M,M,0,No,Bachelors,Clerical,1,0,0-1 Miles,Europe,1,41-45,18.1818181818182
S,F,1,No,Bachelors,Clerical,0,0,0-1 Miles,Europe,1,35-40,18.1818181818182
S,M,0,No,Graduate Degree,Skilled Manual,1,0,0-1 Miles,Europe,1,41-45,45.4545454545455
S,F,0,No,Graduate Degree,Skilled Manual,1,0,0-1 Miles,Europe,1,35-40,45.4545454545455
S,M,0,No,Graduate Degree,Skilled Manual,0,0,0-1 Miles,Europe,1,41-45,45.4545454545455
S,F,2,No,Partial College,Manual,0,1,0-1 Miles,Europe,1,56-65,9.09090909090909
S,F,2,No,Partial College,Manual,1,1,2-5 Miles,Europe,1,56-65,9.09090909090909
S,F,2,No,Partial College,Manual,0,1,0-1 Miles,Europe,1,46-50,9.09090909090909
S,F,2,No,Partial College,Manual,0,1,2-5 Miles,Europe,1,56-65,9.09090909090909
S,F,2,No,Partial College,Manual,0,1,2-5 Miles,Europe,1,56-65,9.09090909090909
S,F,2,Si,High School,Manual,1,1,0-1 Miles,Europe,1,35-40,9.09090909090909
S,F,3,Si,High School,Manual,1,0,0-1 Miles,Europe,1,35-40,9.09090909090909
S,M,1,Si,Partial College,Manual,0,0,0-1 Miles,Europe,1,41-45,9.09090909090909
M,M,1,Si,Partial College,Manual,1,0,2-5 Miles,Europe,1,41-45,9.09090909090909
M,F,1,Si,Partial College,Manual,1,1,2-5 Miles,Europe,1,41-45,9.09090909090909
M,F,1,No,Bachelors,Clerical,1,0,1-2 Miles,Europe,1,41-45,18.1818181818182
M,M,1,No,Bachelors,Clerical,1,0,1-2 Miles,Europe,1,41-45,18.1818181818182
M,M,1,No,Bachelors,Clerical,1,0,1-2 Miles,Europe,1,35-40,18.1818181818182
M,M,1,No,Bachelors,Clerical,0,0,0-1 Miles,Europe,1,41-45,18.1818181818182
M,M,1,No,Bachelors,Clerical,1,0,2-5 Miles,Europe,1,29-34,18.1818181818182
M,M,4,Si,Bachelors,Management,1,1,1-2 Miles,North America,0,41-45,81.8181818181818
M,M,4,Si,Bachelors,Management,1,1,0-1 Miles,North America,0,41-45,81.8181818181818
S,F,2,No,Bachelors,Management,1,2,1-2 Miles,North America,1,35-40,81.8181818181818
M,F,2,No,Bachelors,Management,1,2,1-2 Miles,North America,1,35-40,81.8181818181818
M,F,3,No,Bachelors,Management,1,3,1-2 Miles,North America,0,41-45,81.8181818181818
M,F,3,Si,Partial High School,Manual,1,1,0-1 Miles,Europe,1,41-45,9.09090909090909
M,F,3,Si,Partial High School,Manual,1,1,0-1 Miles,Europe,1,35-40,9.09090909090909
M,M,2,Si,High School,Manual,1,2,0-1 Miles,Europe,0,46-50,9.09090909090909
M,F,3,Si,High School,Manual,1,0,0-1 Miles,Europe,0,35-40,9.09090909090909
M,M,3,Si,Partial High School,Manual,1,2,0-1 Miles,Europe,0,35-40,9.09090909090909
M,F,3,Si,Partial High School,Manual,1,2,0-1 Miles,Europe,0,46-50,9.09090909090909
S,F,3,Si,High School,Manual,0,2,0-1 Miles,Europe,0,41-45,9.09090909090909
S,M,2,No,Partial College,Manual,0,1,2-5 Miles,Europe,0,65+,9.09090909090909
M,F,1,No,Bachelors,Skilled Manual,1,1,2-5 Miles,Europe,0,65+,18.1818181818182
S,F,0,No,Bachelors,Professional,0,0,0-1 Miles,Europe,1,35-40,27.2727272727273
M,M,0,No,Bachelors,Professional,0,0,0-1 Miles,Europe,1,41-45,27.2727272727273
S,M,0,No,Bachelors,Professional,0,0,0-1 Miles,Europe,1,35-40,27.2727272727273
M,F,0,No,Graduate Degree,Skilled Manual,1,0,0-1 Miles,Europe,1,35-40,72.7272727272727
S,M,2,Si,Partial College,Clerical,0,0,0-1 Miles,Europe,0,41-45,18.1818181818182
M,M,2,Si,Partial College,Clerical,1,1,0-1 Miles,Europe,1,41-45,18.1818181818182
S,F,2,Si,Partial College,Clerical,1,1,0-1 Miles,Europe,1,29-34,18.1818181818182
M,F,1,No,Bachelors,Skilled Manual,1,0,0-1 Miles,Europe,1,41-45,27.2727272727273
M,M,1,No,Bachelors,Skilled Manual,1,0,0-1 Miles,Europe,1,41-45,27.2727272727273
M,M,2,Si,Partial College,Clerical,1,2,0-1 Miles,Europe,0,29-34,18.1818181818182
M,M,2,Si,Partial College,Clerical,1,2,0-1 Miles,Europe,0,35-40,18.1818181818182
S,M,2,Si,Partial College,Clerical,1,2,0-1 Miles,Europe,0,29-34,18.1818181818182
M,M,1,No,Bachelors,Skilled Manual,1,0,0-1 Miles,Europe,1,29-34,27.2727272727273
M,F,1,No,Bachelors,Skilled Manual,1,0,0-1 Miles,Europe,1,35-40,27.2727272727273
M,F,2,Si,Partial College,Clerical,1,3,0-1 Miles,Europe,0,35-40,18.1818181818182
S,F,3,Si,Partial College,Clerical,1,0,0-1 Miles,Europe,1,46-50,18.1818181818182
M,F,3,Si,Partial College,Clerical,1,0,0-1 Miles,Europe,0,41-45,18.1818181818182
M,M,1,No,Bachelors,Skilled Manual,0,0,0-1 Miles,Europe,1,46-50,27.2727272727273
S,F,0,No,High School,Manual,0,1,1-2 Miles,Europe,0,29-34,9.09090909090909
S,M,0,No,High School,Manual,0,1,1-2 Miles,Europe,0,29-34,9.09090909090909
M,F,4,Si,High School,Manual,1,2,0-1 Miles,Europe,0,29-34,9.09090909090909
M,F,1,No,Bachelors,Skilled Manual,1,0,0-1 Miles,Europe,1,41-45,27.2727272727273
M,F,1,No,Bachelors,Skilled Manual,1,0,0-1 Miles,Europe,1,46-50,27.2727272727273
M,F,1,No,Bachelors,Skilled Manual,1,0,0-1 Miles,Europe,1,46-50,27.2727272727273
M,M,1,No,Bachelors,Skilled Manual,0,0,0-1 Miles,Europe,1,46-50,27.2727272727273
M,M,1,No,Bachelors,Skilled Manual,1,1,0-1 Miles,Europe,1,46-50,27.2727272727273
M,M,1,No,Bachelors,Skilled Manual,1,1,0-1 Miles,Europe,1,46-50,27.2727272727273
M,M,1,No,Bachelors,Skilled Manual,1,1,0-1 Miles,Europe,1,46-50,27.2727272727273
M,M,3,Si,Partial College,Clerical,1,2,0-1 Miles,Europe,0,29-34,18.1818181818182
M,M,3,Si,Partial College,Clerical,1,2,0-1 Miles,Europe,0,29-34,18.1818181818182
M,M,4,Si,Partial College,Clerical,1,1,0-1 Miles,Europe,0,29-34,18.1818181818182
S,F,0,No,High School,Manual,0,1,1-2 Miles,Europe,0,29-34,9.09090909090909
M,M,5,Si,Partial College,Clerical,1,3,0-1 Miles,Europe,0,29-34,18.1818181818182
S,F,0,No,Partial College,Clerical,0,1,2-5 Miles,Europe,0,29-34,18.1818181818182
S,F,0,No,Partial College,Clerical,1,1,2-5 Miles,Europe,0,29-34,18.1818181818182
S,F,0,No,Partial College,Clerical,0,1,2-5 Miles,Europe,0,29-34,18.1818181818182
S,F,0,No,High School,Manual,0,1,1-2 Miles,Europe,0,29-34,9.09090909090909
S,M,0,No,High School,Manual,0,1,1-2 Miles,Europe,0,29-34,9.09090909090909
S,F,0,No,Partial High School,Manual,1,2,0-1 Miles,Europe,0,29-34,9.09090909090909
S,M,0,No,High School,Manual,1,1,2-5 Miles,Europe,0,29-34,9.09090909090909
S,M,0,No,Partial College,Clerical,0,1,0-1 Miles,Europe,1,29-34,18.1818181818182
S,M,0,No,Partial College,Clerical,0,1,0-1 Miles,Europe,1,29-34,18.1818181818182
S,F,0,No,Partial College,Clerical,1,1,2-5 Miles,Europe,0,29-34,18.1818181818182
M,F,0,No,Partial High School,Manual,1,2,1-2 Miles,Europe,0,35-40,9.09090909090909
S,F,0,No,Partial High School,Manual,0,2,0-1 Miles,Europe,0,35-40,9.09090909090909
S,F,0,No,Partial College,Clerical,0,1,2-5 Miles,Europe,0,29-34,18.1818181818182
S,M,0,No,Partial College,Clerical,0,1,2-5 Miles,Europe,0,29-34,18.1818181818182
S,F,0,No,Partial College,Clerical,0,1,2-5 Miles,Europe,1,35-40,18.1818181818182
M,F,0,No,Partial High School,Manual,1,2,1-2 Miles,Europe,0,29-34,9.09090909090909
S,F,0,No,Graduate Degree,Manual,0,0,0-1 Miles,Europe,1,35-40,9.09090909090909
S,M,1,No,Graduate Degree,Manual,0,0,0-1 Miles,Europe,0,46-50,9.09090909090909
M,F,1,No,Bachelors,Manual,1,0,0-1 Miles,Europe,0,46-50,9.09090909090909
S,F,1,No,Graduate Degree,Manual,0,0,0-1 Miles,Europe,0,29-34,9.09090909090909
S,F,1,No,Bachelors,Manual,0,0,0-1 Miles,Europe,0,46-50,9.09090909090909
S,M,1,No,Bachelors,Manual,1,0,0-1 Miles,Europe,0,46-50,9.09090909090909
S,F,1,No,Graduate Degree,Clerical,1,0,0-1 Miles,Europe,0,46-50,9.09090909090909
M,M,1,No,Graduate Degree,Clerical,1,0,0-1 Miles,Europe,0,41-45,9.09090909090909
M,M,1,No,Graduate Degree,Clerical,0,0,0-1 Miles,Europe,0,46-50,9.09090909090909
M,M,1,No,Graduate Degree,Clerical,1,0,0-1 Miles,Europe,0,65+,18.1818181818182
S,F,5,No,Graduate Degree,Clerical,1,0,0-1 Miles,Europe,1,46-50,18.1818181818182
S,F,4,No,Graduate Degree,Clerical,1,0,0-1 Miles,Europe,1,35-40,18.1818181818182
S,F,1,No,Bachelors,Manual,0,0,0-1 Miles,Europe,0,51-55,9.09090909090909
M,M,1,No,Partial College,Manual,1,0,0-1 Miles,Europe,0,51-55,9.09090909090909
S,M,2,No,Partial College,Manual,0,0,0-1 Miles,Europe,0,51-55,9.09090909090909
M,F,2,No,Partial College,Manual,1,0,1-2 Miles,Europe,0,51-55,9.09090909090909
S,M,2,No,Partial College,Manual,1,0,0-1 Miles,Europe,0,51-55,9.09090909090909
S,F,2,No,Partial College,Manual,1,1,0-1 Miles,Europe,1,51-55,9.09090909090909
M,M,1,No,Bachelors,Clerical,1,0,0-1 Miles,Europe,1,65+,9.09090909090909
S,F,1,No,Partial College,Manual,1,0,0-1 Miles,Europe,1,65+,9.09090909090909
M,F,1,No,Bachelors,Clerical,1,0,0-1 Miles,Europe,1,65+,18.1818181818182
S,M,0,No,Partial College,Manual,1,1,1-2 Miles,Pacific,1,29-34,9.09090909090909
S,M,0,No,Partial College,Manual,1,1,2-5 Miles,Pacific,1,29-34,9.09090909090909
S,M,0,No,Partial College,Manual,0,1,0-1 Miles,Pacific,1,29-34,9.09090909090909
M,M,0,No,Partial College,Manual,1,1,2-5 Miles,Pacific,1,29-34,9.09090909090909
S,F,0,No,Partial College,Manual,0,1,0-1 Miles,Pacific,1,29-34,9.09090909090909
M,F,1,Si,High School,Manual,1,0,2-5 Miles,Pacific,1,29-34,9.09090909090909
M,F,0,No,Bachelors,Clerical,0,0,0-1 Miles,Pacific,1,29-34,9.09090909090909
S,M,0,No,Bachelors,Clerical,0,0,0-1 Miles,Pacific,1,29-34,9.09090909090909
S,M,0,No,Bachelors,Clerical,1,0,0-1 Miles,Pacific,1,29-34,9.09090909090909
S,F,0,No,Bachelors,Clerical,1,0,0-1 Miles,Pacific,1,29-34,9.09090909090909
S,M,0,No,Bachelors,Clerical,1,0,0-1 Miles,Pacific,1,29-34,9.09090909090909
S,F,0,No,Bachelors,Clerical,0,0,0-1 Miles,Pacific,1,29-34,9.09090909090909
S,M,0,No,Bachelors,Clerical,0,0,0-1 Miles,Pacific,1,29-34,9.09090909090909
M,M,0,No,Bachelors,Clerical,1,0,0-1 Miles,Pacific,1,29-34,9.09090909090909
S,M,0,No,Partial College,Manual,0,0,0-1 Miles,Pacific,1,29-34,9.09090909090909
S,F,2,No,Partial College,Manual,0,0,0-1 Miles,Europe,0,56-65,9.09090909090909
M,M,2,No,Partial College,Manual,0,1,0-1 Miles,Europe,1,65+,9.09090909090909
M,F,1,No,Bachelors,Clerical,1,0,0-1 Miles,Europe,1,65+,18.1818181818182
S,M,1,Si,Partial College,Manual,0,0,0-1 Miles,Europe,1,46-50,9.09090909090909
S,F,4,No,Graduate Degree,Clerical,0,0,0-1 Miles,Europe,1,46-50,18.1818181818182
M,F,4,No,Graduate Degree,Clerical,1,0,0-1 Miles,Europe,1,46-50,18.1818181818182
M,M,4,No,Graduate Degree,Clerical,1,0,0-1 Miles,Europe,1,41-45,18.1818181818182
S,M,4,No,Graduate Degree,Clerical,1,0,0-1 Miles,Europe,1,46-50,18.1818181818182
M,F,4,No,Graduate Degree,Clerical,1,0,0-1 Miles,Europe,1,46-50,18.1818181818182
M,M,3,No,Graduate Degree,Clerical,0,0,0-1 Miles,Europe,1,46-50,18.1818181818182
M,F,1,Si,Partial College,Manual,1,0,1-2 Miles,Europe,1,46-50,9.09090909090909
S,F,1,Si,Partial College,Manual,1,0,1-2 Miles,Europe,1,46-50,9.09090909090909
S,F,1,Si,Partial College,Manual,1,0,1-2 Miles,Europe,1,46-50,9.09090909090909
M,F,1,Si,Partial College,Manual,0,0,0-1 Miles,Europe,1,41-45,9.09090909090909
S,F,1,Si,High School,Manual,1,1,2-5 Miles,Europe,0,35-40,9.09090909090909
S,M,1,No,Graduate Degree,Clerical,0,0,0-1 Miles,Europe,1,35-40,18.1818181818182
S,F,3,No,Graduate Degree,Clerical,1,0,0-1 Miles,Europe,1,46-50,18.1818181818182
M,M,3,No,Bachelors,Clerical,1,0,0-1 Miles,Europe,1,35-40,18.1818181818182
M,M,3,No,Graduate Degree,Clerical,1,0,0-1 Miles,Europe,1,29-34,27.2727272727273
M,F,0,No,Bachelors,Clerical,1,0,0-1 Miles,Europe,1,46-50,18.1818181818182
S,M,1,No,Bachelors,Clerical,0,0,0-1 Miles,Europe,1,51-55,18.1818181818182
M,F,1,Si,High School,Manual,1,2,0-1 Miles,Europe,0,35-40,9.09090909090909
M,F,0,No,Bachelors,Clerical,1,0,0-1 Miles,Europe,1,35-40,18.1818181818182
S,F,2,Si,High School,Manual,1,0,0-1 Miles,Europe,1,41-45,9.09090909090909
M,M,0,No,Bachelors,Clerical,0,0,0-1 Miles,Europe,1,29-34,18.1818181818182
M,M,0,No,Bachelors,Clerical,1,0,0-1 Miles,Europe,1,35-40,18.1818181818182
S,F,0,No,Partial College,Manual,0,1,2-5 Miles,Europe,1,35-40,9.09090909090909
S,F,0,No,Partial College,Manual,1,1,2-5 Miles,Europe,1,35-40,9.09090909090909
S,M,0,No,Partial College,Manual,0,1,2-5 Miles,Europe,1,35-40,9.09090909090909
S,F,1,No,Bachelors,Clerical,0,0,0-1 Miles,Europe,1,35-40,18.1818181818182
M,F,1,No,Bachelors,Clerical,0,0,0-1 Miles,Europe,1,29-34,18.1818181818182
S,M,0,No,Graduate Degree,Clerical,1,0,0-1 Miles,Europe,1,41-45,27.2727272727273
M,F,0,No,Graduate Degree,Skilled Manual,1,0,0-1 Miles,Europe,1,35-40,45.4545454545455
S,F,2,No,Partial College,Manual,0,1,0-1 Miles,Europe,1,56-65,9.09090909090909
S,F,3,No,High School,Manual,0,2,0-1 Miles,Europe,0,56-65,9.09090909090909
S,M,4,No,High School,Manual,0,2,0-1 Miles,Europe,0,51-55,9.09090909090909
M,M,3,Si,High School,Manual,1,0,0-1 Miles,Europe,0,35-40,9.09090909090909
M,F,1,Si,Partial College,Manual,1,0,2-5 Miles,Europe,1,35-40,9.09090909090909
S,M,1,Si,Partial College,Manual,0,0,0-1 Miles,Europe,1,41-45,9.09090909090909
M,F,1,Si,Partial College,Manual,0,0,1-2 Miles,Europe,1,29-34,9.09090909090909
S,F,1,Si,Partial College,Manual,1,1,2-5 Miles,Europe,1,35-40,9.09090909090909
M,F,1,No,Bachelors,Clerical,1,0,1-2 Miles,Europe,1,41-45,18.1818181818182
S,F,1,No,Bachelors,Clerical,1,0,1-2 Miles,Europe,1,41-45,18.1818181818182
M,F,1,No,Bachelors,Clerical,1,0,1-2 Miles,Europe,1,41-45,18.1818181818182
M,F,4,Si,Partial College,Skilled Manual,1,3,1-2 Miles,North America,0,41-45,81.8181818181818
S,F,4,Si,Partial College,Skilled Manual,0,3,1-2 Miles,North America,0,41-45,81.8181818181818
S,F,2,No,Bachelors,Management,0,3,0-1 Miles,North America,1,41-45,81.8181818181818
M,F,3,No,Bachelors,Management,1,3,1-2 Miles,North America,0,41-45,81.8181818181818
S,F,3,No,Bachelors,Management,0,3,0-1 Miles,North America,1,35-40,81.8181818181818
M,M,2,Si,High School,Professional,1,4,5-10 Miles,Europe,0,46-50,90.9090909090909
S,M,2,Si,Partial College,Professional,0,2,5-10 Miles,Europe,1,51-55,90.9090909090909
M,M,2,Si,High School,Professional,1,2,2-5 Miles,Europe,1,46-50,81.8181818181818
S,F,3,Si,High School,Professional,0,4,5-10 Miles,Europe,0,51-55,90.9090909090909
S,M,3,Si,High School,Professional,1,4,5-10 Miles,Europe,0,51-55,90.9090909090909
S,M,3,Si,High School,Professional,0,4,5-10 Miles,Europe,0,46-50,90.9090909090909
M,M,3,Si,Partial College,Professional,1,3,0-1 Miles,Europe,1,41-45,90.9090909090909
M,F,3,Si,Partial College,Professional,1,3,0-1 Miles,Europe,1,51-55,90.9090909090909
M,M,2,Si,High School,Professional,1,3,0-1 Miles,Europe,1,41-45,90.9090909090909
M,F,2,Si,High School,Professional,1,2,2-5 Miles,Europe,1,41-45,81.8181818181818
M,M,3,Si,Partial College,Professional,1,3,0-1 Miles,Europe,1,41-45,90.9090909090909
M,M,5,No,Partial College,Professional,0,2,2-5 Miles,Europe,1,56-65,81.8181818181818
S,F,5,No,Partial College,Professional,0,2,2-5 Miles,Europe,1,56-65,81.8181818181818
S,M,3,Si,Bachelors,Management,0,3,5-10 Miles,Europe,0,65+,90.9090909090909
M,M,4,Si,Partial College,Professional,0,4,5-10 Miles,Europe,0,56-65,90.9090909090909
S,M,4,Si,Partial College,Professional,0,4,5-10 Miles,Europe,0,56-65,90.9090909090909
S,M,3,Si,Bachelors,Management,0,4,0-1 Miles,Europe,0,56-65,90.9090909090909
S,M,3,Si,High School,Professional,1,1,10+ Miles,Europe,0,41-45,81.8181818181818
M,F,3,Si,Partial College,Professional,1,1,10+ Miles,Europe,1,56-65,81.8181818181818
M,M,3,Si,High School,Professional,1,3,10+ Miles,Europe,0,41-45,81.8181818181818
S,F,3,Si,Partial College,Professional,0,4,5-10 Miles,Europe,0,46-50,90.9090909090909
S,F,4,Si,Partial College,Professional,1,2,10+ Miles,Europe,0,56-65,81.8181818181818
M,M,3,Si,Bachelors,Management,0,3,2-5 Miles,Europe,0,56-65,81.8181818181818
S,M,3,Si,Bachelors,Management,0,4,2-5 Miles,Europe,0,51-55,81.8181818181818
S,F,3,Si,Bachelors,Management,1,4,10+ Miles,Europe,0,56-65,90.9090909090909
M,F,2,Si,Partial College,Professional,0,1,10+ Miles,Europe,1,51-55,90.9090909090909
S,F,4,Si,High School,Professional,1,2,10+ Miles,Europe,0,51-55,81.8181818181818
S,F,4,Si,Partial College,Professional,1,2,10+ Miles,Europe,1,56-65,90.9090909090909
M,M,4,Si,High School,Professional,1,3,0-1 Miles,Europe,1,51-55,90.9090909090909
M,M,4,Si,High School,Professional,1,2,10+ Miles,Europe,0,56-65,72.7272727272727
S,M,4,Si,High School,Professional,0,3,0-1 Miles,Europe,1,56-65,90.9090909090909
S,F,4,Si,High School,Professional,0,3,10+ Miles,Europe,0,56-65,90.9090909090909
S,F,4,Si,High School,Management,0,3,10+ Miles,Europe,0,56-65,90.9090909090909
M,M,4,Si,Partial College,Management,0,4,10+ Miles,Europe,0,56-65,90.9090909090909
S,M,4,Si,Partial College,Management,0,3,10+ Miles,Europe,0,51-55,90.9090909090909
M,M,4,Si,High School,Management,1,3,10+ Miles,Europe,0,56-65,90.9090909090909
M,M,4,Si,Partial College,Management,1,4,0-1 Miles,Europe,0,51-55,90.9090909090909
M,F,5,Si,Partial College,Management,0,4,10+ Miles,Europe,1,56-65,90.9090909090909
S,M,5,Si,Partial High School,Skilled Manual,1,3,10+ Miles,Europe,0,56-65,63.6363636363636
M,F,5,No,Partial High School,Skilled Manual,1,2,10+ Miles,Europe,0,56-65,81.8181818181818
S,F,5,No,Partial High School,Skilled Manual,1,2,10+ Miles,Europe,0,56-65,81.8181818181818
M,M,0,No,Bachelors,Professional,1,3,10+ Miles,Pacific,0,29-34,45.4545454545455
S,M,0,No,Bachelors,Professional,1,4,10+ Miles,Pacific,0,29-34,45.4545454545455
S,M,0,No,Bachelors,Professional,0,2,5-10 Miles,Pacific,0,29-34,63.6363636363636
S,F,0,No,Bachelors,Professional,1,3,10+ Miles,Pacific,0,29-34,63.6363636363636
S,M,0,No,Bachelors,Professional,1,3,10+ Miles,Pacific,0,29-34,72.7272727272727
S,F,0,No,Bachelors,Professional,0,3,10+ Miles,Pacific,0,29-34,72.7272727272727
M,F,0,No,Bachelors,Professional,1,3,10+ Miles,Pacific,0,29-34,72.7272727272727
M,F,0,No,Bachelors,Professional,0,3,10+ Miles,Pacific,0,29-34,72.7272727272727
M,M,0,No,Bachelors,Professional,1,3,10+ Miles,Pacific,0,35-40,72.7272727272727
S,M,0,No,Bachelors,Professional,1,3,10+ Miles,Pacific,0,35-40,72.7272727272727
M,M,0,No,Bachelors,Professional,0,3,10+ Miles,Pacific,1,35-40,81.8181818181818
M,M,0,No,Bachelors,Professional,1,3,10+ Miles,Pacific,0,29-34,81.8181818181818
S,F,0,Si,Partial College,Management,1,3,10+ Miles,Pacific,1,35-40,90.9090909090909
M,M,0,Si,Partial College,Management,1,3,10+ Miles,Pacific,1,29-34,90.9090909090909
S,M,0,Si,Partial College,Management,1,3,10+ Miles,Pacific,1,35-40,90.9090909090909
M,M,0,No,Bachelors,Professional,0,3,10+ Miles,Pacific,0,29-34,81.8181818181818
M,F,0,No,Bachelors,Professional,1,3,10+ Miles,Pacific,0,35-40,81.8181818181818
M,M,0,Si,Partial College,Management,0,3,10+ Miles,Pacific,1,35-40,90.9090909090909
S,F,0,Si,High School,Management,1,3,10+ Miles,Pacific,1,35-40,81.8181818181818
M,M,0,Si,Partial High School,Professional,1,4,10+ Miles,Pacific,1,29-34,81.8181818181818
M,F,0,Si,High School,Management,1,4,10+ Miles,Pacific,1,29-34,90.9090909090909
M,M,0,Si,Partial High School,Professional,1,4,10+ Miles,Pacific,1,35-40,90.9090909090909
M,M,0,Si,High School,Management,1,4,10+ Miles,Pacific,1,35-40,90.9090909090909
S,M,0,Si,Partial High School,Professional,0,4,10+ Miles,Pacific,1,35-40,90.9090909090909
M,F,4,No,High School,Professional,1,2,5-10 Miles,North America,0,51-55,27.2727272727273
S,M,4,No,High School,Professional,0,2,1-2 Miles,North America,0,56-65,18.1818181818182
M,F,4,No,High School,Professional,0,2,1-2 Miles,North America,0,56-65,18.1818181818182
M,M,3,No,Graduate Degree,Management,1,2,10+ Miles,North America,0,65+,45.4545454545455
M,M,3,No,Graduate Degree,Management,1,2,10+ Miles,North America,0,65+,45.4545454545455
S,F,3,No,Graduate Degree,Management,1,2,10+ Miles,North America,0,65+,45.4545454545455
M,M,3,No,Graduate Degree,Management,1,2,10+ Miles,North America,0,65+,45.4545454545455
M,F,3,No,Graduate Degree,Management,1,2,10+ Miles,North America,1,65+,45.4545454545455
S,F,3,No,Graduate Degree,Management,0,2,1-2 Miles,North America,0,65+,45.4545454545455
M,M,3,No,Graduate Degree,Management,1,2,10+ Miles,North America,0,65+,45.4545454545455
S,M,3,No,Graduate Degree,Management,1,2,10+ Miles,North America,0,65+,45.4545454545455
S,F,4,No,High School,Professional,0,2,1-2 Miles,North America,0,56-65,27.2727272727273
S,M,3,No,Bachelors,Management,0,2,1-2 Miles,North America,0,65+,45.4545454545455
M,F,3,No,Bachelors,Management,1,2,10+ Miles,North America,0,65+,45.4545454545455
M,F,3,No,Graduate Degree,Management,1,2,10+ Miles,North America,0,65+,45.4545454545455
S,M,4,No,High School,Professional,1,2,10+ Miles,North America,0,65+,27.2727272727273
M,F,3,No,Bachelors,Management,1,2,10+ Miles,North America,0,65+,45.4545454545455
M,M,3,No,Bachelors,Management,1,2,10+ Miles,North America,0,65+,45.4545454545455
S,M,4,No,Bachelors,Management,0,2,1-2 Miles,North America,0,65+,45.4545454545455
S,F,4,No,Bachelors,Management,0,2,1-2 Miles,North America,0,56-65,45.4545454545455
M,F,4,No,Bachelors,Management,1,2,10+ Miles,North America,0,65+,45.4545454545455
M,M,4,No,Bachelors,Management,1,2,10+ Miles,North America,0,65+,45.4545454545455
S,M,4,No,Bachelors,Management,0,2,1-2 Miles,North America,0,65+,45.4545454545455
S,M,4,No,High School,Professional,1,2,10+ Miles,North America,1,56-65,18.1818181818182
S,F,5,No,Partial High School,Clerical,0,2,10+ Miles,North America,1,56-65,18.1818181818182
S,F,5,No,Partial High School,Clerical,1,3,10+ Miles,North America,0,56-65,9.09090909090909
S,F,5,No,Partial High School,Clerical,1,3,10+ Miles,North America,0,56-65,9.09090909090909
S,M,5,No,Partial High School,Clerical,1,3,10+ Miles,North America,0,56-65,9.09090909090909
M,M,5,No,Partial High School,Skilled Manual,1,4,10+ Miles,North America,1,56-65,18.1818181818182
M,M,2,Si,Partial High School,Skilled Manual,0,2,1-2 Miles,North America,0,56-65,18.1818181818182
S,F,5,No,High School,Professional,1,3,10+ Miles,North America,1,56-65,27.2727272727273
M,F,5,No,High School,Professional,1,3,10+ Miles,North America,1,56-65,27.2727272727273
M,M,5,No,High School,Professional,1,3,10+ Miles,North America,1,56-65,27.2727272727273
M,M,5,No,High School,Professional,1,4,10+ Miles,North America,1,56-65,27.2727272727273
S,M,5,No,Bachelors,Management,1,3,10+ Miles,North America,1,56-65,63.6363636363636
M,F,5,No,Bachelors,Management,1,3,10+ Miles,North America,1,56-65,63.6363636363636
M,M,2,Si,High School,Professional,1,2,2-5 Miles,North America,0,56-65,27.2727272727273
M,M,2,Si,High School,Professional,1,2,2-5 Miles,North America,0,56-65,27.2727272727273
S,M,2,Si,High School,Professional,1,2,10+ Miles,North America,0,56-65,27.2727272727273
S,F,2,Si,Bachelors,Management,0,1,2-5 Miles,North America,1,51-55,63.6363636363636
S,M,2,Si,Bachelors,Management,1,1,10+ Miles,North America,0,56-65,63.6363636363636
M,F,2,Si,Bachelors,Management,1,1,10+ Miles,North America,0,56-65,63.6363636363636
M,F,2,Si,High School,Professional,0,2,2-5 Miles,North America,1,56-65,27.2727272727273
M,M,2,Si,Partial College,Professional,1,1,2-5 Miles,North America,1,56-65,45.4545454545455
S,F,2,Si,Partial College,Professional,1,1,10+ Miles,North America,0,56-65,45.4545454545455
S,F,2,Si,Bachelors,Management,0,0,2-5 Miles,North America,1,56-65,45.4545454545455
S,F,2,Si,Bachelors,Management,1,0,10+ Miles,North America,1,56-65,45.4545454545455
M,M,2,Si,Bachelors,Management,1,0,10+ Miles,North America,0,56-65,45.4545454545455
M,F,2,Si,Bachelors,Management,1,0,10+ Miles,North America,0,56-65,45.4545454545455
M,M,2,Si,Bachelors,Management,1,0,10+ Miles,North America,0,56-65,45.4545454545455
M,M,2,Si,Partial College,Professional,1,2,2-5 Miles,North America,1,51-55,45.4545454545455
M,M,2,Si,Partial High School,Skilled Manual,1,2,10+ Miles,North America,0,56-65,27.2727272727273
M,F,2,Si,Partial High School,Skilled Manual,1,2,10+ Miles,North America,0,51-55,27.2727272727273
M,F,2,Si,Partial College,Professional,1,2,2-5 Miles,North America,1,56-65,45.4545454545455
M,M,2,Si,Partial College,Professional,1,2,2-5 Miles,North America,1,51-55,45.4545454545455
M,F,2,Si,Partial College,Professional,1,2,2-5 Miles,North America,1,51-55,45.4545454545455
M,M,2,Si,Partial College,Professional,0,1,2-5 Miles,North America,1,56-65,45.4545454545455
M,F,2,Si,Partial College,Professional,1,1,10+ Miles,North America,0,56-65,45.4545454545455
S,M,3,Si,Bachelors,Management,0,1,1-2 Miles,North America,1,56-65,72.7272727272727
M,F,2,Si,High School,Professional,1,2,2-5 Miles,North America,1,56-65,45.4545454545455
S,F,2,Si,High School,Professional,1,2,10+ Miles,North America,0,56-65,45.4545454545455
M,M,2,Si,Partial College,Professional,1,2,10+ Miles,North America,0,56-65,45.4545454545455
M,M,2,Si,Partial High School,Skilled Manual,0,4,2-5 Miles,North America,1,56-65,27.2727272727273
M,F,2,Si,High School,Professional,1,2,10+ Miles,North America,0,56-65,63.6363636363636
M,F,2,Si,High School,Professional,1,2,10+ Miles,North America,0,56-65,63.6363636363636
M,F,2,Si,High School,Professional,1,2,2-5 Miles,North America,0,56-65,63.6363636363636
M,F,2,Si,High School,Professional,1,2,10+ Miles,North America,0,56-65,63.6363636363636
M,F,2,Si,Partial High School,Skilled Manual,1,2,10+ Miles,North America,0,56-65,63.6363636363636
M,M,2,Si,Partial High School,Skilled Manual,0,2,2-5 Miles,North America,1,56-65,63.6363636363636
M,M,2,Si,Partial High School,Skilled Manual,1,2,10+ Miles,North America,0,56-65,63.6363636363636
M,M,2,Si,Partial High School,Skilled Manual,1,2,2-5 Miles,North America,1,56-65,63.6363636363636
S,M,3,Si,High School,Professional,1,2,10+ Miles,North America,0,56-65,45.4545454545455
M,M,3,Si,Partial High School,Skilled Manual,0,3,2-5 Miles,North America,1,46-50,45.4545454545455
S,F,5,No,High School,Skilled Manual,0,2,1-2 Miles,Pacific,0,56-65,9.09090909090909
M,F,2,Si,High School,Skilled Manual,1,2,1-2 Miles,Pacific,0,56-65,9.09090909090909
M,F,0,No,Partial College,Skilled Manual,0,1,1-2 Miles,North America,0,29-34,45.4545454545455
M,M,0,No,Partial College,Skilled Manual,1,1,5-10 Miles,North America,1,29-34,45.4545454545455
M,F,0,No,Partial College,Skilled Manual,1,1,5-10 Miles,North America,1,29-34,45.4545454545455
S,F,0,No,High School,Skilled Manual,0,2,1-2 Miles,North America,1,29-34,27.2727272727273
M,M,2,Si,Partial High School,Clerical,1,2,1-2 Miles,Pacific,0,56-65,9.09090909090909
M,M,2,Si,Partial High School,Clerical,1,2,5-10 Miles,Pacific,0,56-65,9.09090909090909
M,M,0,No,Partial College,Skilled Manual,1,1,5-10 Miles,North America,0,29-34,18.1818181818182
S,F,0,No,Partial College,Skilled Manual,0,1,1-2 Miles,North America,0,29-34,18.1818181818182
M,F,0,No,Partial College,Skilled Manual,1,2,5-10 Miles,North America,1,29-34,45.4545454545455
M,M,0,No,Partial College,Skilled Manual,0,2,1-2 Miles,North America,1,29-34,45.4545454545455
S,F,2,No,Partial College,Clerical,0,2,5-10 Miles,Pacific,1,56-65,18.1818181818182
M,F,2,No,Partial College,Clerical,0,2,1-2 Miles,Pacific,1,56-65,18.1818181818182
M,M,2,No,Bachelors,Management,0,2,1-2 Miles,Pacific,1,56-65,27.2727272727273
S,M,2,No,Partial College,Clerical,0,2,5-10 Miles,Pacific,1,56-65,18.1818181818182
S,F,2,No,Partial College,Clerical,1,2,5-10 Miles,Pacific,1,56-65,18.1818181818182
S,M,2,Si,Partial High School,Clerical,1,2,5-10 Miles,Pacific,0,56-65,9.09090909090909
S,F,0,No,Partial College,Skilled Manual,0,2,0-1 Miles,North America,1,29-34,63.6363636363636
M,F,0,No,Bachelors,Professional,0,2,1-2 Miles,North America,0,29-34,27.2727272727273
M,M,4,No,High School,Skilled Manual,1,2,5-10 Miles,Pacific,1,56-65,9.09090909090909
S,F,2,Si,High School,Skilled Manual,1,2,5-10 Miles,Pacific,1,56-65,9.09090909090909
M,M,2,Si,High School,Skilled Manual,1,2,5-10 Miles,Pacific,1,56-65,9.09090909090909
S,F,0,No,Partial College,Skilled Manual,0,1,1-2 Miles,North America,0,29-34,27.2727272727273
S,M,0,No,Partial College,Skilled Manual,1,1,5-10 Miles,North America,0,29-34,27.2727272727273
S,M,0,No,Partial College,Skilled Manual,1,1,5-10 Miles,North America,0,29-34,27.2727272727273
S,M,0,No,Partial College,Skilled Manual,0,1,1-2 Miles,North America,0,29-34,27.2727272727273
S,M,0,No,Partial College,Skilled Manual,0,2,1-2 Miles,North America,0,29-34,45.4545454545455
S,M,0,No,Partial College,Skilled Manual,0,2,0-1 Miles,North America,0,29-34,63.6363636363636
M,F,2,Si,Partial High School,Clerical,1,2,1-2 Miles,Pacific,1,56-65,9.09090909090909
S,F,2,Si,Partial High School,Clerical,1,2,5-10 Miles,Pacific,1,51-55,9.09090909090909
M,M,2,Si,Partial High School,Clerical,1,2,1-2 Miles,Pacific,1,51-55,9.09090909090909
S,M,3,No,Partial College,Clerical,0,2,5-10 Miles,Pacific,1,56-65,18.1818181818182
M,M,2,Si,Partial High School,Clerical,1,2,5-10 Miles,Pacific,1,51-55,9.09090909090909
S,M,2,Si,Partial High School,Clerical,1,2,5-10 Miles,Pacific,1,56-65,9.09090909090909
M,F,2,Si,Partial High School,Clerical,1,2,1-2 Miles,Pacific,1,56-65,9.09090909090909
S,F,0,No,Partial College,Skilled Manual,0,2,1-2 Miles,North America,1,29-34,45.4545454545455
S,F,0,No,Partial College,Skilled Manual,0,2,0-1 Miles,North America,1,29-34,63.6363636363636
S,M,2,Si,Partial High School,Clerical,1,2,5-10 Miles,Pacific,1,56-65,9.09090909090909
M,M,3,No,High School,Skilled Manual,1,2,5-10 Miles,Pacific,1,56-65,18.1818181818182
M,F,2,No,Partial College,Skilled Manual,1,2,5-10 Miles,Pacific,1,51-55,27.2727272727273
S,M,3,No,Partial High School,Clerical,1,2,5-10 Miles,Pacific,1,51-55,27.2727272727273
S,F,3,No,Partial High School,Clerical,0,2,5-10 Miles,Pacific,1,46-50,27.2727272727273
S,F,3,No,Partial High School,Clerical,1,2,5-10 Miles,Pacific,1,56-65,27.2727272727273
S,M,0,No,High School,Skilled Manual,1,2,5-10 Miles,North America,0,29-34,27.2727272727273
S,M,0,No,High School,Skilled Manual,0,2,1-2 Miles,North America,1,29-34,27.2727272727273
S,M,0,No,High School,Skilled Manual,0,2,1-2 Miles,North America,1,29-34,27.2727272727273
M,M,0,No,High School,Skilled Manual,1,2,5-10 Miles,North America,0,29-34,27.2727272727273
M,M,0,No,Partial College,Skilled Manual,0,2,1-2 Miles,North America,0,29-34,45.4545454545455
S,F,0,No,Partial College,Skilled Manual,0,2,1-2 Miles,North America,1,29-34,45.4545454545455
M,M,0,No,High School,Skilled Manual,1,2,5-10 Miles,North America,0,35-40,45.4545454545455
M,F,0,No,Partial College,Professional,0,2,1-2 Miles,North America,0,29-34,45.4545454545455
S,M,2,No,High School,Skilled Manual,1,2,5-10 Miles,Pacific,1,51-55,72.7272727272727
S,F,0,No,Partial College,Professional,0,2,1-2 Miles,North America,0,29-34,45.4545454545455
M,M,2,No,High School,Skilled Manual,1,2,5-10 Miles,Pacific,1,51-55,63.6363636363636
S,M,2,No,High School,Skilled Manual,1,2,5-10 Miles,Pacific,1,51-55,63.6363636363636
S,F,0,No,Bachelors,Management,0,1,0-1 Miles,North America,1,29-34,72.7272727272727
S,M,0,No,Partial College,Professional,1,2,5-10 Miles,North America,0,35-40,45.4545454545455
S,M,0,No,Partial College,Professional,0,2,1-2 Miles,North America,1,35-40,45.4545454545455
S,F,0,Si,Graduate Degree,Management,0,4,1-2 Miles,North America,0,41-45,90.9090909090909
M,M,1,Si,Graduate Degree,Management,1,4,0-1 Miles,North America,0,41-45,90.9090909090909
M,F,2,No,Partial High School,Skilled Manual,1,2,5-10 Miles,North America,0,51-55,63.6363636363636
M,M,4,Si,Bachelors,Skilled Manual,1,3,10+ Miles,North America,0,41-45,45.4545454545455
M,M,4,Si,Bachelors,Skilled Manual,0,2,0-1 Miles,North America,1,41-45,45.4545454545455
S,F,4,Si,Bachelors,Skilled Manual,0,2,0-1 Miles,North America,1,41-45,45.4545454545455
S,F,4,Si,Bachelors,Professional,1,2,2-5 Miles,North America,1,46-50,63.6363636363636
S,F,4,Si,Bachelors,Professional,0,2,0-1 Miles,North America,1,46-50,63.6363636363636
S,F,4,Si,Bachelors,Professional,0,2,0-1 Miles,North America,1,46-50,63.6363636363636
M,M,4,Si,Bachelors,Professional,1,2,2-5 Miles,North America,1,41-45,63.6363636363636
S,F,4,Si,Bachelors,Professional,0,2,0-1 Miles,North America,1,46-50,63.6363636363636
S,M,0,No,Bachelors,Professional,0,1,0-1 Miles,North America,1,41-45,63.6363636363636
M,F,2,Si,Graduate Degree,Professional,1,0,2-5 Miles,North America,1,35-40,45.4545454545455
S,F,5,No,Bachelors,Professional,1,0,0-1 Miles,North America,1,65+,81.8181818181818
S,M,4,Si,Bachelors,Professional,1,2,2-5 Miles,North America,1,41-45,63.6363636363636
S,F,4,Si,Bachelors,Professional,1,3,2-5 Miles,North America,1,41-45,63.6363636363636
M,M,4,Si,Bachelors,Professional,1,4,2-5 Miles,North America,1,46-50,63.6363636363636
S,F,0,No,Bachelors,Professional,0,1,0-1 Miles,North America,1,46-50,63.6363636363636
M,M,0,No,Bachelors,Professional,0,1,0-1 Miles,North America,0,46-50,63.6363636363636
S,F,3,Si,Graduate Degree,Professional,1,0,2-5 Miles,North America,1,46-50,45.4545454545455
M,M,3,Si,Graduate Degree,Professional,0,0,0-1 Miles,North America,1,46-50,45.4545454545455
M,F,3,Si,Graduate Degree,Professional,0,0,0-1 Miles,North America,1,46-50,45.4545454545455
M,M,3,Si,High School,Skilled Manual,1,2,0-1 Miles,North America,1,35-40,27.2727272727273
S,M,4,Si,High School,Skilled Manual,1,2,2-5 Miles,North America,0,41-45,27.2727272727273
M,M,1,No,Bachelors,Professional,1,1,2-5 Miles,North America,1,41-45,63.6363636363636
S,F,1,No,Bachelors,Professional,0,1,0-1 Miles,North America,1,46-50,63.6363636363636
M,F,1,No,Partial College,Skilled Manual,1,1,2-5 Miles,North America,1,41-45,63.6363636363636
M,F,1,No,Partial College,Skilled Manual,1,1,0-1 Miles,North America,1,46-50,63.6363636363636
S,F,4,Si,High School,Skilled Manual,1,3,10+ Miles,North America,1,35-40,27.2727272727273
S,M,4,Si,High School,Skilled Manual,1,2,2-5 Miles,North America,1,29-34,27.2727272727273
M,M,4,Si,High School,Skilled Manual,1,2,0-1 Miles,North America,1,46-50,27.2727272727273
M,F,1,No,Partial College,Skilled Manual,1,1,0-1 Miles,North America,1,46-50,45.4545454545455
M,F,1,No,Partial College,Skilled Manual,1,1,0-1 Miles,North America,1,46-50,45.4545454545455
M,M,1,No,Partial College,Skilled Manual,1,1,2-5 Miles,North America,1,46-50,45.4545454545455
M,M,4,Si,High School,Skilled Manual,1,2,2-5 Miles,North America,1,46-50,27.2727272727273
S,M,0,No,Bachelors,Professional,0,1,0-1 Miles,North America,0,41-45,27.2727272727273
S,M,0,No,Partial College,Skilled Manual,0,1,2-5 Miles,North America,1,41-45,45.4545454545455
S,M,0,No,Partial College,Skilled Manual,0,1,0-1 Miles,North America,1,41-45,45.4545454545455
S,F,0,No,Graduate Degree,Professional,0,1,2-5 Miles,North America,1,41-45,45.4545454545455
M,F,1,No,Partial College,Skilled Manual,1,1,0-1 Miles,North America,1,46-50,45.4545454545455
M,F,1,No,Partial College,Skilled Manual,1,1,0-1 Miles,North America,1,46-50,45.4545454545455
M,M,4,Si,Bachelors,Professional,1,0,2-5 Miles,North America,0,46-50,45.4545454545455
M,M,4,Si,Bachelors,Professional,0,0,0-1 Miles,North America,0,41-45,45.4545454545455
M,F,5,Si,Graduate Degree,Professional,1,3,10+ Miles,North America,0,41-45,63.6363636363636
M,M,5,Si,Graduate Degree,Professional,1,3,10+ Miles,North America,0,46-50,63.6363636363636
M,F,5,Si,Graduate Degree,Professional,1,3,10+ Miles,North America,0,46-50,63.6363636363636
S,F,2,No,Graduate Degree,Professional,0,0,0-1 Miles,North America,1,41-45,72.7272727272727
M,M,1,No,Partial College,Skilled Manual,1,1,2-5 Miles,North America,1,46-50,72.7272727272727
S,F,1,No,Bachelors,Professional,1,1,2-5 Miles,North America,1,46-50,45.4545454545455
S,F,1,No,Bachelors,Professional,0,1,0-1 Miles,North America,1,51-55,45.4545454545455
M,M,1,No,Bachelors,Professional,1,1,2-5 Miles,North America,1,51-55,45.4545454545455
S,M,1,No,Bachelors,Professional,0,1,0-1 Miles,North America,1,51-55,45.4545454545455
M,M,5,Si,Graduate Degree,Professional,0,2,0-1 Miles,North America,0,51-55,63.6363636363636
M,M,5,No,Graduate Degree,Professional,1,0,0-1 Miles,North America,1,51-55,72.7272727272727
M,M,4,Si,Graduate Degree,Management,1,1,0-1 Miles,Pacific,1,35-40,72.7272727272727
M,M,1,No,Graduate Degree,Management,1,0,0-1 Miles,Pacific,1,35-40,81.8181818181818
S,F,1,No,Graduate Degree,Management,1,0,0-1 Miles,Pacific,1,35-40,81.8181818181818
M,F,1,No,Graduate Degree,Management,1,0,2-5 Miles,Pacific,1,35-40,81.8181818181818
M,F,2,Si,Bachelors,Professional,0,1,0-1 Miles,Pacific,1,41-45,45.4545454545455
S,F,4,Si,Graduate Degree,Management,1,1,0-1 Miles,Pacific,1,29-34,72.7272727272727
S,F,2,No,Bachelors,Professional,1,0,0-1 Miles,Pacific,1,35-40,81.8181818181818
S,F,5,Si,Bachelors,Professional,1,3,10+ Miles,Pacific,0,41-45,63.6363636363636
S,F,1,No,Graduate Degree,Management,0,1,1-2 Miles,Pacific,1,35-40,90.9090909090909
S,F,1,No,Graduate Degree,Management,0,1,2-5 Miles,Pacific,1,29-34,90.9090909090909
M,M,5,Si,Graduate Degree,Management,0,3,0-1 Miles,Pacific,1,35-40,72.7272727272727
M,F,3,Si,Bachelors,Professional,1,1,5-10 Miles,Pacific,0,41-45,45.4545454545455
S,F,3,Si,Bachelors,Professional,0,1,0-1 Miles,Pacific,0,35-40,45.4545454545455
M,F,5,Si,Bachelors,Professional,1,4,10+ Miles,Pacific,0,35-40,63.6363636363636
S,M,0,No,Bachelors,Professional,1,1,5-10 Miles,Pacific,1,35-40,63.6363636363636
M,F,3,Si,Bachelors,Professional,1,2,0-1 Miles,Pacific,0,35-40,45.4545454545455
S,M,3,Si,Bachelors,Professional,1,2,5-10 Miles,Pacific,0,29-34,45.4545454545455
S,F,3,Si,Bachelors,Professional,1,2,5-10 Miles,Pacific,0,41-45,45.4545454545455
S,M,0,No,Partial High School,Manual,1,2,1-2 Miles,Europe,0,35-40,9.09090909090909
S,F,0,No,Partial College,Clerical,0,1,2-5 Miles,Europe,1,29-34,18.1818181818182
M,M,2,No,High School,Professional,1,2,5-10 Miles,North America,0,46-50,45.4545454545455
M,F,2,Si,Partial College,Professional,1,0,5-10 Miles,North America,1,51-55,63.6363636363636
M,F,3,Si,Partial College,Professional,1,0,0-1 Miles,North America,1,51-55,63.6363636363636
M,M,2,No,Partial College,Professional,0,1,2-5 Miles,North America,1,51-55,81.8181818181818
M,F,2,No,Partial High School,Skilled Manual,1,2,5-10 Miles,North America,0,46-50,72.7272727272727
S,M,2,No,Partial High School,Skilled Manual,0,2,1-2 Miles,North America,0,41-45,72.7272727272727
S,M,2,No,Partial High School,Skilled Manual,0,2,1-2 Miles,North America,0,41-45,72.7272727272727
S,F,2,No,Partial High School,Skilled Manual,1,2,5-10 Miles,North America,0,46-50,72.7272727272727
M,F,2,No,Partial High School,Skilled Manual,1,2,5-10 Miles,North America,0,51-55,72.7272727272727
M,M,2,No,High School,Professional,1,2,5-10 Miles,North America,0,51-55,45.4545454545455
M,M,2,No,High School,Professional,0,2,1-2 Miles,North America,1,41-45,45.4545454545455
S,M,2,No,High School,Professional,0,2,1-2 Miles,North America,1,51-55,45.4545454545455
M,M,3,No,Partial College,Professional,1,2,5-10 Miles,North America,0,65+,27.2727272727273
M,F,5,Si,Partial College,Professional,1,3,2-5 Miles,North America,0,41-45,81.8181818181818
M,M,3,Si,Bachelors,Management,1,3,2-5 Miles,North America,0,35-40,81.8181818181818
S,M,4,Si,Bachelors,Management,0,4,0-1 Miles,North America,0,35-40,81.8181818181818
S,M,4,Si,Partial College,Professional,1,4,2-5 Miles,North America,1,35-40,81.8181818181818
S,F,4,Si,Partial College,Professional,1,4,2-5 Miles,North America,1,41-45,81.8181818181818
S,M,2,Si,Bachelors,Management,1,3,2-5 Miles,North America,1,41-45,90.9090909090909
S,F,3,Si,Bachelors,Management,1,4,2-5 Miles,North America,1,29-34,90.9090909090909
M,M,1,Si,Graduate Degree,Management,1,4,0-1 Miles,North America,0,41-45,90.9090909090909
M,M,1,Si,Graduate Degree,Management,1,1,0-1 Miles,North America,1,35-40,90.9090909090909
S,M,0,No,Graduate Degree,Management,0,3,1-2 Miles,North America,1,41-45,90.9090909090909
M,M,4,Si,Partial College,Professional,1,2,2-5 Miles,North America,0,41-45,72.7272727272727
M,M,4,Si,Partial College,Professional,1,2,0-1 Miles,North America,0,41-45,72.7272727272727
M,M,5,Si,Partial College,Professional,1,1,2-5 Miles,North America,0,41-45,81.8181818181818
S,F,3,Si,Bachelors,Management,0,4,1-2 Miles,North America,0,35-40,90.9090909090909
M,F,3,Si,Partial College,Professional,0,0,0-1 Miles,North America,1,51-55,63.6363636363636
M,F,3,Si,Partial College,Professional,0,1,0-1 Miles,North America,0,51-55,63.6363636363636
M,M,4,Si,Partial College,Professional,1,0,5-10 Miles,North America,0,46-50,63.6363636363636
M,F,4,Si,Partial College,Professional,1,0,0-1 Miles,North America,0,41-45,63.6363636363636
S,M,2,Si,Partial College,Professional,1,0,5-10 Miles,North America,1,51-55,81.8181818181818
S,F,2,No,Partial High School,Skilled Manual,0,2,1-2 Miles,North America,0,51-55,72.7272727272727
S,F,2,No,Partial High School,Skilled Manual,1,2,5-10 Miles,North America,0,51-55,72.7272727272727
S,F,2,No,Graduate Degree,Management,0,2,1-2 Miles,North America,0,65+,45.4545454545455
M,M,4,Si,Partial College,Professional,1,2,2-5 Miles,North America,0,46-50,72.7272727272727
S,F,0,No,Partial College,Professional,1,2,2-5 Miles,North America,1,41-45,81.8181818181818
M,F,5,Si,Partial College,Professional,1,2,5-10 Miles,North America,0,46-50,72.7272727272727
M,M,5,Si,Partial College,Professional,1,3,5-10 Miles,North America,0,46-50,72.7272727272727
M,M,5,Si,Partial College,Professional,1,3,1-2 Miles,North America,0,41-45,81.8181818181818
M,M,5,Si,Partial College,Professional,1,4,5-10 Miles,North America,0,35-40,81.8181818181818
M,F,1,Si,Partial College,Professional,1,3,5-10 Miles,North America,0,46-50,81.8181818181818
S,M,1,Si,Partial College,Professional,0,3,1-2 Miles,North America,0,46-50,81.8181818181818
S,M,1,Si,Bachelors,Management,0,4,2-5 Miles,North America,1,41-45,90.9090909090909
S,F,1,Si,Partial College,Professional,0,4,2-5 Miles,North America,1,46-50,90.9090909090909
M,M,1,Si,Bachelors,Management,0,3,2-5 Miles,North America,1,46-50,90.9090909090909
M,M,5,Si,Partial College,Professional,1,3,5-10 Miles,North America,0,46-50,63.6363636363636
M,M,5,Si,Partial College,Professional,1,3,5-10 Miles,North America,0,46-50,72.7272727272727
M,F,4,Si,High School,Professional,1,1,5-10 Miles,North America,0,41-45,81.8181818181818
M,M,4,Si,High School,Professional,1,2,5-10 Miles,North America,0,35-40,81.8181818181818
S,M,1,Si,Bachelors,Management,0,3,2-5 Miles,North America,1,46-50,90.9090909090909
S,M,1,Si,Bachelors,Management,1,3,5-10 Miles,North America,1,41-45,90.9090909090909
M,F,1,Si,Bachelors,Management,0,4,2-5 Miles,North America,1,46-50,90.9090909090909
S,M,2,No,Partial High School,Skilled Manual,1,2,5-10 Miles,North America,0,51-55,72.7272727272727
S,F,2,No,High School,Professional,0,2,1-2 Miles,North America,1,46-50,45.4545454545455
M,F,2,No,High School,Professional,0,2,1-2 Miles,North America,1,46-50,45.4545454545455
M,F,4,Si,High School,Professional,1,0,5-10 Miles,North America,0,41-45,63.6363636363636
M,M,2,Si,High School,Professional,1,1,10+ Miles,North America,1,51-55,81.8181818181818
S,M,2,Si,Graduate Degree,Management,0,3,2-5 Miles,North America,1,65+,90.9090909090909
S,M,2,Si,Graduate Degree,Management,0,3,2-5 Miles,North America,1,65+,90.9090909090909
M,F,3,No,Partial College,Professional,0,2,1-2 Miles,North America,0,65+,27.2727272727273
S,F,3,No,Partial College,Professional,1,2,5-10 Miles,North America,0,65+,27.2727272727273
M,M,2,No,Graduate Degree,Management,1,2,5-10 Miles,North America,0,65+,45.4545454545455
S,F,4,Si,High School,Professional,0,2,1-2 Miles,North America,0,46-50,81.8181818181818
M,M,4,Si,High School,Professional,1,3,5-10 Miles,North America,0,46-50,81.8181818181818
M,M,0,Si,Partial College,Professional,0,0,1-2 Miles,North America,0,41-45,81.8181818181818
M,F,3,Si,Partial College,Professional,0,4,2-5 Miles,North America,0,35-40,90.9090909090909
S,M,5,Si,High School,Professional,1,3,5-10 Miles,North America,1,46-50,90.9090909090909
M,F,4,Si,Bachelors,Management,1,3,0-1 Miles,North America,1,46-50,90.9090909090909
S,M,1,Si,Graduate Degree,Management,0,2,2-5 Miles,North America,0,41-45,90.9090909090909
M,M,3,No,Partial High School,Skilled Manual,1,2,5-10 Miles,North America,0,46-50,63.6363636363636
M,M,3,Si,High School,Professional,1,0,1-2 Miles,North America,1,51-55,63.6363636363636
M,F,3,Si,High School,Professional,1,1,5-10 Miles,North America,1,51-55,63.6363636363636
M,M,3,No,Graduate Degree,Management,1,2,5-10 Miles,North America,1,56-65,63.6363636363636
S,F,3,No,Graduate Degree,Management,1,2,5-10 Miles,North America,1,56-65,63.6363636363636
S,M,3,No,Graduate Degree,Management,1,2,5-10 Miles,North America,1,51-55,63.6363636363636
S,F,3,No,Graduate Degree,Management,0,2,1-2 Miles,North America,1,56-65,63.6363636363636
S,F,3,No,Graduate Degree,Management,0,2,1-2 Miles,North America,1,56-65,63.6363636363636
M,M,3,No,Partial College,Professional,1,2,5-10 Miles,North America,0,56-65,27.2727272727273
M,F,3,No,Partial College,Professional,1,2,5-10 Miles,North America,0,56-65,27.2727272727273
M,F,3,No,Partial College,Professional,1,2,5-10 Miles,North America,0,51-55,27.2727272727273
S,M,3,No,Partial College,Professional,0,2,1-2 Miles,North America,1,56-65,27.2727272727273
M,F,3,No,Partial College,Professional,0,2,1-2 Miles,North America,1,56-65,27.2727272727273
S,F,4,No,Partial College,Professional,1,2,5-10 Miles,North America,0,46-50,27.2727272727273
S,F,4,No,Partial College,Professional,1,2,5-10 Miles,North America,0,56-65,27.2727272727273
M,F,4,No,Partial College,Professional,1,2,5-10 Miles,North America,0,46-50,27.2727272727273
S,F,4,No,Partial College,Professional,1,2,5-10 Miles,North America,0,56-65,27.2727272727273
M,F,4,No,High School,Professional,1,2,5-10 Miles,North America,0,51-55,18.1818181818182
M,M,4,No,High School,Professional,1,2,5-10 Miles,North America,1,56-65,18.1818181818182
S,M,4,No,High School,Professional,1,2,5-10 Miles,North America,0,51-55,18.1818181818182
M,F,4,Si,Bachelors,Professional,1,2,0-1 Miles,Pacific,0,41-45,45.4545454545455
M,M,4,Si,Bachelors,Professional,1,3,10+ Miles,Pacific,0,35-40,45.4545454545455
M,M,3,Si,Bachelors,Professional,1,2,5-10 Miles,Pacific,1,46-50,45.4545454545455
S,F,0,No,Bachelors,Professional,0,1,5-10 Miles,Pacific,0,46-50,63.6363636363636
S,M,0,No,Bachelors,Professional,1,1,5-10 Miles,Pacific,1,46-50,63.6363636363636
M,F,3,Si,Bachelors,Professional,1,0,1-2 Miles,Pacific,1,29-34,81.8181818181818
M,F,3,Si,Bachelors,Professional,1,0,1-2 Miles,Pacific,1,41-45,81.8181818181818
M,F,3,Si,Bachelors,Professional,1,0,0-1 Miles,Pacific,0,41-45,81.8181818181818
M,M,4,Si,Bachelors,Professional,1,0,0-1 Miles,Pacific,0,41-45,81.8181818181818
M,F,1,No,Partial College,Skilled Manual,1,1,5-10 Miles,Pacific,1,46-50,63.6363636363636
S,M,1,No,Partial College,Skilled Manual,1,1,5-10 Miles,Pacific,0,41-45,45.4545454545455
S,F,0,No,Graduate Degree,Management,0,1,1-2 Miles,Pacific,1,41-45,81.8181818181818
S,M,0,No,Graduate Degree,Management,1,3,1-2 Miles,Pacific,0,29-34,90.9090909090909
M,M,1,No,Partial College,Skilled Manual,1,1,5-10 Miles,Pacific,1,46-50,45.4545454545455
M,F,1,No,Bachelors,Professional,1,1,5-10 Miles,Pacific,0,46-50,81.8181818181818
S,F,2,No,Bachelors,Professional,1,1,5-10 Miles,Pacific,0,65+,27.2727272727273
M,M,0,No,Bachelors,Professional,0,1,0-1 Miles,Pacific,0,41-45,63.6363636363636
M,F,5,Si,Bachelors,Professional,1,4,1-2 Miles,Pacific,0,41-45,72.7272727272727
M,M,5,Si,Bachelors,Professional,1,4,1-2 Miles,Pacific,0,41-45,72.7272727272727
M,M,5,Si,Bachelors,Professional,1,4,1-2 Miles,Pacific,1,41-45,72.7272727272727
S,F,0,No,Bachelors,Professional,0,1,5-10 Miles,Pacific,0,46-50,63.6363636363636
S,F,0,No,Bachelors,Professional,0,1,0-1 Miles,Pacific,1,35-40,63.6363636363636
M,M,1,No,Bachelors,Professional,1,1,5-10 Miles,Pacific,0,51-55,81.8181818181818
S,F,0,No,Bachelors,Professional,0,2,5-10 Miles,Pacific,1,41-45,63.6363636363636
M,F,1,No,Partial College,Skilled Manual,1,1,5-10 Miles,Pacific,1,46-50,45.4545454545455
M,M,1,No,Partial College,Skilled Manual,1,1,5-10 Miles,Pacific,1,46-50,45.4545454545455
M,M,5,Si,Bachelors,Professional,1,2,5-10 Miles,Pacific,0,41-45,63.6363636363636
M,F,5,Si,Partial College,Skilled Manual,1,2,5-10 Miles,Pacific,0,46-50,63.6363636363636
M,M,5,Si,Partial College,Skilled Manual,1,3,10+ Miles,Pacific,0,46-50,63.6363636363636
M,F,1,No,Partial College,Skilled Manual,1,1,5-10 Miles,Pacific,0,51-55,63.6363636363636
S,F,1,No,Partial College,Skilled Manual,1,1,5-10 Miles,Pacific,0,51-55,63.6363636363636
M,M,1,No,Partial College,Skilled Manual,1,1,5-10 Miles,Pacific,1,51-55,63.6363636363636
M,M,3,Si,Partial College,Skilled Manual,1,2,5-10 Miles,Pacific,1,41-45,45.4545454545455
M,F,3,Si,Partial College,Skilled Manual,1,2,0-1 Miles,Pacific,1,46-50,45.4545454545455
M,F,5,Si,Partial College,Skilled Manual,1,3,10+ Miles,Pacific,0,46-50,63.6363636363636
M,F,5,Si,Partial College,Skilled Manual,0,3,5-10 Miles,Pacific,0,41-45,63.6363636363636
M,F,1,No,Partial College,Skilled Manual,1,1,5-10 Miles,Pacific,1,51-55,63.6363636363636
M,M,1,No,Partial College,Skilled Manual,0,1,0-1 Miles,Pacific,0,51-55,72.7272727272727
S,F,2,No,Bachelors,Management,0,1,5-10 Miles,Pacific,1,51-55,27.2727272727273
S,M,0,No,High School,Skilled Manual,1,2,5-10 Miles,North America,0,29-34,18.1818181818182
M,F,0,No,High School,Skilled Manual,1,2,5-10 Miles,North America,0,29-34,18.1818181818182
S,M,0,No,High School,Skilled Manual,0,2,0-1 Miles,North America,0,29-34,18.1818181818182
M,M,0,No,High School,Skilled Manual,1,1,5-10 Miles,North America,0,29-34,27.2727272727273
S,F,0,No,High School,Skilled Manual,0,2,0-1 Miles,North America,0,29-34,27.2727272727273
M,F,0,No,High School,Skilled Manual,1,2,5-10 Miles,North America,0,29-34,27.2727272727273
S,M,0,No,High School,Skilled Manual,0,2,0-1 Miles,North America,1,29-34,18.1818181818182
M,M,0,No,High School,Skilled Manual,1,2,5-10 Miles,North America,0,29-34,18.1818181818182
S,M,0,No,High School,Skilled Manual,1,2,5-10 Miles,North America,0,29-34,18.1818181818182
M,F,0,No,High School,Skilled Manual,0,2,0-1 Miles,North America,0,29-34,18.1818181818182
M,F,0,No,High School,Skilled Manual,1,2,5-10 Miles,North America,0,29-34,27.2727272727273
S,F,5,No,High School,Skilled Manual,0,2,0-1 Miles,Pacific,0,56-65,9.09090909090909
S,M,0,No,Partial High School,Clerical,0,2,5-10 Miles,North America,0,29-34,18.1818181818182
M,M,0,No,High School,Skilled Manual,1,2,5-10 Miles,North America,0,29-34,27.2727272727273
S,F,2,No,Partial College,Clerical,0,2,0-1 Miles,Pacific,0,65+,18.1818181818182
S,M,0,No,Partial High School,Clerical,0,2,5-10 Miles,North America,1,29-34,18.1818181818182
S,M,0,No,Partial High School,Clerical,0,2,5-10 Miles,North America,0,29-34,18.1818181818182
S,F,0,No,High School,Skilled Manual,1,2,5-10 Miles,North America,0,29-34,27.2727272727273
S,F,2,No,Partial College,Clerical,0,2,5-10 Miles,Pacific,0,56-65,18.1818181818182
S,M,2,No,Bachelors,Management,1,2,5-10 Miles,Pacific,1,65+,27.2727272727273
M,M,2,No,Bachelors,Management,1,2,5-10 Miles,Pacific,1,65+,27.2727272727273
M,M,2,No,Bachelors,Management,0,2,0-1 Miles,Pacific,1,65+,27.2727272727273
S,M,2,No,Bachelors,Management,0,2,0-1 Miles,Pacific,1,65+,27.2727272727273
M,M,2,No,Bachelors,Management,0,2,0-1 Miles,Pacific,1,65+,27.2727272727273
M,M,2,No,Bachelors,Management,1,2,5-10 Miles,Pacific,1,65+,27.2727272727273
S,M,0,No,Partial College,Skilled Manual,0,1,1-2 Miles,North America,0,29-34,27.2727272727273
S,M,0,No,Partial College,Skilled Manual,1,1,5-10 Miles,North America,0,29-34,27.2727272727273
S,F,0,No,Partial College,Skilled Manual,1,1,5-10 Miles,North America,0,29-34,27.2727272727273
S,M,0,No,High School,Skilled Manual,1,2,5-10 Miles,North America,0,29-34,27.2727272727273
S,M,0,No,Partial College,Skilled Manual,0,1,1-2 Miles,North America,0,35-40,27.2727272727273
S,F,0,No,Partial College,Skilled Manual,0,1,1-2 Miles,North America,0,35-40,45.4545454545455
S,M,0,No,Partial College,Skilled Manual,0,1,1-2 Miles,North America,0,35-40,45.4545454545455
S,M,0,No,Partial College,Skilled Manual,1,2,5-10 Miles,North America,1,35-40,63.6363636363636
S,M,0,No,Bachelors,Management,1,1,1-2 Miles,North America,1,35-40,72.7272727272727
M,F,0,No,Bachelors,Management,0,1,0-1 Miles,North America,1,41-45,72.7272727272727
S,F,0,No,Bachelors,Management,1,3,1-2 Miles,North America,0,41-45,90.9090909090909
M,F,5,Si,Partial High School,Management,1,4,0-1 Miles,Pacific,1,35-40,90.9090909090909
M,M,2,Si,Partial College,Professional,1,2,0-1 Miles,Europe,1,51-55,90.9090909090909
M,M,2,Si,Partial College,Professional,1,2,0-1 Miles,Europe,1,51-55,90.9090909090909
S,M,1,Si,Partial College,Professional,0,3,0-1 Miles,Europe,1,51-55,90.9090909090909
S,F,2,Si,Partial College,Professional,0,4,0-1 Miles,Europe,0,51-55,90.9090909090909
S,F,0,No,Partial High School,Manual,0,2,0-1 Miles,Europe,1,29-34,9.09090909090909
S,M,0,No,Partial High School,Manual,0,2,0-1 Miles,Europe,1,29-34,9.09090909090909
S,F,0,No,Partial High School,Manual,1,2,1-2 Miles,Europe,1,29-34,9.09090909090909
S,F,0,No,Partial College,Clerical,0,1,2-5 Miles,Europe,0,29-34,18.1818181818182
S,M,0,No,High School,Manual,0,1,1-2 Miles,Europe,0,29-34,18.1818181818182
M,F,1,Si,Bachelors,Skilled Manual,1,0,1-2 Miles,Europe,1,35-40,27.2727272727273
M,M,1,Si,Bachelors,Skilled Manual,0,0,0-1 Miles,Europe,0,35-40,27.2727272727273
M,F,0,No,Partial High School,Manual,1,2,1-2 Miles,Europe,0,29-34,9.09090909090909
M,M,0,No,Partial High School,Manual,1,2,1-2 Miles,Europe,0,29-34,9.09090909090909
S,M,0,No,Partial High School,Manual,0,2,0-1 Miles,Europe,0,35-40,9.09090909090909
M,F,1,Si,Bachelors,Skilled Manual,1,1,1-2 Miles,Europe,1,35-40,27.2727272727273
M,M,1,Si,Bachelors,Skilled Manual,1,1,1-2 Miles,Europe,1,35-40,27.2727272727273
S,F,0,No,High School,Manual,0,1,2-5 Miles,Europe,1,35-40,18.1818181818182
S,F,0,No,High School,Manual,0,1,2-5 Miles,Europe,1,35-40,18.1818181818182
S,M,0,No,High School,Manual,0,1,1-2 Miles,Europe,1,35-40,18.1818181818182
S,M,0,No,High School,Manual,0,1,1-2 Miles,Europe,1,29-34,18.1818181818182
S,M,0,No,High School,Manual,0,1,2-5 Miles,Europe,1,29-34,18.1818181818182
M,F,2,Si,Partial College,Clerical,1,0,0-1 Miles,Europe,0,35-40,27.2727272727273
S,M,2,Si,Partial College,Clerical,1,0,1-2 Miles,Europe,1,35-40,27.2727272727273
M,F,2,Si,Partial College,Clerical,1,0,1-2 Miles,Europe,1,35-40,27.2727272727273
S,F,0,No,High School,Manual,0,1,2-5 Miles,Europe,1,35-40,18.1818181818182
S,F,0,No,High School,Manual,1,1,2-5 Miles,Europe,1,35-40,18.1818181818182
M,M,2,Si,Partial College,Clerical,1,1,1-2 Miles,Europe,1,29-34,27.2727272727273
M,M,0,No,Graduate Degree,Skilled Manual,1,0,1-2 Miles,Europe,0,29-34,27.2727272727273
M,F,0,No,Graduate Degree,Skilled Manual,1,0,1-2 Miles,Europe,0,35-40,27.2727272727273
S,M,3,Si,Partial College,Clerical,1,0,1-2 Miles,North America,1,29-34,27.2727272727273
S,F,3,Si,Partial College,Clerical,1,1,1-2 Miles,North America,1,29-34,27.2727272727273
M,F,3,Si,Partial College,Clerical,1,1,0-1 Miles,North America,0,29-34,27.2727272727273
M,F,3,Si,Partial College,Clerical,1,1,0-1 Miles,North America,0,35-40,27.2727272727273
S,F,3,Si,Partial College,Clerical,1,1,1-2 Miles,North America,1,35-40,27.2727272727273
M,F,3,Si,Partial College,Clerical,1,1,0-1 Miles,North America,0,35-40,27.2727272727273
S,F,0,No,Graduate Degree,Skilled Manual,0,0,0-1 Miles,North America,0,35-40,45.4545454545455
M,M,0,No,Graduate Degree,Skilled Manual,1,0,1-2 Miles,North America,1,35-40,45.4545454545455
M,F,4,Si,Partial College,Clerical,1,1,0-1 Miles,North America,0,29-34,27.2727272727273
S,M,0,No,Graduate Degree,Skilled Manual,0,0,0-1 Miles,North America,0,41-45,72.7272727272727
M,M,0,No,Graduate Degree,Skilled Manual,0,0,0-1 Miles,North America,0,41-45,72.7272727272727
M,M,0,No,Graduate Degree,Skilled Manual,1,0,1-2 Miles,North America,1,41-45,72.7272727272727
S,F,0,No,Graduate Degree,Skilled Manual,0,0,0-1 Miles,North America,0,41-45,72.7272727272727
M,F,0,No,Graduate Degree,Skilled Manual,1,0,1-2 Miles,North America,1,35-40,72.7272727272727
M,M,3,No,Partial High School,Clerical,0,2,0-1 Miles,North America,0,56-65,9.09090909090909
M,M,1,No,High School,Clerical,1,1,2-5 Miles,North America,1,51-55,18.1818181818182
S,M,1,No,High School,Clerical,0,1,5-10 Miles,North America,0,46-50,18.1818181818182
S,M,1,No,High School,Clerical,0,1,5-10 Miles,North America,0,51-55,18.1818181818182
M,F,1,No,Partial College,Clerical,1,1,1-2 Miles,North America,1,51-55,27.2727272727273
S,M,3,No,Partial High School,Clerical,0,2,1-2 Miles,North America,0,51-55,9.09090909090909
S,M,3,No,Partial High School,Clerical,0,2,1-2 Miles,North America,0,46-50,9.09090909090909
S,M,3,No,Partial High School,Clerical,0,2,0-1 Miles,North America,0,46-50,9.09090909090909
S,M,3,No,Partial High School,Clerical,0,2,1-2 Miles,North America,0,51-55,9.09090909090909
S,M,3,No,Partial High School,Clerical,0,2,0-1 Miles,North America,0,51-55,9.09090909090909
S,F,3,No,Partial High School,Clerical,1,2,1-2 Miles,North America,0,46-50,9.09090909090909
S,M,1,No,High School,Clerical,0,1,10+ Miles,North America,0,46-50,18.1818181818182
S,M,1,No,High School,Clerical,1,2,1-2 Miles,North America,0,41-45,18.1818181818182
S,F,3,No,Partial High School,Clerical,1,2,1-2 Miles,North America,0,51-55,9.09090909090909
S,F,3,No,Partial High School,Clerical,0,2,0-1 Miles,North America,0,46-50,9.09090909090909
S,F,3,No,Partial High School,Clerical,1,2,1-2 Miles,North America,0,51-55,9.09090909090909
S,M,3,No,Partial High School,Clerical,1,2,1-2 Miles,North America,0,51-55,9.09090909090909
S,F,3,No,Partial High School,Clerical,0,2,1-2 Miles,North America,0,51-55,9.09090909090909
M,M,2,No,High School,Skilled Manual,0,2,0-1 Miles,North America,0,51-55,18.1818181818182
M,M,2,No,High School,Skilled Manual,0,2,0-1 Miles,North America,0,51-55,18.1818181818182
M,M,2,Si,Partial High School,Clerical,1,2,0-1 Miles,North America,0,51-55,9.09090909090909
M,F,2,Si,Partial High School,Clerical,1,2,1-2 Miles,North America,0,51-55,9.09090909090909
S,F,2,Si,Partial High School,Clerical,1,2,1-2 Miles,North America,0,51-55,9.09090909090909
M,F,2,Si,Partial High School,Clerical,1,2,0-1 Miles,North America,0,51-55,9.09090909090909
M,F,2,Si,Partial High School,Clerical,1,2,1-2 Miles,North America,0,46-50,9.09090909090909
M,F,2,Si,Partial High School,Clerical,1,2,1-2 Miles,North America,0,41-45,9.09090909090909
M,F,2,No,High School,Skilled Manual,0,2,0-1 Miles,North America,0,51-55,18.1818181818182
M,M,1,No,Partial College,Clerical,0,1,0-1 Miles,North America,0,51-55,27.2727272727273
M,F,1,No,Partial College,Clerical,1,1,1-2 Miles,North America,1,51-55,27.2727272727273
S,F,2,No,Partial College,Clerical,1,1,1-2 Miles,North America,1,51-55,27.2727272727273
S,M,2,No,Partial College,Clerical,0,1,0-1 Miles,North America,0,35-40,27.2727272727273
S,F,2,No,Partial College,Clerical,1,1,1-2 Miles,North America,1,41-45,27.2727272727273
S,M,2,No,Partial College,Clerical,0,1,1-2 Miles,North America,1,46-50,27.2727272727273
S,M,2,No,Partial College,Clerical,1,1,1-2 Miles,North America,1,46-50,27.2727272727273
S,M,0,No,Graduate Degree,Skilled Manual,0,0,0-1 Miles,North America,0,35-40,45.4545454545455
S,M,0,No,Graduate Degree,Skilled Manual,1,0,1-2 Miles,North America,1,29-34,45.4545454545455
S,M,0,No,Graduate Degree,Skilled Manual,0,0,0-1 Miles,North America,0,35-40,45.4545454545455
S,F,0,No,Graduate Degree,Skilled Manual,1,0,1-2 Miles,North America,1,35-40,45.4545454545455
S,M,0,No,Graduate Degree,Skilled Manual,1,0,1-2 Miles,North America,1,35-40,45.4545454545455
S,M,0,No,Graduate Degree,Skilled Manual,0,0,0-1 Miles,North America,0,35-40,45.4545454545455
M,F,1,No,Graduate Degree,Skilled Manual,1,0,0-1 Miles,North America,0,35-40,27.2727272727273
M,M,1,No,Graduate Degree,Skilled Manual,1,0,0-1 Miles,North America,0,29-34,27.2727272727273
S,M,1,No,Graduate Degree,Skilled Manual,1,0,1-2 Miles,North America,1,35-40,45.4545454545455
S,M,1,No,Graduate Degree,Skilled Manual,1,0,1-2 Miles,North America,0,35-40,63.6363636363636
M,F,1,Si,Graduate Degree,Skilled Manual,1,0,0-1 Miles,North America,1,35-40,63.6363636363636
M,M,1,Si,Graduate Degree,Skilled Manual,1,0,1-2 Miles,North America,1,35-40,63.6363636363636
M,M,1,Si,Graduate Degree,Skilled Manual,0,0,0-1 Miles,North America,1,35-40,45.4545454545455
M,F,1,Si,Bachelors,Skilled Manual,1,0,2-5 Miles,North America,1,35-40,45.4545454545455
M,F,1,Si,Bachelors,Skilled Manual,1,0,2-5 Miles,North America,1,35-40,45.4545454545455
M,M,1,Si,Bachelors,Skilled Manual,1,0,2-5 Miles,North America,1,29-34,45.4545454545455
M,F,1,Si,Bachelors,Skilled Manual,1,0,2-5 Miles,North America,1,29-34,45.4545454545455
S,M,1,No,Graduate Degree,Skilled Manual,0,0,0-1 Miles,North America,1,29-34,45.4545454545455
S,F,1,No,Graduate Degree,Skilled Manual,1,0,2-5 Miles,North America,1,35-40,45.4545454545455
S,M,1,No,Graduate Degree,Professional,0,0,0-1 Miles,North America,1,35-40,63.6363636363636
M,M,1,Si,Bachelors,Skilled Manual,1,1,0-1 Miles,North America,1,35-40,27.2727272727273
M,M,1,Si,Bachelors,Skilled Manual,1,1,2-5 Miles,North America,1,29-34,27.2727272727273
M,F,1,No,Graduate Degree,Professional,1,0,2-5 Miles,North America,1,35-40,45.4545454545455
S,F,2,Si,Bachelors,Skilled Manual,0,0,0-1 Miles,North America,1,29-34,45.4545454545455
S,M,2,Si,Bachelors,Skilled Manual,0,0,0-1 Miles,North America,1,35-40,45.4545454545455
M,M,2,Si,Bachelors,Skilled Manual,1,0,2-5 Miles,North America,1,35-40,45.4545454545455
S,F,2,Si,Bachelors,Skilled Manual,0,0,0-1 Miles,North America,1,35-40,45.4545454545455
S,M,2,Si,Bachelors,Skilled Manual,0,0,0-1 Miles,North America,1,35-40,45.4545454545455
S,F,1,No,Graduate Degree,Professional,0,0,0-1 Miles,North America,1,35-40,45.4545454545455
S,F,1,No,Graduate Degree,Professional,1,0,2-5 Miles,North America,1,35-40,45.4545454545455
M,F,1,No,Graduate Degree,Professional,1,0,2-5 Miles,North America,1,35-40,45.4545454545455
M,M,3,No,Graduate Degree,Professional,1,0,2-5 Miles,North America,1,29-34,63.6363636363636
S,M,2,No,High School,Skilled Manual,1,2,2-5 Miles,North America,0,65+,18.1818181818182
S,F,1,No,Graduate Degree,Professional,0,0,0-1 Miles,North America,1,35-40,45.4545454545455
S,F,1,No,Graduate Degree,Professional,1,0,2-5 Miles,North America,1,35-40,45.4545454545455
M,F,1,No,Graduate Degree,Professional,1,0,2-5 Miles,North America,1,35-40,45.4545454545455
M,M,4,Si,High School,Skilled Manual,1,3,10+ Miles,North America,0,35-40,27.2727272727273
S,M,2,Si,Bachelors,Skilled Manual,0,0,0-1 Miles,North America,1,41-45,63.6363636363636
M,F,2,Si,Bachelors,Skilled Manual,1,1,2-5 Miles,North America,1,41-45,63.6363636363636
M,M,2,Si,Bachelors,Skilled Manual,1,1,2-5 Miles,North America,1,35-40,63.6363636363636
S,M,0,No,Bachelors,Professional,0,1,2-5 Miles,North America,1,35-40,27.2727272727273
M,M,2,No,Graduate Degree,Professional,1,0,2-5 Miles,North America,0,35-40,45.4545454545455
S,F,3,No,Graduate Degree,Professional,0,0,0-1 Miles,North America,1,35-40,63.6363636363636
M,M,3,No,Graduate Degree,Professional,1,0,2-5 Miles,North America,1,29-34,63.6363636363636
M,M,4,No,Graduate Degree,Professional,1,0,2-5 Miles,North America,1,29-34,63.6363636363636
M,M,4,No,Graduate Degree,Professional,1,0,2-5 Miles,North America,1,35-40,63.6363636363636
S,M,2,No,Graduate Degree,Professional,0,0,0-1 Miles,North America,1,35-40,72.7272727272727
M,F,2,Si,Bachelors,Skilled Manual,1,1,2-5 Miles,North America,1,35-40,45.4545454545455
S,M,2,Si,Bachelors,Skilled Manual,0,1,0-1 Miles,North America,1,41-45,45.4545454545455
M,F,2,Si,Bachelors,Skilled Manual,1,1,2-5 Miles,North America,1,41-45,45.4545454545455
M,M,3,Si,Bachelors,Skilled Manual,0,0,0-1 Miles,North America,0,35-40,72.7272727272727
M,F,3,Si,Bachelors,Skilled Manual,1,0,2-5 Miles,North America,0,41-45,72.7272727272727
S,M,3,Si,Bachelors,Skilled Manual,1,0,2-5 Miles,North America,0,41-45,72.7272727272727
M,F,3,Si,Bachelors,Skilled Manual,1,1,2-5 Miles,North America,0,41-45,72.7272727272727
M,M,0,No,Graduate Degree,Professional,1,0,2-5 Miles,North America,0,41-45,45.4545454545455
M,F,0,No,Graduate Degree,Professional,1,0,2-5 Miles,North America,0,35-40,45.4545454545455
M,F,4,No,Graduate Degree,Professional,1,0,2-5 Miles,North America,1,41-45,63.6363636363636
S,F,4,No,Graduate Degree,Professional,1,0,2-5 Miles,North America,1,41-45,63.6363636363636
M,F,5,Si,Graduate Degree,Professional,1,2,0-1 Miles,North America,0,35-40,63.6363636363636
M,F,5,Si,Graduate Degree,Professional,1,2,0-1 Miles,North America,0,41-45,63.6363636363636
S,M,3,No,Graduate Degree,Professional,0,0,0-1 Miles,North America,1,35-40,72.7272727272727
S,F,0,No,Bachelors,Professional,0,1,0-1 Miles,North America,1,35-40,27.2727272727273
S,F,3,Si,Bachelors,Skilled Manual,1,2,2-5 Miles,North America,1,41-45,45.4545454545455
M,M,3,Si,Bachelors,Skilled Manual,0,2,0-1 Miles,North America,0,41-45,45.4545454545455
M,M,3,Si,Bachelors,Skilled Manual,1,3,10+ Miles,North America,0,41-45,45.4545454545455
M,M,3,Si,Bachelors,Skilled Manual,1,3,10+ Miles,North America,0,41-45,45.4545454545455
M,M,4,Si,Bachelors,Skilled Manual,1,1,2-5 Miles,North America,0,41-45,45.4545454545455
S,M,0,No,Graduate Degree,Professional,0,0,0-1 Miles,North America,0,35-40,45.4545454545455
M,F,0,No,Graduate Degree,Professional,1,1,2-5 Miles,North America,0,41-45,45.4545454545455
S,F,0,No,Graduate Degree,Professional,0,1,0-1 Miles,North America,1,41-45,45.4545454545455
S,F,0,No,Graduate Degree,Clerical,0,0,0-1 Miles,Europe,1,41-45,27.2727272727273
S,F,0,No,Graduate Degree,Clerical,0,0,0-1 Miles,Europe,1,41-45,27.2727272727273
S,M,0,No,Graduate Degree,Clerical,0,0,0-1 Miles,Europe,1,41-45,27.2727272727273
M,M,2,No,High School,Manual,0,1,1-2 Miles,Europe,0,65+,9.09090909090909
M,M,3,Si,High School,Manual,1,1,0-1 Miles,Europe,1,41-45,9.09090909090909
S,M,3,Si,Partial High School,Manual,1,1,0-1 Miles,Europe,1,41-45,9.09090909090909
S,M,2,No,High School,Manual,0,1,2-5 Miles,Europe,0,65+,9.09090909090909
M,M,1,Si,Bachelors,Clerical,1,0,2-5 Miles,Europe,1,41-45,18.1818181818182
M,M,1,Si,Bachelors,Clerical,0,1,0-1 Miles,Europe,1,35-40,18.1818181818182
M,F,4,Si,Partial High School,Manual,1,2,0-1 Miles,Europe,0,41-45,9.09090909090909
M,F,1,Si,High School,Manual,1,1,2-5 Miles,Europe,1,41-45,9.09090909090909
M,M,0,No,Bachelors,Clerical,1,0,0-1 Miles,Europe,1,41-45,27.2727272727273
S,F,4,No,High School,Manual,0,2,0-1 Miles,Europe,0,65+,9.09090909090909
M,M,1,Si,Bachelors,Skilled Manual,1,2,0-1 Miles,Europe,0,35-40,18.1818181818182
M,M,1,Si,Bachelors,Skilled Manual,1,2,0-1 Miles,Europe,0,41-45,18.1818181818182
M,M,1,Si,Bachelors,Skilled Manual,1,2,0-1 Miles,Europe,0,41-45,18.1818181818182
S,M,4,Si,Partial High School,Manual,1,2,0-1 Miles,Europe,0,41-45,9.09090909090909
M,F,2,Si,High School,Manual,1,0,0-1 Miles,Europe,0,41-45,9.09090909090909
M,F,2,Si,High School,Manual,1,2,0-1 Miles,Europe,0,29-34,9.09090909090909
M,F,1,Si,Bachelors,Skilled Manual,1,2,0-1 Miles,Europe,0,35-40,18.1818181818182
M,F,3,Si,Partial High School,Manual,1,1,0-1 Miles,Europe,1,41-45,9.09090909090909
M,F,0,No,Partial College,Skilled Manual,1,2,5-10 Miles,North America,1,35-40,63.6363636363636
S,M,0,Si,Partial High School,Management,0,4,10+ Miles,Pacific,0,29-34,90.9090909090909
S,M,0,Si,Partial High School,Management,1,4,0-1 Miles,Pacific,1,35-40,90.9090909090909
M,M,4,Si,Partial College,Professional,1,1,10+ Miles,North America,0,56-65,63.6363636363636
S,F,4,Si,Partial College,Professional,1,1,10+ Miles,North America,0,56-65,63.6363636363636
M,M,2,Si,Bachelors,Management,1,4,0-1 Miles,Europe,0,51-55,90.9090909090909
S,F,2,Si,Partial College,Professional,0,2,0-1 Miles,Europe,1,51-55,90.9090909090909
M,M,2,Si,Partial College,Professional,1,3,5-10 Miles,Europe,0,51-55,81.8181818181818
M,M,2,Si,Partial College,Professional,1,2,0-1 Miles,Europe,1,46-50,90.9090909090909
S,M,2,Si,Partial College,Professional,0,2,0-1 Miles,Europe,1,41-45,90.9090909090909
S,M,2,Si,Partial College,Professional,1,4,5-10 Miles,Europe,0,51-55,90.9090909090909
M,M,2,Si,Partial College,Professional,1,4,5-10 Miles,Europe,0,51-55,90.9090909090909
S,M,3,Si,High School,Professional,0,4,5-10 Miles,Europe,0,51-55,90.9090909090909
S,F,2,Si,High School,Professional,0,2,0-1 Miles,Europe,1,51-55,90.9090909090909
S,M,3,Si,Partial College,Professional,0,4,0-1 Miles,Europe,0,51-55,90.9090909090909
M,M,2,Si,High School,Professional,1,2,10+ Miles,Europe,1,51-55,81.8181818181818
M,F,2,Si,High School,Professional,0,4,2-5 Miles,Europe,0,46-50,81.8181818181818
M,M,3,Si,High School,Professional,1,3,0-1 Miles,Europe,1,51-55,90.9090909090909
S,F,5,Si,High School,Professional,1,2,10+ Miles,Europe,0,56-65,63.6363636363636
S,F,2,Si,Graduate Degree,Management,0,4,2-5 Miles,Europe,0,65+,81.8181818181818
S,M,3,Si,Bachelors,Management,0,4,5-10 Miles,Europe,0,56-65,90.9090909090909
M,F,5,Si,High School,Professional,1,2,10+ Miles,Europe,0,56-65,63.6363636363636
S,F,5,No,Partial College,Professional,1,2,10+ Miles,Europe,0,56-65,81.8181818181818
M,M,2,Si,Bachelors,Management,0,4,2-5 Miles,Europe,0,56-65,81.8181818181818
S,M,4,Si,Partial College,Professional,0,4,5-10 Miles,Europe,0,56-65,90.9090909090909
M,M,4,Si,Bachelors,Management,1,3,0-1 Miles,Europe,1,56-65,90.9090909090909
M,M,4,Si,Bachelors,Management,1,4,10+ Miles,Europe,1,56-65,90.9090909090909
M,F,4,Si,Partial College,Professional,1,2,10+ Miles,Europe,0,56-65,72.7272727272727
M,F,3,Si,High School,Professional,1,4,0-1 Miles,Europe,0,51-55,90.9090909090909
S,F,3,Si,Bachelors,Management,0,3,2-5 Miles,Europe,0,56-65,81.8181818181818
M,M,2,Si,Partial College,Professional,0,2,10+ Miles,Europe,0,51-55,90.9090909090909
M,F,0,Si,Bachelors,Management,1,3,0-1 Miles,Europe,1,56-65,90.9090909090909
M,F,4,Si,Partial College,Professional,1,2,10+ Miles,Europe,0,51-55,72.7272727272727
M,F,4,Si,Partial College,Professional,1,2,2-5 Miles,Europe,1,56-65,72.7272727272727
S,F,4,Si,Partial College,Professional,1,3,10+ Miles,Europe,0,51-55,90.9090909090909
S,F,4,Si,High School,Professional,0,3,10+ Miles,Europe,0,56-65,90.9090909090909
S,F,4,Si,High School,Professional,0,3,10+ Miles,Europe,0,56-65,90.9090909090909
S,M,4,Si,High School,Management,1,3,10+ Miles,Europe,0,51-55,81.8181818181818
S,M,4,Si,High School,Management,1,2,10+ Miles,Europe,0,56-65,90.9090909090909
M,F,5,Si,High School,Management,0,3,5-10 Miles,Europe,0,51-55,72.7272727272727
M,F,5,Si,High School,Management,1,3,10+ Miles,Europe,0,56-65,72.7272727272727
M,M,4,Si,High School,Management,1,3,10+ Miles,Europe,0,51-55,90.9090909090909
M,F,4,Si,Partial High School,Skilled Manual,1,4,10+ Miles,Europe,0,56-65,81.8181818181818
M,F,4,Si,High School,Management,1,4,0-1 Miles,Europe,0,56-65,90.9090909090909
S,M,5,Si,High School,Management,0,4,10+ Miles,Europe,0,56-65,90.9090909090909
S,M,5,No,Partial High School,Skilled Manual,0,2,5-10 Miles,Europe,0,56-65,81.8181818181818
M,M,3,Si,High School,Management,0,4,5-10 Miles,Europe,0,56-65,81.8181818181818
S,M,4,Si,Partial High School,Professional,0,3,10+ Miles,Europe,1,56-65,90.9090909090909
S,F,0,No,Bachelors,Professional,0,3,2-5 Miles,Pacific,0,29-34,45.4545454545455
S,M,0,No,Bachelors,Professional,1,2,10+ Miles,Pacific,1,29-34,63.6363636363636
S,M,0,No,Bachelors,Professional,1,2,10+ Miles,Pacific,1,29-34,63.6363636363636
S,F,0,No,Bachelors,Professional,0,4,2-5 Miles,Pacific,0,29-34,45.4545454545455
S,F,0,No,Bachelors,Professional,0,3,10+ Miles,Pacific,0,29-34,63.6363636363636
S,F,0,No,Bachelors,Professional,1,3,10+ Miles,Pacific,0,29-34,63.6363636363636
S,F,0,No,Bachelors,Professional,0,3,10+ Miles,Pacific,0,29-34,63.6363636363636
M,M,0,No,Bachelors,Professional,1,3,10+ Miles,Pacific,0,29-34,63.6363636363636
S,M,0,No,Bachelors,Professional,0,2,10+ Miles,Pacific,1,29-34,72.7272727272727
S,F,0,No,Bachelors,Professional,0,3,10+ Miles,Pacific,0,29-34,63.6363636363636
S,M,0,No,Bachelors,Professional,1,4,10+ Miles,Pacific,0,35-40,45.4545454545455
M,F,0,No,Bachelors,Professional,1,3,10+ Miles,Pacific,0,29-34,72.7272727272727
M,M,0,No,Bachelors,Professional,1,2,10+ Miles,Pacific,1,29-34,81.8181818181818
S,F,0,No,Bachelors,Professional,1,3,10+ Miles,Pacific,0,35-40,81.8181818181818
M,F,0,No,Bachelors,Professional,0,3,10+ Miles,Pacific,1,29-34,81.8181818181818
S,F,0,Si,Partial College,Management,1,3,10+ Miles,Pacific,1,35-40,90.9090909090909
S,F,0,Si,Partial College,Management,1,3,10+ Miles,Pacific,1,35-40,90.9090909090909
M,F,4,Si,High School,Management,1,4,0-1 Miles,Pacific,1,35-40,90.9090909090909
S,M,0,Si,High School,Management,1,3,10+ Miles,Pacific,1,35-40,81.8181818181818
S,M,0,Si,High School,Management,0,3,10+ Miles,Pacific,1,29-34,81.8181818181818
M,M,0,No,Bachelors,Professional,1,4,10+ Miles,Pacific,0,35-40,72.7272727272727
S,F,0,Si,Partial High School,Professional,0,4,10+ Miles,Pacific,1,35-40,90.9090909090909
M,F,0,Si,High School,Management,1,3,10+ Miles,Pacific,1,35-40,81.8181818181818
S,F,0,Si,Partial High School,Professional,1,4,10+ Miles,Pacific,1,35-40,81.8181818181818
S,M,0,Si,High School,Management,0,4,10+ Miles,Pacific,1,35-40,90.9090909090909
S,M,5,Si,High School,Management,1,4,0-1 Miles,Pacific,0,35-40,90.9090909090909
S,M,0,Si,High School,Management,0,4,10+ Miles,Pacific,1,35-40,90.9090909090909
M,F,4,No,High School,Professional,1,2,5-10 Miles,North America,0,56-65,18.1818181818182
M,M,4,No,High School,Professional,1,2,5-10 Miles,North America,0,56-65,18.1818181818182
S,F,4,No,High School,Professional,1,2,5-10 Miles,North America,0,56-65,18.1818181818182
M,F,4,No,High School,Professional,1,2,5-10 Miles,North America,0,65+,27.2727272727273
S,M,3,No,Graduate Degree,Management,1,2,10+ Miles,North America,0,65+,45.4545454545455
S,M,3,No,Graduate Degree,Management,1,2,10+ Miles,North America,0,65+,45.4545454545455
M,M,3,No,Graduate Degree,Management,1,2,10+ Miles,North America,0,65+,45.4545454545455
M,M,3,No,Graduate Degree,Management,1,2,10+ Miles,North America,0,65+,45.4545454545455
S,M,3,No,Graduate Degree,Management,1,2,10+ Miles,North America,0,65+,45.4545454545455
S,F,3,No,Graduate Degree,Management,1,2,10+ Miles,North America,0,65+,45.4545454545455
M,M,3,No,Graduate Degree,Management,1,2,10+ Miles,North America,0,65+,45.4545454545455
S,F,3,No,Graduate Degree,Management,1,2,10+ Miles,North America,0,65+,45.4545454545455
M,F,3,No,Bachelors,Management,1,2,10+ Miles,North America,0,65+,45.4545454545455
S,F,3,No,Bachelors,Management,0,2,1-2 Miles,North America,0,65+,45.4545454545455
S,F,3,No,Bachelors,Management,0,2,1-2 Miles,North America,0,56-65,45.4545454545455
S,F,3,No,Bachelors,Management,0,2,1-2 Miles,North America,0,65+,45.4545454545455
S,F,4,No,High School,Professional,0,2,1-2 Miles,North America,0,65+,27.2727272727273
S,F,3,No,Bachelors,Management,1,2,10+ Miles,North America,0,56-65,45.4545454545455
S,M,3,No,Bachelors,Management,0,2,1-2 Miles,North America,0,65+,45.4545454545455
S,F,3,No,Bachelors,Management,0,2,1-2 Miles,North America,0,65+,45.4545454545455
M,F,3,No,Bachelors,Management,1,2,10+ Miles,North America,0,65+,45.4545454545455
S,F,3,No,Bachelors,Management,0,2,1-2 Miles,North America,0,65+,45.4545454545455
M,M,4,No,Bachelors,Management,1,2,10+ Miles,North America,0,65+,45.4545454545455
M,M,4,No,Bachelors,Management,1,2,10+ Miles,North America,0,56-65,45.4545454545455
S,M,4,No,Bachelors,Management,1,2,10+ Miles,North America,0,65+,45.4545454545455
S,F,4,No,Bachelors,Management,0,2,1-2 Miles,North America,0,65+,45.4545454545455
S,F,4,No,Bachelors,Management,0,2,1-2 Miles,North America,0,65+,45.4545454545455
S,F,4,No,High School,Professional,0,2,1-2 Miles,North America,0,56-65,18.1818181818182
M,M,5,No,Partial High School,Clerical,0,2,1-2 Miles,North America,0,56-65,18.1818181818182
S,M,4,No,High School,Professional,1,2,10+ Miles,North America,0,56-65,27.2727272727273
S,F,4,No,High School,Professional,1,2,10+ Miles,North America,0,56-65,27.2727272727273
S,F,4,No,High School,Professional,0,2,1-2 Miles,North America,0,56-65,27.2727272727273
S,F,5,No,Partial High School,Clerical,0,3,1-2 Miles,North America,0,56-65,9.09090909090909
M,M,5,No,Partial High School,Skilled Manual,1,3,10+ Miles,North America,1,56-65,18.1818181818182
M,F,5,No,Partial High School,Skilled Manual,1,3,10+ Miles,North America,1,56-65,18.1818181818182
S,F,5,No,Partial High School,Skilled Manual,0,3,1-2 Miles,North America,0,56-65,18.1818181818182
S,M,5,No,High School,Professional,0,3,2-5 Miles,North America,1,56-65,27.2727272727273
M,M,5,No,High School,Professional,1,4,10+ Miles,North America,1,56-65,27.2727272727273
M,F,5,No,High School,Professional,0,4,2-5 Miles,North America,1,56-65,27.2727272727273
S,M,5,No,Bachelors,Management,1,3,10+ Miles,North America,1,56-65,63.6363636363636
M,F,2,Si,High School,Professional,1,2,10+ Miles,North America,0,56-65,27.2727272727273
S,M,2,Si,Bachelors,Management,1,1,10+ Miles,North America,0,56-65,63.6363636363636
S,M,2,Si,Bachelors,Management,0,1,2-5 Miles,North America,1,51-55,63.6363636363636
S,F,2,Si,Bachelors,Management,0,1,2-5 Miles,North America,1,56-65,63.6363636363636
M,M,2,Si,Bachelors,Management,1,1,10+ Miles,North America,0,56-65,63.6363636363636
M,M,2,Si,Bachelors,Management,1,1,10+ Miles,North America,0,56-65,63.6363636363636
M,M,2,Si,Partial College,Professional,1,1,2-5 Miles,North America,0,56-65,63.6363636363636
S,F,2,Si,High School,Professional,1,2,10+ Miles,North America,0,56-65,27.2727272727273
M,F,2,Si,High School,Professional,1,2,2-5 Miles,North America,1,56-65,27.2727272727273
M,F,2,Si,Partial College,Professional,1,1,10+ Miles,North America,0,56-65,45.4545454545455
M,M,2,Si,Partial College,Professional,1,1,10+ Miles,North America,0,56-65,45.4545454545455
M,F,2,Si,Partial College,Professional,1,2,10+ Miles,North America,1,56-65,45.4545454545455
M,M,2,Si,Partial College,Professional,1,2,10+ Miles,North America,0,56-65,45.4545454545455
S,F,2,Si,Partial College,Professional,1,2,10+ Miles,North America,0,56-65,45.4545454545455
S,F,2,Si,Partial College,Professional,1,2,10+ Miles,North America,0,56-65,45.4545454545455
M,M,2,Si,Partial High School,Skilled Manual,1,2,2-5 Miles,North America,1,51-55,27.2727272727273
M,F,2,Si,Partial High School,Skilled Manual,1,2,2-5 Miles,North America,1,56-65,27.2727272727273
M,F,2,Si,Partial High School,Skilled Manual,1,2,10+ Miles,North America,0,51-55,27.2727272727273
S,F,2,Si,Partial College,Professional,1,2,10+ Miles,North America,0,56-65,45.4545454545455
M,F,2,Si,Partial College,Professional,1,2,10+ Miles,North America,0,51-55,45.4545454545455
M,M,2,Si,Partial College,Professional,1,2,10+ Miles,North America,0,56-65,45.4545454545455
S,M,2,Si,Partial College,Professional,0,2,2-5 Miles,North America,1,56-65,45.4545454545455
S,M,2,Si,Partial College,Professional,1,0,10+ Miles,North America,1,56-65,45.4545454545455
M,M,5,Si,Partial College,Professional,1,2,10+ Miles,North America,1,56-65,63.6363636363636
M,F,2,Si,Partial High School,Skilled Manual,0,2,2-5 Miles,North America,1,51-55,27.2727272727273
S,F,2,Si,Partial College,Professional,0,2,2-5 Miles,North America,1,56-65,45.4545454545455
M,M,4,Si,Partial College,Professional,0,1,1-2 Miles,North America,0,56-65,63.6363636363636
M,F,4,Si,Partial College,Professional,1,1,10+ Miles,North America,0,51-55,63.6363636363636
M,F,4,Si,Partial College,Professional,1,1,10+ Miles,North America,0,56-65,63.6363636363636
M,F,4,Si,Partial College,Professional,1,1,10+ Miles,North America,0,56-65,63.6363636363636
S,M,4,Si,Partial College,Professional,1,1,10+ Miles,North America,0,56-65,63.6363636363636
M,F,3,Si,Bachelors,Management,1,1,5-10 Miles,North America,0,56-65,72.7272727272727
S,F,2,Si,High School,Professional,0,2,2-5 Miles,North America,1,56-65,45.4545454545455
M,M,2,Si,High School,Professional,0,2,2-5 Miles,North America,1,56-65,45.4545454545455
M,M,2,Si,Partial College,Professional,1,1,10+ Miles,North America,0,51-55,45.4545454545455
S,F,2,Si,Partial College,Professional,1,2,10+ Miles,North America,0,51-55,45.4545454545455
M,M,2,Si,Partial College,Professional,1,2,10+ Miles,North America,0,56-65,45.4545454545455
S,M,2,Si,High School,Professional,1,2,10+ Miles,North America,0,51-55,63.6363636363636
M,M,2,Si,High School,Professional,1,2,10+ Miles,North America,0,56-65,63.6363636363636
M,M,2,Si,Partial High School,Skilled Manual,1,2,10+ Miles,North America,0,51-55,63.6363636363636
S,M,3,Si,High School,Professional,1,2,10+ Miles,North America,0,56-65,45.4545454545455
S,F,5,No,Graduate Degree,Professional,1,0,2-5 Miles,North America,1,35-40,63.6363636363636
M,F,5,No,Graduate Degree,Professional,0,0,0-1 Miles,North America,1,41-45,63.6363636363636
M,M,5,Si,Graduate Degree,Professional,1,2,2-5 Miles,North America,0,35-40,63.6363636363636
S,F,0,No,Bachelors,Management,0,1,0-1 Miles,North America,1,41-45,72.7272727272727
M,M,0,No,Bachelors,Management,0,1,0-1 Miles,North America,1,41-45,72.7272727272727
S,M,4,Si,Bachelors,Management,1,1,1-2 Miles,North America,1,35-40,81.8181818181818
M,F,4,Si,Bachelors,Management,1,1,1-2 Miles,North America,0,35-40,81.8181818181818
S,F,0,No,Bachelors,Management,1,2,1-2 Miles,North America,1,35-40,81.8181818181818
S,M,1,No,Bachelors,Management,1,2,1-2 Miles,North America,1,41-45,81.8181818181818
M,M,2,Si,Graduate Degree,Management,1,3,1-2 Miles,North America,1,35-40,90.9090909090909
S,F,1,No,Graduate Degree,Management,0,2,0-1 Miles,North America,1,41-45,90.9090909090909
S,F,1,No,Graduate Degree,Management,0,1,0-1 Miles,North America,1,35-40,90.9090909090909
M,F,0,No,Partial College,Skilled Manual,1,1,5-10 Miles,North America,0,29-34,27.2727272727273
M,M,0,No,Bachelors,Professional,0,2,1-2 Miles,North America,0,29-34,27.2727272727273
S,F,2,Si,High School,Skilled Manual,0,2,1-2 Miles,Pacific,0,56-65,9.09090909090909
M,F,0,No,Partial College,Skilled Manual,1,1,5-10 Miles,North America,0,29-34,18.1818181818182
M,F,0,No,Partial College,Skilled Manual,0,2,1-2 Miles,North America,1,29-34,45.4545454545455
M,M,0,No,Partial College,Skilled Manual,1,2,5-10 Miles,North America,1,29-34,45.4545454545455
S,F,2,No,Partial College,Clerical,0,2,5-10 Miles,Pacific,1,56-65,18.1818181818182
S,M,4,No,High School,Skilled Manual,0,2,1-2 Miles,Pacific,1,56-65,9.09090909090909
S,M,2,Si,Partial High School,Clerical,1,2,5-10 Miles,Pacific,1,56-65,9.09090909090909
S,M,0,No,Bachelors,Professional,0,2,5-10 Miles,North America,0,29-34,27.2727272727273
S,M,0,No,Partial College,Skilled Manual,1,1,5-10 Miles,North America,0,29-34,27.2727272727273
M,F,0,No,Partial College,Skilled Manual,1,1,5-10 Miles,North America,0,29-34,27.2727272727273
S,F,0,No,Partial College,Skilled Manual,1,2,5-10 Miles,North America,0,29-34,27.2727272727273
S,M,0,No,Partial College,Skilled Manual,0,2,1-2 Miles,North America,0,29-34,45.4545454545455
S,M,0,No,Partial College,Skilled Manual,0,2,0-1 Miles,North America,0,29-34,63.6363636363636
M,M,0,No,Partial College,Skilled Manual,0,2,1-2 Miles,North America,0,29-34,45.4545454545455
S,F,0,No,Partial College,Skilled Manual,1,2,5-10 Miles,North America,0,29-34,45.4545454545455
M,F,2,Si,Partial High School,Clerical,0,2,1-2 Miles,Pacific,0,56-65,9.09090909090909
S,M,2,Si,Partial High School,Clerical,1,2,5-10 Miles,Pacific,0,56-65,9.09090909090909
M,F,2,Si,Partial High School,Clerical,1,2,5-10 Miles,Pacific,1,51-55,9.09090909090909
M,F,2,Si,Partial High School,Clerical,1,2,5-10 Miles,Pacific,1,51-55,9.09090909090909
M,M,2,No,Partial College,Skilled Manual,1,2,5-10 Miles,Pacific,1,56-65,27.2727272727273
M,M,2,No,Partial College,Skilled Manual,1,2,5-10 Miles,Pacific,1,56-65,27.2727272727273
S,M,3,No,Partial High School,Clerical,0,2,1-2 Miles,Pacific,0,51-55,27.2727272727273
S,M,3,No,Partial High School,Clerical,0,2,1-2 Miles,Pacific,0,51-55,27.2727272727273
S,F,3,No,Partial High School,Clerical,0,2,5-10 Miles,Pacific,1,46-50,27.2727272727273
S,F,2,No,Partial College,Skilled Manual,0,2,1-2 Miles,Pacific,1,46-50,72.7272727272727
S,F,2,No,Partial College,Skilled Manual,1,2,5-10 Miles,Pacific,1,46-50,72.7272727272727
M,F,2,No,Partial College,Skilled Manual,1,2,5-10 Miles,Pacific,1,51-55,72.7272727272727
M,M,2,No,Partial College,Skilled Manual,1,2,5-10 Miles,Pacific,1,51-55,72.7272727272727
S,F,2,No,Partial College,Skilled Manual,0,2,1-2 Miles,Pacific,1,51-55,72.7272727272727
S,F,0,No,Partial College,Skilled Manual,0,2,1-2 Miles,North America,1,29-34,27.2727272727273
M,F,0,No,High School,Skilled Manual,1,2,5-10 Miles,North America,0,29-34,27.2727272727273
M,M,0,No,High School,Skilled Manual,1,2,5-10 Miles,North America,0,29-34,27.2727272727273
S,F,0,No,High School,Skilled Manual,0,2,1-2 Miles,North America,1,29-34,27.2727272727273
M,F,0,No,Partial College,Skilled Manual,1,2,5-10 Miles,North America,0,35-40,45.4545454545455
M,F,0,No,Partial College,Skilled Manual,1,2,5-10 Miles,North America,0,35-40,45.4545454545455
S,M,0,No,Partial College,Skilled Manual,1,2,5-10 Miles,North America,0,29-34,45.4545454545455
S,M,0,No,High School,Skilled Manual,0,2,1-2 Miles,North America,1,35-40,45.4545454545455
M,F,0,No,High School,Skilled Manual,1,2,5-10 Miles,North America,0,35-40,45.4545454545455
M,F,0,No,Partial College,Skilled Manual,1,2,5-10 Miles,North America,1,35-40,45.4545454545455
M,M,0,No,Partial College,Skilled Manual,1,2,5-10 Miles,North America,1,35-40,45.4545454545455
S,M,0,No,Partial College,Professional,0,2,1-2 Miles,North America,0,29-34,45.4545454545455
M,M,0,No,Partial College,Professional,0,2,1-2 Miles,North America,0,29-34,45.4545454545455
S,M,2,No,High School,Skilled Manual,1,2,5-10 Miles,Pacific,1,51-55,72.7272727272727
M,F,0,No,Partial College,Professional,1,2,5-10 Miles,North America,0,29-34,45.4545454545455
S,M,2,No,High School,Skilled Manual,0,2,1-2 Miles,Pacific,1,51-55,63.6363636363636
M,M,2,No,High School,Skilled Manual,1,2,5-10 Miles,Pacific,1,51-55,63.6363636363636
S,F,2,No,High School,Professional,1,2,5-10 Miles,Pacific,1,41-45,63.6363636363636
M,M,1,Si,Bachelors,Management,1,1,10+ Miles,Pacific,0,51-55,81.8181818181818
S,F,1,Si,Bachelors,Management,1,2,2-5 Miles,Pacific,1,46-50,81.8181818181818
S,F,1,Si,Bachelors,Management,1,3,2-5 Miles,Pacific,0,35-40,81.8181818181818
S,M,0,Si,Graduate Degree,Management,0,3,1-2 Miles,North America,0,41-45,90.9090909090909
M,F,2,No,Partial High School,Skilled Manual,1,2,5-10 Miles,North America,0,46-50,63.6363636363636
M,F,2,No,Partial High School,Skilled Manual,1,2,5-10 Miles,North America,0,51-55,63.6363636363636
M,M,4,Si,Bachelors,Skilled Manual,1,2,2-5 Miles,North America,0,41-45,45.4545454545455
S,F,4,Si,Bachelors,Skilled Manual,0,2,0-1 Miles,North America,0,46-50,45.4545454545455
S,M,4,Si,Bachelors,Skilled Manual,1,2,2-5 Miles,North America,0,46-50,45.4545454545455
M,F,4,Si,Bachelors,Skilled Manual,1,2,2-5 Miles,North America,0,46-50,45.4545454545455
S,F,4,Si,Bachelors,Skilled Manual,0,2,0-1 Miles,North America,1,41-45,45.4545454545455
S,M,4,Si,Bachelors,Skilled Manual,1,2,2-5 Miles,North America,1,35-40,45.4545454545455
S,M,4,Si,Bachelors,Professional,1,2,2-5 Miles,North America,1,46-50,63.6363636363636
S,F,4,Si,Bachelors,Professional,0,2,0-1 Miles,North America,1,46-50,63.6363636363636
S,F,0,No,Bachelors,Professional,0,1,0-1 Miles,North America,1,41-45,63.6363636363636
S,M,0,No,Bachelors,Professional,0,1,2-5 Miles,North America,0,46-50,63.6363636363636
S,F,3,Si,Graduate Degree,Professional,1,0,2-5 Miles,North America,1,35-40,45.4545454545455
M,F,3,Si,Graduate Degree,Professional,1,0,2-5 Miles,North America,1,46-50,45.4545454545455
S,M,3,Si,Graduate Degree,Professional,0,0,0-1 Miles,North America,1,35-40,45.4545454545455
M,F,1,No,Partial College,Skilled Manual,1,1,0-1 Miles,North America,1,35-40,63.6363636363636
M,F,1,No,Partial College,Skilled Manual,1,1,2-5 Miles,North America,1,46-50,63.6363636363636
M,F,1,No,Partial College,Skilled Manual,1,1,2-5 Miles,North America,1,46-50,63.6363636363636
M,F,4,Si,High School,Skilled Manual,1,3,10+ Miles,North America,0,46-50,27.2727272727273
M,F,4,Si,High School,Skilled Manual,1,3,5-10 Miles,North America,0,46-50,27.2727272727273
S,M,4,Si,High School,Skilled Manual,1,2,2-5 Miles,North America,1,46-50,27.2727272727273
M,M,1,No,Partial College,Skilled Manual,1,1,2-5 Miles,North America,1,46-50,45.4545454545455
M,M,0,No,Bachelors,Professional,0,1,0-1 Miles,North America,1,35-40,27.2727272727273
M,M,1,No,Partial College,Skilled Manual,1,1,2-5 Miles,North America,1,46-50,45.4545454545455
M,F,1,No,Partial College,Skilled Manual,1,1,2-5 Miles,North America,1,46-50,45.4545454545455
M,M,1,No,Partial College,Skilled Manual,1,1,0-1 Miles,North America,1,46-50,45.4545454545455
S,F,0,No,Partial College,Skilled Manual,0,1,0-1 Miles,North America,1,35-40,45.4545454545455
S,F,0,No,Partial College,Skilled Manual,0,1,2-5 Miles,North America,0,41-45,45.4545454545455
S,F,0,No,Partial College,Skilled Manual,0,1,0-1 Miles,North America,1,41-45,45.4545454545455
S,F,0,No,Partial College,Skilled Manual,0,1,2-5 Miles,North America,1,41-45,45.4545454545455
S,F,0,No,Partial College,Skilled Manual,0,1,2-5 Miles,North America,1,41-45,45.4545454545455
S,F,0,No,Graduate Degree,Professional,1,1,2-5 Miles,North America,1,35-40,45.4545454545455
S,M,0,No,Graduate Degree,Professional,0,1,0-1 Miles,North America,1,41-45,45.4545454545455
M,M,0,No,Graduate Degree,Professional,0,1,0-1 Miles,North America,1,41-45,45.4545454545455
S,M,2,No,High School,Skilled Manual,0,1,0-1 Miles,North America,0,65+,27.2727272727273
M,F,1,No,Partial College,Skilled Manual,1,1,0-1 Miles,North America,1,46-50,45.4545454545455
M,F,1,No,Partial College,Skilled Manual,1,1,2-5 Miles,North America,1,46-50,45.4545454545455
M,M,1,No,Partial College,Skilled Manual,1,1,2-5 Miles,North America,1,46-50,45.4545454545455
M,F,1,No,Partial College,Skilled Manual,1,1,2-5 Miles,North America,1,41-45,45.4545454545455
M,F,1,No,Partial College,Skilled Manual,1,1,2-5 Miles,North America,1,46-50,45.4545454545455
M,M,1,No,Partial College,Skilled Manual,0,1,0-1 Miles,North America,1,41-45,45.4545454545455
M,F,1,No,Partial College,Skilled Manual,1,1,2-5 Miles,North America,1,46-50,45.4545454545455
M,M,5,Si,Bachelors,Professional,1,0,2-5 Miles,North America,0,46-50,45.4545454545455
M,M,4,Si,Bachelors,Professional,1,0,2-5 Miles,North America,0,51-55,45.4545454545455
S,F,1,No,Graduate Degree,Professional,0,1,0-1 Miles,North America,1,46-50,63.6363636363636
M,F,5,Si,Graduate Degree,Professional,1,3,10+ Miles,North America,0,51-55,63.6363636363636
S,M,5,Si,Graduate Degree,Professional,1,3,10+ Miles,North America,1,46-50,63.6363636363636
S,M,1,No,Graduate Degree,Professional,1,0,0-1 Miles,North America,1,46-50,72.7272727272727
M,F,1,No,Partial College,Skilled Manual,1,1,0-1 Miles,North America,1,51-55,72.7272727272727
M,M,3,Si,Bachelors,Professional,1,0,2-5 Miles,North America,1,51-55,45.4545454545455
S,F,1,No,Bachelors,Professional,0,1,0-1 Miles,North America,1,46-50,45.4545454545455
S,F,1,No,Bachelors,Professional,1,1,2-5 Miles,North America,1,51-55,45.4545454545455
S,F,1,No,Bachelors,Professional,1,1,2-5 Miles,North America,1,29-34,45.4545454545455
S,F,1,No,Bachelors,Professional,1,1,2-5 Miles,North America,1,46-50,45.4545454545455
S,F,5,Si,Graduate Degree,Professional,1,1,2-5 Miles,North America,0,35-40,63.6363636363636
S,F,5,No,Graduate Degree,Professional,0,0,0-1 Miles,North America,1,35-40,72.7272727272727
S,M,5,Si,Graduate Degree,Professional,1,0,0-1 Miles,North America,1,51-55,72.7272727272727
S,M,4,Si,Graduate Degree,Management,1,0,0-1 Miles,Pacific,1,29-34,72.7272727272727
M,M,4,Si,Graduate Degree,Management,1,0,0-1 Miles,Pacific,1,29-34,72.7272727272727
M,F,4,Si,Graduate Degree,Management,1,1,0-1 Miles,Pacific,1,29-34,72.7272727272727
M,F,1,No,Graduate Degree,Management,1,0,0-1 Miles,Pacific,1,35-40,81.8181818181818
M,M,1,No,Graduate Degree,Management,0,0,0-1 Miles,Pacific,1,35-40,81.8181818181818
M,F,2,No,Bachelors,Professional,0,0,0-1 Miles,Pacific,1,41-45,81.8181818181818
S,M,2,No,Bachelors,Professional,0,0,0-1 Miles,Pacific,1,35-40,81.8181818181818
M,M,1,No,Graduate Degree,Management,1,0,1-2 Miles,Pacific,1,35-40,81.8181818181818
M,F,4,Si,Graduate Degree,Management,0,1,0-1 Miles,Pacific,0,35-40,72.7272727272727
M,M,2,Si,Bachelors,Professional,1,1,2-5 Miles,Pacific,1,41-45,45.4545454545455
S,F,2,Si,Bachelors,Professional,0,1,0-1 Miles,Pacific,1,41-45,45.4545454545455
S,F,2,Si,Bachelors,Professional,1,1,2-5 Miles,Pacific,1,41-45,45.4545454545455
S,F,2,Si,Bachelors,Professional,0,1,0-1 Miles,Pacific,1,41-45,45.4545454545455
M,F,5,Si,Bachelors,Professional,1,3,10+ Miles,Pacific,0,41-45,63.6363636363636
S,M,5,Si,Bachelors,Professional,1,3,10+ Miles,Pacific,0,41-45,63.6363636363636
S,F,1,No,Graduate Degree,Management,0,1,2-5 Miles,Pacific,1,41-45,90.9090909090909
S,F,1,No,Graduate Degree,Management,1,0,1-2 Miles,Pacific,1,35-40,90.9090909090909
M,F,5,Si,Bachelors,Professional,1,4,10+ Miles,Pacific,0,41-45,63.6363636363636
M,M,5,Si,Bachelors,Professional,1,4,10+ Miles,Pacific,0,41-45,63.6363636363636
M,M,5,Si,Bachelors,Professional,1,4,10+ Miles,Pacific,0,41-45,63.6363636363636
M,M,5,Si,Graduate Degree,Management,1,2,0-1 Miles,Pacific,0,41-45,72.7272727272727
M,F,5,Si,Bachelors,Professional,1,4,1-2 Miles,Pacific,0,35-40,72.7272727272727
M,M,0,No,Bachelors,Professional,1,0,2-5 Miles,Pacific,1,41-45,81.8181818181818
M,F,3,Si,Partial High School,Skilled Manual,1,3,10+ Miles,North America,0,56-65,45.4545454545455
M,F,2,No,High School,Professional,1,2,5-10 Miles,North America,0,51-55,45.4545454545455
M,F,2,No,High School,Professional,1,2,5-10 Miles,North America,1,51-55,45.4545454545455
M,M,2,No,Partial High School,Skilled Manual,1,2,5-10 Miles,North America,0,51-55,72.7272727272727
S,F,2,No,Partial High School,Skilled Manual,1,2,5-10 Miles,North America,0,51-55,72.7272727272727
M,M,2,No,Partial High School,Skilled Manual,1,2,5-10 Miles,North America,0,51-55,72.7272727272727
S,F,2,No,Partial High School,Skilled Manual,0,2,1-2 Miles,North America,0,46-50,72.7272727272727
S,M,2,No,High School,Professional,1,2,5-10 Miles,North America,1,51-55,45.4545454545455
M,M,4,Si,Partial College,Professional,1,3,2-5 Miles,North America,0,41-45,81.8181818181818
S,F,4,Si,Partial College,Professional,1,3,2-5 Miles,North America,1,35-40,81.8181818181818
M,M,2,Si,Bachelors,Management,1,3,2-5 Miles,North America,1,41-45,90.9090909090909
S,M,1,Si,Graduate Degree,Management,0,4,1-2 Miles,North America,0,29-34,90.9090909090909
M,M,4,Si,Bachelors,Management,0,0,0-1 Miles,North America,0,35-40,72.7272727272727
M,M,4,Si,Partial College,Professional,1,2,2-5 Miles,North America,0,41-45,72.7272727272727
M,F,4,Si,Partial College,Professional,1,2,0-1 Miles,North America,0,35-40,72.7272727272727
S,M,3,Si,Bachelors,Management,0,4,1-2 Miles,North America,0,41-45,90.9090909090909
M,F,3,Si,Bachelors,Management,1,4,2-5 Miles,North America,0,41-45,90.9090909090909
S,F,4,Si,Bachelors,Management,0,4,1-2 Miles,North America,0,41-45,90.9090909090909
M,F,3,Si,Partial College,Professional,1,0,5-10 Miles,North America,1,41-45,63.6363636363636
M,M,3,Si,Partial College,Professional,1,1,5-10 Miles,North America,0,46-50,63.6363636363636
S,M,3,No,Partial College,Professional,1,2,2-5 Miles,North America,1,51-55,72.7272727272727
M,F,3,No,Partial College,Professional,1,2,2-5 Miles,North America,1,51-55,72.7272727272727
S,F,2,No,Partial High School,Skilled Manual,1,2,5-10 Miles,North America,0,51-55,72.7272727272727
M,M,0,Si,Partial College,Professional,1,2,5-10 Miles,North America,0,29-34,81.8181818181818
M,F,4,Si,Partial College,Professional,1,3,5-10 Miles,North America,1,46-50,90.9090909090909
S,F,5,Si,Partial College,Professional,1,2,5-10 Miles,North America,0,41-45,72.7272727272727
S,F,5,Si,Partial College,Professional,1,2,5-10 Miles,North America,0,41-45,72.7272727272727
M,F,5,Si,Partial College,Professional,1,3,5-10 Miles,North America,0,41-45,72.7272727272727
M,F,5,Si,Partial College,Professional,1,4,1-2 Miles,North America,0,41-45,81.8181818181818
M,M,1,Si,Partial College,Professional,1,3,5-10 Miles,North America,1,46-50,81.8181818181818
S,M,1,Si,Bachelors,Management,0,2,1-2 Miles,North America,0,41-45,90.9090909090909
S,M,1,Si,Partial College,Professional,0,4,2-5 Miles,North America,1,41-45,90.9090909090909
M,F,5,Si,Partial College,Professional,0,3,2-5 Miles,North America,0,46-50,63.6363636363636
M,F,1,Si,Bachelors,Management,0,3,2-5 Miles,North America,0,35-40,90.9090909090909
S,F,1,Si,Partial College,Professional,0,4,2-5 Miles,North America,1,46-50,90.9090909090909
S,F,2,No,Partial High School,Skilled Manual,0,2,1-2 Miles,North America,0,51-55,72.7272727272727
M,F,2,No,High School,Professional,1,2,5-10 Miles,North America,1,51-55,45.4545454545455
S,F,2,No,High School,Professional,0,2,1-2 Miles,North America,1,51-55,45.4545454545455
S,F,2,No,Partial High School,Skilled Manual,0,2,1-2 Miles,North America,0,46-50,63.6363636363636
M,F,2,No,Partial High School,Skilled Manual,1,2,5-10 Miles,North America,0,56-65,63.6363636363636
S,F,2,No,Partial High School,Skilled Manual,0,2,1-2 Miles,North America,0,56-65,63.6363636363636
M,F,2,No,Partial High School,Skilled Manual,1,2,5-10 Miles,North America,0,51-55,63.6363636363636
M,F,4,No,High School,Professional,1,2,5-10 Miles,North America,0,65+,18.1818181818182
M,M,3,No,Partial College,Professional,1,2,5-10 Miles,North America,1,65+,27.2727272727273
M,M,2,Si,Graduate Degree,Management,1,4,5-10 Miles,North America,1,65+,81.8181818181818
S,F,5,Si,Partial College,Professional,0,4,1-2 Miles,North America,0,46-50,72.7272727272727
M,M,0,Si,Partial College,Professional,1,1,5-10 Miles,North America,0,46-50,81.8181818181818
S,F,0,Si,Partial College,Professional,0,3,1-2 Miles,North America,0,46-50,81.8181818181818
M,F,4,Si,Partial College,Professional,1,4,2-5 Miles,North America,0,41-45,90.9090909090909
S,M,1,Si,Bachelors,Management,0,2,0-1 Miles,North America,1,41-45,90.9090909090909
S,F,2,No,Partial High School,Skilled Manual,1,2,5-10 Miles,North America,1,51-55,45.4545454545455
M,F,2,No,Partial High School,Skilled Manual,1,2,5-10 Miles,North America,1,51-55,45.4545454545455
S,F,2,No,Partial High School,Skilled Manual,0,2,1-2 Miles,North America,1,51-55,45.4545454545455
M,M,3,Si,High School,Professional,1,0,5-10 Miles,North America,1,51-55,63.6363636363636
S,M,3,No,Graduate Degree,Management,0,2,1-2 Miles,North America,1,51-55,63.6363636363636
S,M,3,No,Graduate Degree,Management,0,2,1-2 Miles,North America,1,56-65,63.6363636363636
S,F,3,No,Partial College,Professional,1,2,5-10 Miles,North America,0,56-65,27.2727272727273
M,M,3,No,Partial College,Professional,0,2,1-2 Miles,North America,1,56-65,27.2727272727273
S,M,3,No,Partial College,Professional,1,2,5-10 Miles,North America,0,51-55,27.2727272727273
M,M,3,No,Partial College,Professional,1,2,5-10 Miles,North America,0,51-55,27.2727272727273
M,F,3,No,Partial College,Professional,0,2,1-2 Miles,North America,1,51-55,27.2727272727273
S,F,3,No,Partial College,Professional,0,2,1-2 Miles,North America,1,56-65,27.2727272727273
S,F,4,No,High School,Professional,1,2,5-10 Miles,North America,0,56-65,18.1818181818182
S,F,4,No,Partial College,Professional,1,2,5-10 Miles,North America,0,56-65,27.2727272727273
S,F,4,No,High School,Professional,1,2,5-10 Miles,North America,0,41-45,27.2727272727273
M,M,4,Si,Bachelors,Professional,1,3,10+ Miles,Pacific,0,41-45,45.4545454545455
M,M,3,Si,Bachelors,Professional,0,2,0-1 Miles,Pacific,1,35-40,45.4545454545455
M,F,3,Si,Bachelors,Professional,1,0,0-1 Miles,Pacific,0,41-45,81.8181818181818
M,M,3,No,Partial College,Skilled Manual,1,1,5-10 Miles,Pacific,0,65+,63.6363636363636
S,M,1,No,Partial College,Skilled Manual,1,1,5-10 Miles,Pacific,1,46-50,63.6363636363636
M,M,1,No,Bachelors,Professional,1,1,5-10 Miles,Pacific,1,41-45,45.4545454545455
M,F,1,No,Bachelors,Professional,1,1,5-10 Miles,Pacific,1,46-50,45.4545454545455
S,F,1,No,Partial College,Skilled Manual,0,1,0-1 Miles,Pacific,1,41-45,45.4545454545455
S,F,1,No,Partial College,Skilled Manual,0,1,0-1 Miles,Pacific,1,41-45,45.4545454545455
S,F,0,No,Graduate Degree,Management,0,1,0-1 Miles,Pacific,1,41-45,81.8181818181818
M,M,0,No,Bachelors,Professional,0,1,2-5 Miles,Pacific,1,41-45,81.8181818181818
S,M,1,No,Partial College,Skilled Manual,0,1,0-1 Miles,Pacific,1,46-50,45.4545454545455
S,F,1,No,Partial College,Skilled Manual,1,1,5-10 Miles,Pacific,1,41-45,45.4545454545455
M,M,1,No,Partial College,Skilled Manual,1,1,5-10 Miles,Pacific,1,41-45,45.4545454545455
S,F,1,No,Partial College,Skilled Manual,0,1,0-1 Miles,Pacific,1,41-45,45.4545454545455
S,F,1,No,Partial College,Skilled Manual,1,1,5-10 Miles,Pacific,1,46-50,45.4545454545455
M,M,5,Si,Bachelors,Professional,1,4,1-2 Miles,Pacific,0,41-45,72.7272727272727
S,F,5,Si,Bachelors,Professional,1,4,1-2 Miles,Pacific,0,41-45,72.7272727272727
S,M,1,No,Bachelors,Professional,1,1,2-5 Miles,Pacific,1,51-55,81.8181818181818
S,M,5,No,Bachelors,Professional,1,1,5-10 Miles,Pacific,1,51-55,81.8181818181818
M,F,0,No,Bachelors,Professional,0,1,0-1 Miles,Pacific,0,46-50,63.6363636363636
S,F,0,No,Bachelors,Professional,0,2,5-10 Miles,Pacific,1,35-40,63.6363636363636
M,F,1,No,Partial College,Skilled Manual,1,1,5-10 Miles,Pacific,1,46-50,45.4545454545455
M,F,5,Si,Partial College,Skilled Manual,0,2,0-1 Miles,Pacific,0,46-50,63.6363636363636
M,M,1,No,Partial College,Skilled Manual,1,1,5-10 Miles,Pacific,1,46-50,45.4545454545455
M,M,1,No,Partial College,Skilled Manual,1,1,5-10 Miles,Pacific,1,46-50,45.4545454545455
S,F,5,Si,Partial College,Skilled Manual,1,2,5-10 Miles,Pacific,0,46-50,63.6363636363636
M,F,5,Si,Partial College,Skilled Manual,1,3,10+ Miles,Pacific,0,41-45,63.6363636363636
S,F,1,No,Partial College,Skilled Manual,0,1,0-1 Miles,Pacific,1,35-40,63.6363636363636
M,F,1,No,Partial College,Skilled Manual,1,1,5-10 Miles,Pacific,1,51-55,63.6363636363636
M,F,2,No,Bachelors,Management,1,1,5-10 Miles,Pacific,0,65+,27.2727272727273
M,F,5,Si,Partial College,Skilled Manual,1,3,10+ Miles,Pacific,0,46-50,63.6363636363636
M,M,5,Si,Partial College,Skilled Manual,1,3,10+ Miles,Pacific,0,46-50,63.6363636363636
M,F,5,Si,Partial College,Skilled Manual,1,3,5-10 Miles,Pacific,0,46-50,63.6363636363636
M,F,5,Si,Partial College,Skilled Manual,1,3,10+ Miles,Pacific,0,41-45,63.6363636363636
M,F,1,No,Partial College,Skilled Manual,1,1,5-10 Miles,Pacific,1,35-40,63.6363636363636
M,F,0,No,High School,Skilled Manual,1,2,5-10 Miles,North America,0,29-34,18.1818181818182
S,F,0,No,High School,Skilled Manual,1,2,5-10 Miles,North America,0,29-34,18.1818181818182
S,M,0,No,High School,Skilled Manual,1,1,5-10 Miles,North America,0,29-34,27.2727272727273
S,F,0,No,High School,Skilled Manual,1,2,5-10 Miles,North America,0,29-34,27.2727272727273
M,F,0,No,High School,Skilled Manual,0,2,0-1 Miles,North America,0,29-34,18.1818181818182
S,F,0,No,High School,Skilled Manual,1,2,5-10 Miles,North America,0,29-34,18.1818181818182
M,F,0,No,High School,Skilled Manual,1,2,5-10 Miles,North America,0,29-34,18.1818181818182
S,M,0,No,High School,Skilled Manual,0,2,0-1 Miles,North America,1,29-34,18.1818181818182
M,M,0,No,High School,Skilled Manual,0,2,0-1 Miles,North America,0,29-34,27.2727272727273
S,M,5,No,High School,Skilled Manual,1,2,5-10 Miles,Pacific,0,56-65,9.09090909090909
M,M,2,No,Bachelors,Management,1,2,5-10 Miles,Pacific,0,65+,27.2727272727273
S,M,0,No,Partial High School,Clerical,0,2,0-1 Miles,North America,1,29-34,18.1818181818182
S,M,0,No,Partial High School,Clerical,0,2,5-10 Miles,North America,0,29-34,18.1818181818182
S,F,0,No,High School,Skilled Manual,0,2,5-10 Miles,North America,0,29-34,27.2727272727273
S,M,0,No,High School,Skilled Manual,0,2,0-1 Miles,North America,1,29-34,27.2727272727273
S,F,0,No,Partial High School,Clerical,0,2,5-10 Miles,North America,0,29-34,18.1818181818182
S,M,0,No,Partial High School,Clerical,0,2,5-10 Miles,North America,0,29-34,18.1818181818182
S,M,0,No,Partial High School,Clerical,0,2,0-1 Miles,North America,0,29-34,18.1818181818182
S,M,0,No,High School,Skilled Manual,1,2,5-10 Miles,North America,0,29-34,27.2727272727273
M,F,0,No,High School,Skilled Manual,1,2,5-10 Miles,North America,0,29-34,27.2727272727273
M,M,2,No,Bachelors,Management,1,2,5-10 Miles,Pacific,1,65+,27.2727272727273
S,M,2,No,Bachelors,Management,1,2,5-10 Miles,Pacific,1,65+,27.2727272727273
S,M,2,No,Bachelors,Management,0,2,0-1 Miles,Pacific,1,56-65,27.2727272727273
M,M,0,No,High School,Skilled Manual,1,2,5-10 Miles,North America,0,29-34,27.2727272727273
M,M,0,No,Partial College,Skilled Manual,1,1,5-10 Miles,North America,0,29-34,27.2727272727273
S,F,0,No,Partial College,Skilled Manual,0,1,1-2 Miles,North America,0,29-34,27.2727272727273
M,M,0,No,Partial College,Skilled Manual,1,1,5-10 Miles,North America,1,29-34,45.4545454545455
S,M,0,No,High School,Skilled Manual,1,2,5-10 Miles,North America,0,29-34,27.2727272727273
M,M,0,No,Partial College,Skilled Manual,1,1,5-10 Miles,North America,0,35-40,45.4545454545455
S,F,0,No,Partial College,Skilled Manual,1,1,5-10 Miles,North America,0,35-40,45.4545454545455
S,F,0,No,Partial College,Skilled Manual,0,1,1-2 Miles,North America,1,35-40,45.4545454545455
M,M,3,Si,Bachelors,Skilled Manual,1,1,2-5 Miles,North America,0,35-40,45.4545454545455
S,M,3,Si,Bachelors,Skilled Manual,1,1,2-5 Miles,North America,0,35-40,45.4545454545455
S,F,3,Si,Bachelors,Skilled Manual,1,1,2-5 Miles,North America,0,35-40,45.4545454545455
S,F,3,Si,Bachelors,Skilled Manual,0,2,0-1 Miles,North America,0,41-45,45.4545454545455
S,F,3,Si,Bachelors,Skilled Manual,0,2,0-1 Miles,North America,0,35-40,45.4545454545455
S,F,3,Si,Bachelors,Skilled Manual,1,3,10+ Miles,North America,1,35-40,45.4545454545455
M,M,3,Si,Bachelors,Skilled Manual,1,3,10+ Miles,North America,0,41-45,45.4545454545455
S,M,4,Si,Bachelors,Skilled Manual,0,1,0-1 Miles,North America,0,41-45,45.4545454545455
M,M,0,No,Graduate Degree,Professional,1,0,2-5 Miles,North America,1,41-45,45.4545454545455
M,F,0,No,Graduate Degree,Professional,1,0,2-5 Miles,North America,1,41-45,45.4545454545455
M,M,0,No,Graduate Degree,Clerical,1,0,0-1 Miles,Europe,1,41-45,27.2727272727273
S,M,0,No,Graduate Degree,Clerical,1,0,0-1 Miles,Europe,1,35-40,27.2727272727273
S,M,3,Si,High School,Manual,1,1,0-1 Miles,Europe,1,35-40,9.09090909090909
M,M,3,Si,High School,Manual,1,1,0-1 Miles,Europe,0,41-45,9.09090909090909
M,F,3,Si,Partial High School,Manual,1,1,0-1 Miles,Europe,0,41-45,9.09090909090909
M,F,4,Si,Partial High School,Manual,1,0,0-1 Miles,Europe,0,41-45,9.09090909090909
S,F,1,Si,Partial College,Manual,1,1,2-5 Miles,Europe,1,41-45,9.09090909090909
S,F,1,Si,Bachelors,Clerical,0,0,0-1 Miles,Europe,1,41-45,18.1818181818182
S,F,4,Si,Partial High School,Manual,1,1,0-1 Miles,Europe,1,41-45,9.09090909090909
M,M,4,Si,Partial High School,Manual,1,1,0-1 Miles,Europe,1,35-40,9.09090909090909
S,F,5,Si,Partial High School,Manual,1,1,0-1 Miles,Europe,1,35-40,9.09090909090909
S,F,0,No,Bachelors,Clerical,0,0,0-1 Miles,Europe,1,41-45,27.2727272727273
M,F,0,No,Bachelors,Clerical,1,0,0-1 Miles,Europe,1,29-34,27.2727272727273
M,F,0,No,Bachelors,Clerical,1,0,0-1 Miles,Europe,1,35-40,27.2727272727273
M,M,1,Si,Bachelors,Clerical,1,1,2-5 Miles,Europe,1,41-45,18.1818181818182
M,M,1,Si,Bachelors,Clerical,1,1,2-5 Miles,Europe,1,41-45,18.1818181818182
M,F,1,Si,Bachelors,Skilled Manual,1,2,0-1 Miles,Europe,0,35-40,18.1818181818182
M,M,1,Si,Bachelors,Skilled Manual,1,2,0-1 Miles,Europe,0,41-45,18.1818181818182
M,F,1,Si,Bachelors,Skilled Manual,1,2,0-1 Miles,Europe,0,41-45,18.1818181818182
M,M,4,Si,Partial High School,Manual,1,2,0-1 Miles,Europe,0,35-40,9.09090909090909
S,M,2,Si,High School,Manual,0,0,0-1 Miles,Europe,0,41-45,9.09090909090909
M,M,2,Si,High School,Manual,1,0,0-1 Miles,Europe,1,41-45,9.09090909090909
S,F,2,Si,High School,Manual,0,1,0-1 Miles,Europe,0,41-45,9.09090909090909
S,M,2,Si,High School,Manual,1,2,0-1 Miles,Europe,0,41-45,9.09090909090909
M,M,2,Si,High School,Manual,1,2,0-1 Miles,Europe,0,35-40,9.09090909090909
M,M,1,Si,Bachelors,Skilled Manual,1,2,0-1 Miles,Europe,0,41-45,18.1818181818182
M,F,5,Si,Partial High School,Manual,1,1,0-1 Miles,Europe,1,41-45,9.09090909090909
S,M,4,No,High School,Manual,0,2,0-1 Miles,Europe,0,65+,9.09090909090909
S,F,2,No,Partial College,Manual,0,1,1-2 Miles,Europe,0,65+,9.09090909090909
S,M,2,Si,High School,Manual,1,2,0-1 Miles,Europe,0,41-45,9.09090909090909
M,M,2,Si,High School,Manual,1,2,0-1 Miles,Europe,0,41-45,9.09090909090909
S,M,3,Si,High School,Manual,0,0,0-1 Miles,Europe,0,46-50,9.09090909090909
M,F,3,Si,High School,Manual,1,0,0-1 Miles,Europe,1,41-45,9.09090909090909
M,M,3,Si,Partial High School,Manual,1,2,0-1 Miles,Europe,0,46-50,9.09090909090909
S,M,3,Si,High School,Manual,0,2,0-1 Miles,Europe,0,35-40,9.09090909090909
S,F,3,Si,High School,Manual,1,2,0-1 Miles,Europe,0,46-50,9.09090909090909
M,F,3,Si,High School,Manual,1,2,0-1 Miles,Europe,0,46-50,9.09090909090909
S,M,2,Si,Partial College,Manual,1,0,0-1 Miles,Europe,1,41-45,18.1818181818182
S,M,0,No,Bachelors,Professional,1,0,0-1 Miles,Europe,1,41-45,27.2727272727273
M,F,0,No,Bachelors,Professional,0,0,0-1 Miles,Europe,1,41-45,27.2727272727273
M,F,2,Si,Partial College,Clerical,1,1,0-1 Miles,Europe,1,41-45,18.1818181818182
M,M,2,Si,Partial College,Clerical,1,2,0-1 Miles,Europe,0,29-34,18.1818181818182
M,M,1,No,Bachelors,Skilled Manual,1,0,0-1 Miles,Europe,1,41-45,27.2727272727273
M,M,2,Si,Partial College,Clerical,1,2,0-1 Miles,Europe,0,41-45,18.1818181818182
M,F,1,No,Bachelors,Skilled Manual,1,0,0-1 Miles,Europe,1,35-40,27.2727272727273
S,M,3,Si,Partial College,Clerical,0,0,0-1 Miles,Europe,0,46-50,18.1818181818182
S,F,3,Si,Partial College,Clerical,1,0,0-1 Miles,Europe,1,46-50,18.1818181818182
S,M,0,No,High School,Manual,0,1,2-5 Miles,Europe,0,29-34,9.09090909090909
S,F,3,Si,Partial College,Clerical,1,1,0-1 Miles,Europe,1,29-34,18.1818181818182
M,F,3,Si,Partial College,Clerical,1,2,0-1 Miles,Europe,0,29-34,18.1818181818182
S,F,3,Si,Partial College,Clerical,0,2,0-1 Miles,Europe,1,29-34,18.1818181818182
M,M,1,No,Bachelors,Skilled Manual,1,0,0-1 Miles,Europe,1,46-50,27.2727272727273
M,F,1,No,Bachelors,Skilled Manual,1,0,0-1 Miles,Europe,1,41-45,27.2727272727273
M,M,1,No,Bachelors,Skilled Manual,1,0,0-1 Miles,Europe,1,46-50,27.2727272727273
M,F,1,No,Bachelors,Skilled Manual,1,0,0-1 Miles,Europe,1,41-45,27.2727272727273
S,M,1,No,Partial College,Clerical,0,1,0-1 Miles,Europe,0,41-45,18.1818181818182
M,M,3,Si,Partial College,Clerical,1,3,0-1 Miles,Europe,0,29-34,18.1818181818182
S,F,0,No,Partial College,Clerical,1,1,2-5 Miles,Europe,1,29-34,18.1818181818182
S,M,0,No,Partial College,Clerical,0,1,2-5 Miles,Europe,0,29-34,18.1818181818182
S,M,0,No,Partial College,Clerical,0,1,2-5 Miles,Europe,0,29-34,18.1818181818182
S,F,0,No,Partial College,Clerical,0,1,0-1 Miles,Europe,1,29-34,18.1818181818182
M,M,0,No,Partial College,Clerical,0,1,0-1 Miles,Europe,0,29-34,18.1818181818182
M,F,0,No,High School,Manual,0,1,2-5 Miles,Europe,0,29-34,9.09090909090909
S,F,0,No,High School,Manual,0,1,2-5 Miles,Europe,0,29-34,9.09090909090909
S,F,0,No,High School,Manual,1,1,2-5 Miles,Europe,0,29-34,9.09090909090909
M,F,0,No,Partial High School,Manual,1,2,0-1 Miles,Europe,0,35-40,9.09090909090909
S,F,0,No,High School,Manual,0,1,5-10 Miles,Europe,0,29-34,9.09090909090909
S,F,0,No,High School,Manual,0,1,5-10 Miles,Europe,0,29-34,9.09090909090909
S,F,0,No,Partial College,Clerical,0,1,0-1 Miles,Europe,1,29-34,18.1818181818182
S,M,0,No,Partial College,Clerical,0,1,0-1 Miles,Europe,1,29-34,18.1818181818182
S,F,0,No,Partial College,Clerical,0,1,0-1 Miles,Europe,1,29-34,18.1818181818182
M,F,0,No,Partial High School,Manual,1,2,0-1 Miles,Europe,0,35-40,9.09090909090909
S,M,0,No,Partial High School,Manual,1,2,0-1 Miles,Europe,0,35-40,9.09090909090909
S,F,0,No,Partial High School,Manual,0,1,5-10 Miles,Europe,0,35-40,9.09090909090909
M,M,1,Si,Bachelors,Skilled Manual,1,0,1-2 Miles,Europe,1,29-34,27.2727272727273
M,M,1,Si,Bachelors,Skilled Manual,0,0,0-1 Miles,Europe,0,29-34,27.2727272727273
M,M,1,Si,Bachelors,Skilled Manual,1,0,1-2 Miles,Europe,1,29-34,27.2727272727273
M,F,1,Si,Bachelors,Skilled Manual,0,0,0-1 Miles,Europe,0,29-34,27.2727272727273
S,F,0,No,Partial High School,Manual,1,2,1-2 Miles,Europe,0,35-40,9.09090909090909
S,F,0,No,Graduate Degree,Manual,0,0,0-1 Miles,Europe,1,29-34,9.09090909090909
S,F,1,No,Graduate Degree,Clerical,1,0,0-1 Miles,Europe,0,41-45,9.09090909090909
M,F,1,No,Graduate Degree,Clerical,1,0,0-1 Miles,Europe,0,46-50,9.09090909090909
S,F,1,No,Bachelors,Manual,1,0,0-1 Miles,Europe,0,46-50,9.09090909090909
M,F,1,No,Bachelors,Manual,1,0,0-1 Miles,Europe,0,41-45,9.09090909090909
S,F,1,No,Bachelors,Manual,0,0,0-1 Miles,Europe,0,46-50,9.09090909090909
M,M,1,No,Graduate Degree,Clerical,1,0,0-1 Miles,Europe,0,41-45,9.09090909090909
M,M,5,No,Graduate Degree,Clerical,1,0,0-1 Miles,Europe,1,46-50,18.1818181818182
M,M,4,No,Graduate Degree,Clerical,1,0,0-1 Miles,Europe,1,41-45,18.1818181818182
S,F,1,No,Bachelors,Clerical,0,0,0-1 Miles,Europe,0,51-55,9.09090909090909
S,F,1,No,Partial College,Manual,1,0,0-1 Miles,Europe,0,51-55,9.09090909090909
M,M,2,No,Partial College,Manual,1,0,0-1 Miles,Europe,0,51-55,9.09090909090909
M,F,2,No,Partial College,Manual,1,0,0-1 Miles,Europe,0,51-55,9.09090909090909
M,M,1,No,Bachelors,Clerical,1,0,0-1 Miles,Europe,0,51-55,9.09090909090909
S,F,1,No,Bachelors,Clerical,1,0,0-1 Miles,Europe,0,46-50,9.09090909090909
S,F,1,No,Graduate Degree,Clerical,1,0,0-1 Miles,Europe,1,65+,18.1818181818182
S,F,1,No,Graduate Degree,Clerical,0,0,0-1 Miles,Europe,0,65+,18.1818181818182
S,F,2,No,Bachelors,Clerical,0,1,0-1 Miles,Europe,0,65+,9.09090909090909
M,M,1,No,Bachelors,Clerical,1,0,0-1 Miles,Europe,1,65+,9.09090909090909
S,F,1,No,Bachelors,Clerical,1,0,0-1 Miles,Europe,1,65+,9.09090909090909
S,M,1,No,Bachelors,Clerical,0,0,0-1 Miles,Europe,0,65+,18.1818181818182
M,F,0,No,Partial College,Manual,1,1,2-5 Miles,Pacific,1,29-34,9.09090909090909
M,M,0,No,Partial College,Manual,0,1,0-1 Miles,Pacific,1,29-34,9.09090909090909
S,F,0,No,High School,Manual,0,2,0-1 Miles,Pacific,1,29-34,9.09090909090909
S,M,0,No,High School,Manual,1,2,0-1 Miles,Pacific,1,29-34,9.09090909090909
M,M,0,No,Bachelors,Clerical,0,0,0-1 Miles,Pacific,1,29-34,9.09090909090909
M,F,0,No,Bachelors,Clerical,1,0,0-1 Miles,Pacific,1,29-34,9.09090909090909
M,M,1,Si,High School,Manual,1,0,2-5 Miles,Pacific,1,29-34,9.09090909090909
M,F,0,No,Bachelors,Clerical,1,0,0-1 Miles,Pacific,1,29-34,9.09090909090909
S,F,0,No,Partial College,Manual,0,0,0-1 Miles,Pacific,1,29-34,9.09090909090909
S,M,3,No,Partial College,Manual,1,2,0-1 Miles,Europe,0,65+,9.09090909090909
M,M,1,No,Partial College,Manual,1,0,1-2 Miles,Europe,0,65+,9.09090909090909
M,F,1,No,Partial College,Manual,0,0,0-1 Miles,Europe,0,51-55,9.09090909090909
S,M,1,No,Bachelors,Clerical,1,0,0-1 Miles,Europe,1,65+,18.1818181818182
M,M,1,No,Graduate Degree,Clerical,1,0,0-1 Miles,Europe,1,65+,27.2727272727273
M,F,4,No,Graduate Degree,Clerical,1,0,0-1 Miles,Europe,1,46-50,18.1818181818182
M,M,4,No,Graduate Degree,Clerical,1,0,0-1 Miles,Europe,1,46-50,18.1818181818182
S,F,3,No,Graduate Degree,Clerical,1,0,0-1 Miles,Europe,1,46-50,18.1818181818182
M,F,1,Si,Partial College,Manual,1,0,1-2 Miles,Europe,1,46-50,9.09090909090909
S,F,3,No,Graduate Degree,Clerical,0,0,0-1 Miles,Europe,1,46-50,18.1818181818182
S,M,1,Si,High School,Manual,1,1,2-5 Miles,Europe,0,51-55,9.09090909090909
S,F,2,No,Partial College,Manual,0,1,2-5 Miles,Europe,1,51-55,9.09090909090909
S,F,2,No,Partial College,Manual,0,1,2-5 Miles,Europe,1,46-50,9.09090909090909
M,M,3,No,Graduate Degree,Clerical,1,0,0-1 Miles,Europe,1,51-55,18.1818181818182
M,M,2,No,Partial College,Manual,0,1,1-2 Miles,Europe,1,46-50,9.09090909090909
S,M,1,No,Graduate Degree,Clerical,1,0,0-1 Miles,Europe,1,51-55,18.1818181818182
M,M,0,No,Bachelors,Clerical,1,0,0-1 Miles,Europe,1,41-45,18.1818181818182
S,F,1,No,Bachelors,Clerical,1,0,0-1 Miles,Europe,1,51-55,18.1818181818182
S,F,1,Si,High School,Manual,0,2,0-1 Miles,Europe,0,35-40,9.09090909090909
S,M,2,Si,High School,Manual,1,0,0-1 Miles,Europe,1,29-34,9.09090909090909
S,F,0,No,Partial College,Manual,0,1,0-1 Miles,Europe,1,35-40,9.09090909090909
S,M,0,No,Partial College,Manual,1,1,2-5 Miles,Europe,1,29-34,9.09090909090909
S,F,0,No,Partial College,Manual,0,1,2-5 Miles,Europe,1,35-40,9.09090909090909
S,F,0,No,Partial College,Manual,0,1,2-5 Miles,Europe,1,35-40,9.09090909090909
S,F,0,No,Partial College,Manual,0,1,2-5 Miles,Europe,1,35-40,9.09090909090909
M,M,2,Si,High School,Manual,1,0,0-1 Miles,Europe,1,35-40,9.09090909090909
S,F,2,Si,High School,Manual,0,0,0-1 Miles,Europe,0,29-34,9.09090909090909
M,F,0,No,Bachelors,Clerical,1,0,0-1 Miles,Europe,1,29-34,18.1818181818182
M,M,0,No,Bachelors,Clerical,1,0,0-1 Miles,Europe,1,35-40,18.1818181818182
S,M,0,No,Bachelors,Clerical,1,0,0-1 Miles,Europe,1,35-40,18.1818181818182
M,M,0,No,Graduate Degree,Clerical,1,0,0-1 Miles,Europe,1,35-40,27.2727272727273
S,F,0,No,Partial College,Manual,0,1,2-5 Miles,Europe,1,35-40,9.09090909090909
S,F,0,No,Graduate Degree,Clerical,0,0,0-1 Miles,Europe,1,35-40,27.2727272727273
M,M,0,No,Graduate Degree,Clerical,1,0,0-1 Miles,Europe,1,35-40,27.2727272727273
M,F,0,No,Graduate Degree,Skilled Manual,1,0,0-1 Miles,Europe,1,35-40,45.4545454545455
S,M,3,No,Partial College,Manual,0,2,0-1 Miles,Europe,1,56-65,9.09090909090909
M,F,3,Si,High School,Manual,1,0,0-1 Miles,Europe,1,41-45,9.09090909090909
M,M,1,Si,Partial College,Manual,0,0,1-2 Miles,Europe,1,41-45,9.09090909090909
S,F,1,Si,Partial College,Manual,1,0,2-5 Miles,Europe,1,35-40,9.09090909090909
S,F,1,Si,Partial College,Manual,0,0,0-1 Miles,Europe,1,41-45,9.09090909090909
M,F,1,No,Bachelors,Clerical,1,0,1-2 Miles,Europe,1,35-40,18.1818181818182
S,M,1,Si,Bachelors,Clerical,1,0,1-2 Miles,Europe,1,41-45,18.1818181818182
S,M,0,No,Bachelors,Professional,1,1,5-10 Miles,Pacific,1,41-45,63.6363636363636
M,M,5,Si,Bachelors,Professional,1,4,0-1 Miles,Pacific,0,41-45,72.7272727272727
S,M,0,No,Partial High School,Manual,0,2,1-2 Miles,Europe,0,35-40,9.09090909090909
S,F,0,No,Partial High School,Manual,0,2,0-1 Miles,Europe,0,35-40,9.09090909090909
S,M,0,No,Partial High School,Manual,1,2,1-2 Miles,Europe,0,35-40,9.09090909090909
S,M,0,No,Partial High School,Manual,0,2,0-1 Miles,Europe,0,29-34,9.09090909090909
M,M,0,No,Partial High School,Manual,1,2,1-2 Miles,Europe,0,35-40,9.09090909090909
S,M,0,No,Partial High School,Manual,0,2,0-1 Miles,Europe,1,29-34,9.09090909090909
S,F,0,No,Partial College,Clerical,0,1,1-2 Miles,Europe,1,29-34,18.1818181818182
S,M,0,No,High School,Manual,0,1,1-2 Miles,Europe,1,29-34,18.1818181818182
S,M,0,No,High School,Manual,0,1,1-2 Miles,Europe,1,29-34,18.1818181818182
M,F,1,Si,Bachelors,Skilled Manual,1,0,1-2 Miles,Europe,1,35-40,27.2727272727273
M,F,1,Si,Bachelors,Skilled Manual,0,0,0-1 Miles,Europe,1,35-40,27.2727272727273
M,M,0,No,Partial High School,Manual,1,2,1-2 Miles,Europe,0,35-40,9.09090909090909
S,F,0,No,Partial High School,Manual,1,2,1-2 Miles,Europe,0,29-34,9.09090909090909
S,M,0,No,Partial High School,Manual,0,2,0-1 Miles,Europe,0,35-40,9.09090909090909
M,F,1,Si,Bachelors,Skilled Manual,1,0,1-2 Miles,Europe,1,35-40,27.2727272727273
M,M,1,Si,Bachelors,Skilled Manual,1,1,0-1 Miles,Europe,1,35-40,27.2727272727273
M,M,1,Si,Bachelors,Skilled Manual,0,1,0-1 Miles,Europe,1,35-40,27.2727272727273
M,F,1,Si,Bachelors,Skilled Manual,1,1,1-2 Miles,Europe,1,35-40,27.2727272727273
M,M,1,Si,Bachelors,Skilled Manual,1,1,0-1 Miles,Europe,1,29-34,27.2727272727273
M,F,1,Si,Bachelors,Skilled Manual,1,1,0-1 Miles,Europe,1,35-40,27.2727272727273
M,M,0,No,Partial High School,Manual,0,2,0-1 Miles,Europe,0,35-40,9.09090909090909
M,M,0,No,Partial High School,Manual,1,2,1-2 Miles,Europe,0,35-40,9.09090909090909
M,M,0,No,High School,Manual,0,1,1-2 Miles,Europe,1,29-34,18.1818181818182
S,M,0,No,High School,Manual,0,1,1-2 Miles,Europe,1,35-40,18.1818181818182
S,M,0,No,Partial High School,Manual,1,2,1-2 Miles,Europe,0,35-40,9.09090909090909
M,F,1,Si,Bachelors,Skilled Manual,1,1,0-1 Miles,Europe,1,35-40,27.2727272727273
M,M,1,Si,Bachelors,Skilled Manual,1,1,0-1 Miles,Europe,1,35-40,27.2727272727273
S,F,2,Si,Partial College,Clerical,0,0,0-1 Miles,Europe,0,35-40,27.2727272727273
M,F,2,Si,Partial College,Clerical,1,0,1-2 Miles,Europe,1,29-34,27.2727272727273
M,M,0,No,Partial High School,Manual,0,2,0-1 Miles,Europe,0,35-40,9.09090909090909
S,M,0,No,Partial High School,Manual,0,2,0-1 Miles,Europe,0,35-40,9.09090909090909
S,F,0,No,Partial High School,Manual,0,2,0-1 Miles,Europe,0,35-40,9.09090909090909
M,F,0,No,Partial High School,Manual,0,2,0-1 Miles,Europe,0,29-34,9.09090909090909
M,M,0,No,Partial High School,Manual,1,2,1-2 Miles,Europe,0,35-40,9.09090909090909
M,M,0,No,Partial High School,Manual,1,2,1-2 Miles,Europe,0,29-34,9.09090909090909
S,M,0,No,High School,Manual,0,1,2-5 Miles,Europe,1,35-40,18.1818181818182
S,F,0,No,High School,Manual,0,1,2-5 Miles,Europe,1,35-40,18.1818181818182
S,M,0,No,High School,Manual,1,1,2-5 Miles,Europe,1,35-40,18.1818181818182
S,M,2,Si,Partial College,Clerical,0,1,0-1 Miles,Europe,0,35-40,27.2727272727273
S,M,2,Si,Partial College,Clerical,0,2,0-1 Miles,Europe,1,35-40,27.2727272727273
S,F,2,Si,Partial College,Clerical,0,2,0-1 Miles,Europe,1,35-40,27.2727272727273
M,F,3,Si,Partial College,Clerical,1,0,1-2 Miles,North America,0,29-34,27.2727272727273
M,M,3,Si,Partial College,Clerical,1,0,1-2 Miles,North America,0,29-34,27.2727272727273
S,F,3,Si,Partial College,Clerical,0,2,0-1 Miles,North America,0,35-40,27.2727272727273
M,F,3,Si,Partial College,Clerical,1,2,1-2 Miles,North America,0,35-40,27.2727272727273
M,M,0,No,Graduate Degree,Skilled Manual,1,0,1-2 Miles,North America,1,41-45,72.7272727272727
S,F,0,No,Graduate Degree,Skilled Manual,0,0,0-1 Miles,North America,0,41-45,72.7272727272727
S,F,0,No,Graduate Degree,Skilled Manual,0,0,0-1 Miles,North America,0,41-45,72.7272727272727
S,M,0,No,Graduate Degree,Skilled Manual,1,0,1-2 Miles,North America,1,41-45,72.7272727272727
S,M,0,No,Graduate Degree,Skilled Manual,0,0,0-1 Miles,North America,0,41-45,72.7272727272727
S,F,2,No,Partial High School,Manual,0,2,1-2 Miles,North America,0,41-45,9.09090909090909
M,F,1,No,Partial College,Clerical,1,1,1-2 Miles,North America,1,56-65,27.2727272727273
M,F,1,No,Partial College,Clerical,1,1,1-2 Miles,North America,1,35-40,27.2727272727273
S,M,3,No,Partial High School,Clerical,0,2,0-1 Miles,North America,0,46-50,9.09090909090909
S,F,3,No,Partial High School,Clerical,1,2,1-2 Miles,North America,0,46-50,9.09090909090909
S,M,3,No,Partial High School,Clerical,0,2,0-1 Miles,North America,0,51-55,9.09090909090909
S,F,3,No,Partial High School,Clerical,1,2,1-2 Miles,North America,0,46-50,9.09090909090909
S,M,1,No,High School,Clerical,0,1,10+ Miles,North America,1,51-55,18.1818181818182
S,F,1,No,High School,Clerical,0,1,10+ Miles,North America,1,51-55,18.1818181818182
S,F,1,No,High School,Clerical,1,2,1-2 Miles,North America,0,51-55,18.1818181818182
S,F,1,No,High School,Clerical,0,2,1-2 Miles,North America,0,51-55,18.1818181818182
S,F,1,No,High School,Clerical,0,2,1-2 Miles,North America,0,41-45,18.1818181818182
S,F,1,No,High School,Clerical,0,2,1-2 Miles,North America,0,51-55,18.1818181818182
S,M,1,No,High School,Clerical,1,2,1-2 Miles,North America,0,46-50,18.1818181818182
S,M,3,No,Partial High School,Clerical,0,2,1-2 Miles,North America,0,41-45,9.09090909090909
S,M,3,No,Partial High School,Clerical,1,2,1-2 Miles,North America,0,51-55,9.09090909090909
S,F,3,No,Partial High School,Clerical,1,2,1-2 Miles,North America,0,51-55,9.09090909090909
S,M,2,No,High School,Skilled Manual,0,2,0-1 Miles,North America,0,51-55,18.1818181818182
M,F,2,No,High School,Skilled Manual,1,2,1-2 Miles,North America,0,51-55,18.1818181818182
M,M,2,No,High School,Skilled Manual,1,2,1-2 Miles,North America,0,51-55,18.1818181818182
S,M,2,No,High School,Skilled Manual,0,2,0-1 Miles,North America,0,46-50,18.1818181818182
M,M,2,Si,Partial High School,Clerical,1,2,1-2 Miles,North America,0,51-55,9.09090909090909
S,M,2,Si,Partial High School,Clerical,0,2,0-1 Miles,North America,0,51-55,9.09090909090909
M,M,2,No,High School,Skilled Manual,1,2,1-2 Miles,North America,0,51-55,18.1818181818182
S,M,2,No,High School,Skilled Manual,1,2,1-2 Miles,North America,1,51-55,18.1818181818182
S,F,2,No,High School,Skilled Manual,1,2,1-2 Miles,North America,1,51-55,18.1818181818182
S,M,2,No,High School,Skilled Manual,0,2,0-1 Miles,North America,1,51-55,18.1818181818182
M,F,1,No,Partial College,Clerical,1,1,0-1 Miles,North America,0,46-50,27.2727272727273
M,F,1,No,Partial College,Clerical,1,1,1-2 Miles,North America,1,51-55,27.2727272727273
M,F,1,No,Partial College,Clerical,0,1,0-1 Miles,North America,0,41-45,27.2727272727273
M,F,1,No,Partial College,Clerical,0,1,0-1 Miles,North America,0,46-50,27.2727272727273
S,F,2,No,Partial College,Clerical,1,1,1-2 Miles,North America,1,46-50,27.2727272727273
S,M,2,No,Partial College,Clerical,0,1,1-2 Miles,North America,1,46-50,27.2727272727273
S,F,2,No,Partial College,Clerical,0,1,0-1 Miles,North America,0,41-45,27.2727272727273
S,M,2,No,Partial College,Clerical,1,1,1-2 Miles,North America,1,29-34,27.2727272727273
M,M,2,No,Partial College,Clerical,0,1,0-1 Miles,North America,1,46-50,27.2727272727273
S,F,2,No,Partial College,Clerical,0,1,0-1 Miles,North America,0,51-55,27.2727272727273
S,F,2,No,Partial College,Clerical,1,1,1-2 Miles,North America,1,46-50,27.2727272727273
S,F,0,No,Graduate Degree,Skilled Manual,0,0,0-1 Miles,North America,0,35-40,45.4545454545455
S,M,0,No,Graduate Degree,Skilled Manual,1,0,1-2 Miles,North America,1,35-40,45.4545454545455
M,M,0,No,Graduate Degree,Skilled Manual,0,0,0-1 Miles,North America,0,29-34,45.4545454545455
M,M,0,No,Graduate Degree,Skilled Manual,1,0,1-2 Miles,North America,1,35-40,27.2727272727273
S,F,0,No,Graduate Degree,Skilled Manual,0,0,0-1 Miles,North America,0,35-40,27.2727272727273
S,M,0,No,Graduate Degree,Skilled Manual,1,0,1-2 Miles,North America,1,35-40,27.2727272727273
M,F,0,No,Graduate Degree,Skilled Manual,1,0,1-2 Miles,North America,1,35-40,27.2727272727273
M,F,0,No,Graduate Degree,Skilled Manual,1,0,1-2 Miles,North America,1,35-40,27.2727272727273
M,M,1,No,Graduate Degree,Skilled Manual,1,0,1-2 Miles,North America,0,35-40,27.2727272727273
S,M,1,No,Graduate Degree,Skilled Manual,1,0,1-2 Miles,North America,0,35-40,27.2727272727273
S,F,1,No,Graduate Degree,Skilled Manual,0,0,0-1 Miles,North America,1,35-40,45.4545454545455
S,F,1,No,Graduate Degree,Skilled Manual,1,0,1-2 Miles,North America,1,29-34,45.4545454545455
M,F,1,No,Graduate Degree,Skilled Manual,0,0,0-1 Miles,North America,1,35-40,45.4545454545455
M,M,1,No,Graduate Degree,Skilled Manual,1,0,0-1 Miles,North America,0,35-40,45.4545454545455
S,M,4,Si,High School,Skilled Manual,1,3,10+ Miles,North America,1,35-40,27.2727272727273
M,M,1,No,Graduate Degree,Skilled Manual,1,0,0-1 Miles,North America,0,35-40,63.6363636363636
M,F,1,Si,Graduate Degree,Skilled Manual,1,0,0-1 Miles,North America,1,29-34,63.6363636363636
M,F,1,Si,Graduate Degree,Skilled Manual,1,0,0-1 Miles,North America,1,35-40,63.6363636363636
M,M,1,Si,Graduate Degree,Skilled Manual,0,0,0-1 Miles,North America,1,35-40,63.6363636363636
M,M,1,No,Graduate Degree,Skilled Manual,1,0,1-2 Miles,North America,1,35-40,45.4545454545455
S,M,1,No,Graduate Degree,Skilled Manual,0,0,0-1 Miles,North America,1,35-40,45.4545454545455
M,F,1,Si,Bachelors,Skilled Manual,1,0,2-5 Miles,North America,1,35-40,27.2727272727273
M,F,1,Si,Bachelors,Skilled Manual,1,0,0-1 Miles,North America,1,35-40,27.2727272727273
M,M,1,Si,Bachelors,Skilled Manual,1,0,2-5 Miles,North America,1,35-40,27.2727272727273
M,M,1,Si,Bachelors,Skilled Manual,1,0,2-5 Miles,North America,1,35-40,27.2727272727273
M,M,1,Si,Bachelors,Skilled Manual,1,0,2-5 Miles,North America,1,35-40,27.2727272727273
M,M,1,Si,Bachelors,Skilled Manual,1,0,0-1 Miles,North America,1,35-40,27.2727272727273
M,M,1,Si,Bachelors,Skilled Manual,0,0,0-1 Miles,North America,1,35-40,27.2727272727273
M,M,1,Si,Bachelors,Skilled Manual,1,1,2-5 Miles,North America,1,35-40,27.2727272727273
M,F,1,Si,Bachelors,Skilled Manual,1,1,2-5 Miles,North America,1,35-40,27.2727272727273
M,M,1,Si,Bachelors,Skilled Manual,1,1,2-5 Miles,North America,1,35-40,27.2727272727273
S,M,1,No,Graduate Degree,Professional,1,0,2-5 Miles,North America,1,29-34,45.4545454545455
S,F,2,Si,Bachelors,Skilled Manual,0,0,0-1 Miles,North America,1,35-40,45.4545454545455
M,F,1,No,Graduate Degree,Professional,1,0,2-5 Miles,North America,1,35-40,45.4545454545455
M,M,1,No,Graduate Degree,Professional,0,0,0-1 Miles,North America,1,35-40,45.4545454545455
S,F,2,No,Graduate Degree,Professional,0,0,0-1 Miles,North America,1,29-34,63.6363636363636
S,F,3,No,Graduate Degree,Professional,1,0,2-5 Miles,North America,1,35-40,63.6363636363636
S,M,1,No,Graduate Degree,Professional,1,0,2-5 Miles,North America,1,29-34,45.4545454545455
M,M,1,No,Graduate Degree,Professional,1,0,2-5 Miles,North America,1,35-40,45.4545454545455
M,M,2,Si,Bachelors,Skilled Manual,1,0,2-5 Miles,North America,1,35-40,63.6363636363636
M,F,2,Si,Bachelors,Skilled Manual,1,0,2-5 Miles,North America,1,41-45,63.6363636363636
M,F,2,Si,Bachelors,Skilled Manual,1,1,2-5 Miles,North America,0,41-45,63.6363636363636
M,M,1,No,Graduate Degree,Professional,1,0,2-5 Miles,North America,1,35-40,45.4545454545455
M,M,1,No,Graduate Degree,Professional,0,0,0-1 Miles,North America,0,29-34,45.4545454545455
S,M,1,No,Graduate Degree,Professional,1,0,2-5 Miles,North America,1,35-40,45.4545454545455
S,F,1,No,Graduate Degree,Professional,0,0,0-1 Miles,North America,1,35-40,45.4545454545455
S,F,3,No,Graduate Degree,Professional,1,0,2-5 Miles,North America,1,35-40,63.6363636363636
M,M,4,No,Graduate Degree,Professional,1,0,2-5 Miles,North America,1,35-40,63.6363636363636
S,M,4,No,Graduate Degree,Professional,1,0,2-5 Miles,North America,1,35-40,63.6363636363636
S,F,4,No,Graduate Degree,Professional,0,0,0-1 Miles,North America,1,35-40,63.6363636363636
M,F,4,No,Graduate Degree,Professional,0,0,0-1 Miles,North America,1,35-40,63.6363636363636
S,F,2,Si,Bachelors,Skilled Manual,0,1,0-1 Miles,North America,1,41-45,45.4545454545455
M,F,3,Si,Bachelors,Skilled Manual,1,0,2-5 Miles,North America,0,41-45,72.7272727272727
M,M,3,Si,Bachelors,Skilled Manual,1,1,2-5 Miles,North America,0,41-45,72.7272727272727
M,M,0,No,Graduate Degree,Professional,1,0,2-5 Miles,North America,0,41-45,45.4545454545455
S,M,0,No,Graduate Degree,Professional,0,0,0-1 Miles,North America,0,41-45,45.4545454545455
M,F,0,No,Graduate Degree,Professional,1,0,2-5 Miles,North America,0,41-45,45.4545454545455
M,M,4,No,Graduate Degree,Professional,1,0,2-5 Miles,North America,1,35-40,63.6363636363636
M,F,5,No,Graduate Degree,Professional,1,0,2-5 Miles,North America,0,41-45,63.6363636363636
S,F,5,No,Graduate Degree,Professional,1,0,2-5 Miles,North America,1,41-45,63.6363636363636
M,M,5,No,Graduate Degree,Professional,1,0,2-5 Miles,North America,1,41-45,63.6363636363636
M,F,0,No,Bachelors,Clerical,1,0,0-1 Miles,Europe,1,29-34,18.1818181818182
M,F,0,No,Bachelors,Clerical,1,0,0-1 Miles,Europe,1,29-34,18.1818181818182
M,M,0,No,Bachelors,Clerical,1,0,0-1 Miles,Europe,1,29-34,18.1818181818182
S,F,0,No,Partial College,Manual,0,1,2-5 Miles,Europe,1,35-40,9.09090909090909
S,M,0,No,Partial College,Manual,0,1,2-5 Miles,Europe,1,35-40,9.09090909090909
S,F,0,No,Bachelors,Clerical,1,0,0-1 Miles,Europe,1,29-34,18.1818181818182
M,M,0,No,Bachelors,Clerical,0,0,0-1 Miles,Europe,1,35-40,18.1818181818182
M,M,0,No,Bachelors,Clerical,1,0,1-2 Miles,Europe,1,35-40,18.1818181818182
S,M,0,No,Graduate Degree,Clerical,0,0,0-1 Miles,Europe,1,29-34,27.2727272727273
S,F,0,No,Graduate Degree,Clerical,1,0,0-1 Miles,Europe,1,41-45,27.2727272727273
S,F,0,No,Graduate Degree,Clerical,0,0,0-1 Miles,Europe,1,35-40,27.2727272727273
S,F,0,No,Graduate Degree,Skilled Manual,0,0,0-1 Miles,Europe,1,29-34,45.4545454545455
S,M,0,No,Graduate Degree,Skilled Manual,1,0,0-1 Miles,Europe,1,35-40,45.4545454545455
S,M,0,No,Graduate Degree,Skilled Manual,0,0,0-1 Miles,Europe,1,35-40,45.4545454545455
S,M,3,No,Partial College,Manual,0,2,0-1 Miles,Europe,1,56-65,9.09090909090909
M,M,2,No,Partial College,Manual,0,1,1-2 Miles,Europe,1,56-65,9.09090909090909
S,M,2,No,Partial College,Manual,0,1,0-1 Miles,Europe,1,56-65,9.09090909090909
S,M,2,Si,High School,Manual,0,2,0-1 Miles,Europe,0,56-65,9.09090909090909
M,F,2,Si,High School,Manual,1,1,0-1 Miles,Europe,1,41-45,9.09090909090909
S,F,3,Si,High School,Manual,0,0,0-1 Miles,Europe,1,41-45,9.09090909090909
M,F,1,Si,Partial College,Manual,1,0,2-5 Miles,Europe,1,35-40,9.09090909090909
S,M,1,Si,Partial College,Manual,0,0,0-1 Miles,Europe,1,29-34,9.09090909090909
S,M,1,Si,Partial College,Manual,1,0,2-5 Miles,Europe,1,41-45,9.09090909090909
M,F,1,No,Bachelors,Clerical,1,0,1-2 Miles,Europe,1,41-45,18.1818181818182
S,F,1,Si,Bachelors,Clerical,1,0,1-2 Miles,Europe,1,35-40,18.1818181818182
S,M,0,No,Graduate Degree,Clerical,1,0,0-1 Miles,Europe,1,41-45,27.2727272727273
S,M,3,Si,Bachelors,Professional,1,1,2-5 Miles,Pacific,0,29-34,45.4545454545455
S,F,3,Si,Bachelors,Professional,1,1,2-5 Miles,Pacific,0,29-34,45.4545454545455
S,M,3,Si,Bachelors,Professional,1,2,5-10 Miles,Pacific,0,41-45,45.4545454545455
S,M,5,Si,Bachelors,Professional,1,4,10+ Miles,Pacific,0,41-45,63.6363636363636
S,M,0,No,Bachelors,Professional,0,1,5-10 Miles,Pacific,0,41-45,63.6363636363636
M,M,3,Si,Bachelors,Professional,1,2,5-10 Miles,Pacific,0,41-45,45.4545454545455
M,F,3,Si,Bachelors,Professional,1,2,5-10 Miles,Pacific,0,41-45,45.4545454545455
S,F,0,No,Partial High School,Manual,1,2,1-2 Miles,Europe,0,29-34,9.09090909090909
S,F,0,No,Partial High School,Manual,1,2,1-2 Miles,Europe,0,35-40,9.09090909090909
S,F,0,No,Partial College,Clerical,0,1,0-1 Miles,Europe,0,35-40,18.1818181818182
S,F,0,No,Partial College,Clerical,0,1,2-5 Miles,Europe,1,35-40,18.1818181818182
M,M,0,No,Partial High School,Manual,1,2,1-2 Miles,Europe,0,29-34,9.09090909090909
M,F,0,No,Partial High School,Manual,0,2,0-1 Miles,Europe,0,29-34,9.09090909090909
M,M,0,No,Partial High School,Manual,1,2,1-2 Miles,Europe,0,29-34,9.09090909090909
M,M,0,No,Partial High School,Manual,1,2,1-2 Miles,Europe,0,29-34,9.09090909090909
S,F,0,No,Partial High School,Manual,0,2,1-2 Miles,Europe,1,29-34,9.09090909090909
M,F,0,No,High School,Manual,0,1,1-2 Miles,Europe,0,29-34,18.1818181818182
S,M,0,No,High School,Manual,0,1,2-5 Miles,Europe,1,29-34,18.1818181818182
M,M,1,Si,Bachelors,Skilled Manual,1,0,1-2 Miles,Europe,1,35-40,27.2727272727273
S,M,0,No,Partial High School,Manual,1,2,1-2 Miles,Europe,0,29-34,9.09090909090909
S,M,0,No,Partial High School,Manual,1,2,1-2 Miles,Europe,0,35-40,9.09090909090909
S,M,0,No,Partial High School,Manual,0,2,0-1 Miles,Europe,0,35-40,9.09090909090909
S,F,0,No,High School,Manual,0,1,1-2 Miles,Europe,1,35-40,18.1818181818182
M,F,1,Si,Bachelors,Skilled Manual,1,0,0-1 Miles,Europe,1,35-40,27.2727272727273
M,M,0,No,Partial High School,Manual,1,2,1-2 Miles,Europe,0,29-34,9.09090909090909
S,M,0,No,High School,Manual,1,1,2-5 Miles,Europe,1,35-40,18.1818181818182
M,M,0,No,High School,Manual,0,1,1-2 Miles,Europe,1,35-40,18.1818181818182
S,F,0,No,High School,Manual,0,1,2-5 Miles,Europe,1,35-40,18.1818181818182
S,F,0,No,Partial High School,Manual,1,2,1-2 Miles,Europe,0,35-40,9.09090909090909
M,F,0,No,Partial High School,Manual,0,2,0-1 Miles,Europe,0,35-40,9.09090909090909
S,M,2,Si,Partial College,Clerical,0,0,0-1 Miles,Europe,0,35-40,27.2727272727273
S,M,2,Si,Partial College,Clerical,1,0,1-2 Miles,Europe,1,35-40,27.2727272727273
M,M,0,No,Partial High School,Manual,0,2,0-1 Miles,Europe,0,35-40,9.09090909090909
M,M,0,No,Partial High School,Manual,1,2,1-2 Miles,Europe,0,35-40,9.09090909090909
S,M,0,No,Partial High School,Manual,1,2,1-2 Miles,Europe,0,35-40,9.09090909090909
S,M,0,No,High School,Manual,0,1,2-5 Miles,Europe,1,29-34,18.1818181818182
S,M,0,No,High School,Manual,0,1,2-5 Miles,Europe,1,29-34,18.1818181818182
S,M,2,Si,Partial College,Clerical,1,0,1-2 Miles,Europe,1,35-40,27.2727272727273
M,M,2,Si,Partial College,Clerical,1,0,1-2 Miles,Europe,1,35-40,27.2727272727273
S,M,2,Si,Partial College,Clerical,1,1,1-2 Miles,Europe,1,29-34,27.2727272727273
S,M,2,Si,Partial College,Clerical,0,1,0-1 Miles,Europe,0,35-40,27.2727272727273
S,F,2,Si,Partial College,Clerical,0,2,0-1 Miles,Europe,1,35-40,27.2727272727273
S,F,2,Si,Partial College,Clerical,0,2,0-1 Miles,Europe,1,35-40,27.2727272727273
M,M,2,Si,Partial College,Clerical,1,2,1-2 Miles,Europe,0,35-40,27.2727272727273
S,F,2,Si,Partial College,Clerical,1,2,1-2 Miles,Europe,0,29-34,27.2727272727273
M,F,3,Si,Partial College,Clerical,1,1,1-2 Miles,North America,0,29-34,27.2727272727273
M,F,3,Si,Partial College,Clerical,1,1,1-2 Miles,North America,0,35-40,27.2727272727273
S,M,3,Si,Partial College,Clerical,0,2,0-1 Miles,North America,0,35-40,27.2727272727273
S,F,3,Si,Partial College,Clerical,0,2,0-1 Miles,North America,0,35-40,27.2727272727273
S,M,0,No,Graduate Degree,Skilled Manual,1,0,1-2 Miles,North America,1,35-40,45.4545454545455
M,M,1,No,Graduate Degree,Skilled Manual,1,1,1-2 Miles,North America,0,65+,27.2727272727273
M,M,5,No,Graduate Degree,Skilled Manual,1,0,0-1 Miles,North America,1,65+,72.7272727272727
S,F,0,No,Graduate Degree,Skilled Manual,0,0,0-1 Miles,North America,0,35-40,72.7272727272727
M,M,0,No,Graduate Degree,Skilled Manual,0,0,0-1 Miles,North America,0,35-40,72.7272727272727
S,F,0,No,Graduate Degree,Skilled Manual,0,0,0-1 Miles,North America,0,41-45,72.7272727272727
M,M,0,No,Graduate Degree,Skilled Manual,1,0,1-2 Miles,North America,1,41-45,72.7272727272727
S,F,0,No,Graduate Degree,Skilled Manual,0,0,0-1 Miles,North America,0,41-45,72.7272727272727
M,M,0,No,Graduate Degree,Skilled Manual,1,0,1-2 Miles,North America,1,41-45,72.7272727272727
S,M,0,No,Graduate Degree,Skilled Manual,0,0,0-1 Miles,North America,0,41-45,72.7272727272727
S,F,3,No,Partial High School,Clerical,0,2,0-1 Miles,North America,0,46-50,9.09090909090909
S,M,1,No,High School,Clerical,0,1,5-10 Miles,North America,0,51-55,18.1818181818182
M,F,1,No,High School,Clerical,1,1,2-5 Miles,North America,1,51-55,18.1818181818182
M,M,1,No,Partial College,Clerical,1,1,1-2 Miles,North America,1,51-55,27.2727272727273
S,F,3,No,Partial High School,Clerical,1,2,1-2 Miles,North America,0,46-50,9.09090909090909
S,M,3,No,Partial High School,Clerical,0,2,0-1 Miles,North America,0,46-50,9.09090909090909
S,M,3,No,Partial High School,Clerical,0,2,1-2 Miles,North America,0,46-50,9.09090909090909
S,M,3,No,Partial High School,Clerical,0,2,1-2 Miles,North America,0,46-50,9.09090909090909
M,M,1,No,High School,Clerical,1,1,2-5 Miles,North America,1,51-55,18.1818181818182
M,F,1,No,High School,Clerical,0,1,1-2 Miles,North America,1,51-55,18.1818181818182
S,F,3,No,Partial High School,Clerical,0,2,0-1 Miles,North America,0,51-55,9.09090909090909
M,F,3,No,Partial High School,Clerical,0,2,0-1 Miles,North America,0,51-55,9.09090909090909
S,F,3,No,Partial High School,Clerical,0,2,0-1 Miles,North America,0,51-55,9.09090909090909
M,F,2,No,High School,Skilled Manual,0,2,0-1 Miles,North America,0,51-55,18.1818181818182
S,F,2,Si,Partial High School,Clerical,0,2,0-1 Miles,North America,0,51-55,9.09090909090909
M,F,2,Si,Partial High School,Clerical,0,2,0-1 Miles,North America,0,51-55,9.09090909090909
S,M,2,Si,Partial High School,Clerical,0,2,0-1 Miles,North America,0,51-55,9.09090909090909
S,M,2,Si,Partial High School,Clerical,0,2,0-1 Miles,North America,0,51-55,9.09090909090909
S,M,2,Si,Partial High School,Clerical,1,2,1-2 Miles,North America,0,51-55,9.09090909090909
M,F,2,Si,Partial High School,Clerical,1,2,1-2 Miles,North America,0,51-55,9.09090909090909
M,M,2,Si,Partial High School,Clerical,1,2,1-2 Miles,North America,0,51-55,9.09090909090909
M,F,2,Si,Partial High School,Clerical,0,2,0-1 Miles,North America,0,51-55,9.09090909090909
M,M,2,No,High School,Skilled Manual,1,2,1-2 Miles,North America,0,51-55,18.1818181818182
M,M,2,No,High School,Skilled Manual,1,2,1-2 Miles,North America,1,51-55,18.1818181818182
S,F,2,No,High School,Skilled Manual,0,2,0-1 Miles,North America,1,51-55,18.1818181818182
M,F,1,No,Partial College,Clerical,1,1,1-2 Miles,North America,1,46-50,27.2727272727273
M,M,1,No,Partial College,Clerical,0,1,0-1 Miles,North America,0,51-55,27.2727272727273
S,M,2,No,Partial College,Clerical,0,1,0-1 Miles,North America,0,46-50,27.2727272727273
S,M,2,No,Partial College,Clerical,1,1,1-2 Miles,North America,1,51-55,27.2727272727273
S,M,2,No,Partial College,Clerical,0,1,1-2 Miles,North America,1,35-40,27.2727272727273
S,M,2,No,Partial College,Clerical,0,1,0-1 Miles,North America,0,46-50,27.2727272727273
S,M,2,No,Partial College,Clerical,1,1,1-2 Miles,North America,1,51-55,27.2727272727273
S,M,2,No,Partial College,Clerical,0,1,1-2 Miles,North America,1,51-55,27.2727272727273
S,F,2,No,Partial College,Clerical,0,1,0-1 Miles,North America,0,51-55,27.2727272727273
M,F,2,No,Partial College,Clerical,0,1,0-1 Miles,North America,0,41-45,27.2727272727273
S,M,2,No,Partial College,Clerical,0,1,0-1 Miles,North America,0,46-50,27.2727272727273
S,M,2,No,Partial College,Clerical,0,1,1-2 Miles,North America,1,41-45,27.2727272727273
S,M,4,Si,Partial College,Clerical,1,1,1-2 Miles,North America,1,29-34,27.2727272727273
M,M,0,No,Graduate Degree,Skilled Manual,0,0,0-1 Miles,North America,0,29-34,45.4545454545455
M,M,0,No,Graduate Degree,Skilled Manual,1,0,1-2 Miles,North America,1,35-40,27.2727272727273
S,F,0,No,Graduate Degree,Skilled Manual,0,0,0-1 Miles,North America,0,35-40,27.2727272727273
M,F,1,No,Graduate Degree,Skilled Manual,1,0,1-2 Miles,North America,0,35-40,27.2727272727273
M,F,1,No,Graduate Degree,Skilled Manual,1,0,1-2 Miles,North America,0,29-34,27.2727272727273
M,M,1,No,Graduate Degree,Skilled Manual,1,0,1-2 Miles,North America,0,35-40,27.2727272727273
M,M,1,No,Graduate Degree,Skilled Manual,1,0,1-2 Miles,North America,0,35-40,27.2727272727273
M,F,1,No,Graduate Degree,Skilled Manual,1,0,0-1 Miles,North America,0,35-40,45.4545454545455
M,F,1,No,Graduate Degree,Skilled Manual,1,0,1-2 Miles,North America,0,35-40,63.6363636363636
M,F,1,Si,Graduate Degree,Skilled Manual,1,0,1-2 Miles,North America,1,35-40,63.6363636363636
M,F,1,Si,Graduate Degree,Skilled Manual,1,0,0-1 Miles,North America,1,35-40,45.4545454545455
M,F,1,Si,Graduate Degree,Skilled Manual,1,0,0-1 Miles,North America,1,35-40,45.4545454545455
M,M,1,Si,Graduate Degree,Skilled Manual,1,0,1-2 Miles,North America,1,35-40,45.4545454545455
M,M,1,Si,Bachelors,Skilled Manual,1,0,2-5 Miles,North America,1,35-40,45.4545454545455
M,M,1,Si,Bachelors,Skilled Manual,1,0,2-5 Miles,North America,1,35-40,45.4545454545455
M,M,1,No,Graduate Degree,Skilled Manual,1,0,2-5 Miles,North America,1,35-40,45.4545454545455
S,F,1,No,Graduate Degree,Skilled Manual,0,0,0-1 Miles,North America,1,29-34,45.4545454545455
S,M,1,No,Graduate Degree,Professional,0,0,0-1 Miles,North America,1,35-40,45.4545454545455
M,F,1,Si,Bachelors,Skilled Manual,1,0,2-5 Miles,North America,1,29-34,27.2727272727273
M,F,1,Si,Bachelors,Skilled Manual,1,1,0-1 Miles,North America,1,35-40,27.2727272727273
M,M,1,Si,Bachelors,Skilled Manual,0,1,0-1 Miles,North America,1,35-40,27.2727272727273
M,F,1,Si,Bachelors,Skilled Manual,1,1,0-1 Miles,North America,1,35-40,27.2727272727273
M,M,1,No,Graduate Degree,Professional,1,0,2-5 Miles,North America,1,35-40,45.4545454545455
S,M,2,Si,Bachelors,Skilled Manual,1,0,2-5 Miles,North America,1,35-40,45.4545454545455
S,F,2,Si,Bachelors,Skilled Manual,0,0,0-1 Miles,North America,1,35-40,45.4545454545455
S,F,2,Si,Bachelors,Skilled Manual,0,0,0-1 Miles,North America,1,35-40,45.4545454545455
S,F,2,Si,Bachelors,Skilled Manual,0,0,0-1 Miles,North America,1,35-40,45.4545454545455
S,F,2,Si,Bachelors,Skilled Manual,1,0,2-5 Miles,North America,1,41-45,45.4545454545455
S,F,1,No,Graduate Degree,Professional,0,0,0-1 Miles,North America,1,35-40,45.4545454545455
M,M,1,No,Graduate Degree,Professional,1,0,2-5 Miles,North America,1,35-40,45.4545454545455
M,F,1,No,Graduate Degree,Professional,1,0,2-5 Miles,North America,1,29-34,45.4545454545455
M,M,1,No,Graduate Degree,Professional,1,0,2-5 Miles,North America,1,29-34,45.4545454545455
S,M,3,No,Graduate Degree,Professional,0,0,0-1 Miles,North America,1,35-40,63.6363636363636
S,M,3,No,Graduate Degree,Professional,0,0,0-1 Miles,North America,1,35-40,63.6363636363636
M,M,1,No,Graduate Degree,Professional,1,0,2-5 Miles,North America,1,35-40,45.4545454545455
S,F,1,No,Graduate Degree,Professional,1,0,2-5 Miles,North America,1,41-45,45.4545454545455
M,M,1,No,Graduate Degree,Professional,0,0,0-1 Miles,North America,1,29-34,45.4545454545455
M,M,4,Si,High School,Skilled Manual,1,3,10+ Miles,North America,0,35-40,27.2727272727273
S,F,2,Si,Bachelors,Skilled Manual,1,0,2-5 Miles,North America,1,41-45,63.6363636363636
M,F,2,Si,Bachelors,Skilled Manual,1,1,2-5 Miles,North America,1,41-45,63.6363636363636
S,F,2,Si,Bachelors,Skilled Manual,0,1,0-1 Miles,North America,1,41-45,63.6363636363636
M,M,5,Si,High School,Skilled Manual,0,1,0-1 Miles,North America,0,35-40,27.2727272727273
S,M,5,Si,High School,Skilled Manual,1,2,2-5 Miles,North America,0,41-45,27.2727272727273
M,F,0,No,Bachelors,Professional,0,1,0-1 Miles,North America,0,41-45,27.2727272727273
S,M,1,No,Graduate Degree,Professional,1,0,2-5 Miles,North America,1,35-40,45.4545454545455
S,M,1,No,Graduate Degree,Professional,0,0,0-1 Miles,North America,1,35-40,45.4545454545455
M,M,4,No,Graduate Degree,Professional,0,0,0-1 Miles,North America,1,29-34,63.6363636363636
S,F,4,No,Graduate Degree,Professional,0,0,0-1 Miles,North America,1,35-40,63.6363636363636
S,F,2,Si,Bachelors,Skilled Manual,1,1,2-5 Miles,North America,1,41-45,45.4545454545455
M,M,3,Si,Bachelors,Skilled Manual,1,0,2-5 Miles,North America,0,35-40,72.7272727272727
S,M,3,Si,Bachelors,Skilled Manual,0,1,0-1 Miles,North America,1,41-45,72.7272727272727
S,F,0,No,Graduate Degree,Professional,1,0,2-5 Miles,North America,1,41-45,45.4545454545455
M,F,0,No,Graduate Degree,Professional,1,0,2-5 Miles,North America,0,41-45,45.4545454545455
S,F,0,No,Graduate Degree,Professional,1,0,2-5 Miles,North America,1,41-45,63.6363636363636
S,M,0,No,Graduate Degree,Professional,1,0,2-5 Miles,North America,1,41-45,63.6363636363636
S,M,4,No,Graduate Degree,Professional,0,0,0-1 Miles,North America,1,41-45,63.6363636363636
S,F,2,No,Graduate Degree,Professional,0,0,0-1 Miles,North America,1,35-40,45.4545454545455
S,F,2,No,Graduate Degree,Professional,0,0,0-1 Miles,North America,1,29-34,45.4545454545455
M,M,0,Si,Partial High School,Management,1,4,10+ Miles,Pacific,1,29-34,90.9090909090909
M,M,4,Si,Partial College,Professional,1,1,10+ Miles,North America,0,56-65,63.6363636363636
M,M,4,Si,Partial College,Professional,1,1,10+ Miles,North America,0,56-65,63.6363636363636
M,M,2,Si,Partial College,Professional,1,4,5-10 Miles,Europe,0,51-55,81.8181818181818
M,M,2,Si,Partial College,Professional,1,3,5-10 Miles,Europe,0,51-55,90.9090909090909
S,F,2,Si,Partial College,Professional,0,3,5-10 Miles,Europe,0,46-50,90.9090909090909
M,M,2,Si,Bachelors,Management,1,3,0-1 Miles,Europe,1,51-55,90.9090909090909
S,M,2,Si,Partial College,Professional,0,4,5-10 Miles,Europe,0,51-55,90.9090909090909
M,M,3,Si,High School,Professional,1,4,5-10 Miles,Europe,0,51-55,90.9090909090909
S,F,3,Si,High School,Professional,0,4,5-10 Miles,Europe,0,51-55,90.9090909090909
M,M,3,Si,Partial College,Professional,1,3,0-1 Miles,Europe,1,51-55,90.9090909090909
M,F,3,Si,Partial College,Professional,0,1,2-5 Miles,Europe,0,51-55,72.7272727272727
M,F,4,Si,Partial College,Professional,1,1,10+ Miles,Europe,0,46-50,72.7272727272727
S,F,3,Si,Bachelors,Management,1,4,10+ Miles,Europe,0,56-65,90.9090909090909
M,F,5,Si,High School,Professional,1,3,10+ Miles,Europe,0,56-65,63.6363636363636
S,M,5,No,Bachelors,Management,0,2,2-5 Miles,Europe,0,56-65,72.7272727272727
M,M,2,Si,Graduate Degree,Management,1,4,10+ Miles,Europe,0,56-65,81.8181818181818
M,M,4,Si,Bachelors,Management,1,1,10+ Miles,Europe,1,56-65,90.9090909090909
M,M,3,Si,Graduate Degree,Management,1,4,0-1 Miles,Europe,0,56-65,90.9090909090909
M,M,4,Si,Partial College,Professional,1,1,10+ Miles,Europe,0,46-50,72.7272727272727
M,M,3,Si,High School,Professional,0,2,2-5 Miles,Europe,1,35-40,81.8181818181818
M,M,4,Si,High School,Professional,1,1,10+ Miles,Europe,0,56-65,63.6363636363636
M,M,4,Si,Partial College,Professional,1,2,2-5 Miles,Europe,0,56-65,72.7272727272727
S,M,3,Si,Partial College,Professional,0,1,2-5 Miles,Europe,0,41-45,81.8181818181818
S,F,4,Si,Partial College,Professional,1,2,10+ Miles,Europe,0,56-65,72.7272727272727
S,F,4,Si,High School,Professional,0,2,2-5 Miles,Europe,1,56-65,72.7272727272727
M,M,3,Si,Partial College,Professional,1,4,10+ Miles,Europe,0,56-65,81.8181818181818
S,F,5,Si,High School,Professional,1,2,10+ Miles,Europe,0,56-65,72.7272727272727
S,F,4,Si,Partial College,Management,1,2,10+ Miles,Europe,0,51-55,90.9090909090909
S,M,5,Si,High School,Management,1,3,10+ Miles,Europe,0,56-65,72.7272727272727
M,F,5,Si,High School,Management,0,3,5-10 Miles,Europe,0,56-65,72.7272727272727
M,M,4,Si,Partial College,Management,1,3,10+ Miles,Europe,0,51-55,90.9090909090909
M,F,4,Si,High School,Management,0,4,10+ Miles,Europe,0,56-65,90.9090909090909
M,M,4,Si,High School,Management,1,3,10+ Miles,Europe,0,56-65,81.8181818181818
M,F,3,Si,Partial College,Management,1,4,10+ Miles,Europe,0,56-65,81.8181818181818
S,M,5,No,Partial High School,Skilled Manual,0,2,5-10 Miles,Europe,0,56-65,81.8181818181818
M,M,5,No,Partial High School,Skilled Manual,1,2,10+ Miles,Europe,0,56-65,81.8181818181818
S,M,5,Si,High School,Management,1,4,10+ Miles,Europe,0,56-65,90.9090909090909
M,F,5,Si,Partial High School,Professional,1,4,0-1 Miles,Europe,0,56-65,90.9090909090909
M,F,0,No,Bachelors,Professional,1,2,10+ Miles,Pacific,1,29-34,63.6363636363636
S,F,0,No,Bachelors,Professional,0,2,5-10 Miles,Pacific,1,29-34,63.6363636363636
S,M,0,No,Bachelors,Professional,1,2,10+ Miles,Pacific,1,29-34,72.7272727272727
S,F,0,No,Bachelors,Professional,0,2,10+ Miles,Pacific,1,29-34,72.7272727272727
M,M,0,No,Bachelors,Professional,1,2,10+ Miles,Pacific,1,29-34,72.7272727272727
S,M,0,No,Bachelors,Professional,1,3,10+ Miles,Pacific,0,29-34,63.6363636363636
S,M,0,No,Bachelors,Professional,1,3,10+ Miles,Pacific,0,35-40,63.6363636363636
S,M,0,No,Bachelors,Professional,0,3,10+ Miles,Pacific,0,29-34,72.7272727272727
S,F,0,No,Bachelors,Professional,0,2,10+ Miles,Pacific,1,29-34,81.8181818181818
M,M,0,No,Bachelors,Professional,1,3,10+ Miles,Pacific,0,29-34,72.7272727272727
M,M,0,No,Bachelors,Professional,1,2,10+ Miles,Pacific,1,35-40,81.8181818181818
M,F,0,No,Bachelors,Professional,1,3,10+ Miles,Pacific,0,29-34,81.8181818181818
S,M,0,No,Bachelors,Professional,0,3,10+ Miles,Pacific,0,35-40,81.8181818181818
M,F,0,Si,Partial College,Management,1,3,10+ Miles,Pacific,0,29-34,90.9090909090909
S,M,0,Si,Partial College,Management,1,3,10+ Miles,Pacific,1,35-40,90.9090909090909
S,M,0,Si,Partial College,Management,1,3,10+ Miles,Pacific,1,35-40,90.9090909090909
S,F,5,Si,Partial High School,Professional,0,4,10+ Miles,Pacific,1,29-34,90.9090909090909
M,M,0,Si,High School,Management,1,2,10+ Miles,Pacific,1,35-40,81.8181818181818
M,F,0,Si,Partial High School,Professional,1,4,10+ Miles,Pacific,1,35-40,90.9090909090909
M,M,0,No,Bachelors,Professional,0,3,10+ Miles,Pacific,0,29-34,81.8181818181818
M,M,0,No,Bachelors,Professional,1,3,10+ Miles,Pacific,0,29-34,81.8181818181818
S,F,0,Si,High School,Management,1,3,10+ Miles,Pacific,1,29-34,81.8181818181818
M,M,0,No,Bachelors,Professional,1,4,10+ Miles,Pacific,0,35-40,72.7272727272727
S,F,0,No,Bachelors,Professional,0,4,10+ Miles,Pacific,0,35-40,72.7272727272727
S,M,0,Si,Partial College,Management,0,3,10+ Miles,Pacific,1,35-40,90.9090909090909
M,F,0,Si,High School,Management,1,3,10+ Miles,Pacific,0,29-34,90.9090909090909
S,M,0,No,Bachelors,Professional,0,4,10+ Miles,Pacific,0,29-34,81.8181818181818
S,M,0,Si,High School,Management,0,4,10+ Miles,Pacific,1,35-40,81.8181818181818
S,M,0,Si,High School,Management,1,4,10+ Miles,Pacific,1,29-34,81.8181818181818
S,F,0,No,Bachelors,Professional,1,4,10+ Miles,Pacific,0,29-34,81.8181818181818
M,F,0,Si,Partial High School,Professional,0,4,10+ Miles,Pacific,0,35-40,81.8181818181818
M,F,0,Si,High School,Management,1,4,10+ Miles,Pacific,0,35-40,90.9090909090909
S,F,0,Si,High School,Management,0,4,10+ Miles,Pacific,1,35-40,90.9090909090909
S,F,0,Si,Partial High School,Professional,0,4,10+ Miles,Pacific,1,35-40,90.9090909090909
S,M,4,No,High School,Professional,0,2,1-2 Miles,North America,0,56-65,18.1818181818182
S,M,4,No,High School,Professional,0,2,1-2 Miles,North America,0,56-65,18.1818181818182
S,M,4,No,High School,Professional,1,2,5-10 Miles,North America,0,46-50,18.1818181818182
M,F,4,No,High School,Professional,1,2,5-10 Miles,North America,0,56-65,18.1818181818182
S,F,4,No,High School,Professional,1,2,5-10 Miles,North America,0,56-65,18.1818181818182
S,F,4,No,High School,Professional,1,2,5-10 Miles,North America,0,56-65,18.1818181818182
M,F,4,No,High School,Professional,1,2,5-10 Miles,North America,0,56-65,18.1818181818182
S,F,4,No,High School,Professional,0,2,1-2 Miles,North America,0,56-65,27.2727272727273
S,M,4,No,High School,Professional,1,2,5-10 Miles,North America,0,56-65,27.2727272727273
S,F,4,No,High School,Professional,1,2,5-10 Miles,North America,0,65+,27.2727272727273
S,F,3,No,Graduate Degree,Management,1,2,10+ Miles,North America,0,65+,45.4545454545455
S,M,3,No,Graduate Degree,Management,1,2,10+ Miles,North America,0,65+,45.4545454545455
M,M,3,No,Graduate Degree,Management,1,2,10+ Miles,North America,0,65+,45.4545454545455
M,M,3,No,Graduate Degree,Management,0,2,1-2 Miles,North America,0,56-65,45.4545454545455
M,M,3,No,Graduate Degree,Management,1,2,10+ Miles,North America,0,65+,45.4545454545455
S,M,3,No,Graduate Degree,Management,1,2,10+ Miles,North America,0,65+,45.4545454545455
M,M,3,No,Bachelors,Management,0,2,1-2 Miles,North America,0,65+,45.4545454545455
S,M,3,No,Bachelors,Management,0,2,1-2 Miles,North America,0,65+,45.4545454545455
S,F,3,No,Graduate Degree,Management,0,2,1-2 Miles,North America,0,65+,45.4545454545455
S,M,3,No,Bachelors,Management,1,2,10+ Miles,North America,0,56-65,45.4545454545455
M,F,4,No,Bachelors,Management,1,2,10+ Miles,North America,0,65+,45.4545454545455
M,F,4,No,Bachelors,Management,1,2,10+ Miles,North America,0,65+,45.4545454545455
S,M,4,No,Bachelors,Management,0,2,1-2 Miles,North America,0,65+,45.4545454545455
S,F,4,No,Bachelors,Management,1,2,10+ Miles,North America,0,56-65,45.4545454545455
S,M,4,No,Bachelors,Management,1,2,10+ Miles,North America,0,65+,45.4545454545455
S,M,4,No,Bachelors,Management,1,2,10+ Miles,North America,0,65+,45.4545454545455
S,F,4,No,Bachelors,Management,0,2,1-2 Miles,North America,0,65+,45.4545454545455
S,M,4,No,Bachelors,Management,0,2,1-2 Miles,North America,0,65+,45.4545454545455
M,M,4,No,Bachelors,Management,1,2,10+ Miles,North America,0,65+,45.4545454545455
M,M,5,No,Partial High School,Clerical,0,2,1-2 Miles,North America,0,56-65,18.1818181818182
S,M,5,No,Partial High School,Clerical,0,2,1-2 Miles,North America,0,56-65,18.1818181818182
S,M,2,Si,Partial High School,Skilled Manual,0,2,1-2 Miles,North America,0,56-65,18.1818181818182
M,F,5,No,High School,Professional,0,3,2-5 Miles,North America,1,56-65,27.2727272727273
M,M,5,No,High School,Professional,1,3,10+ Miles,North America,1,56-65,27.2727272727273
S,M,5,No,Bachelors,Management,1,3,10+ Miles,North America,1,56-65,63.6363636363636
S,F,5,No,Bachelors,Management,1,3,10+ Miles,North America,1,56-65,63.6363636363636
M,F,5,No,Bachelors,Management,1,3,10+ Miles,North America,0,56-65,63.6363636363636
M,M,2,Si,High School,Professional,1,1,10+ Miles,North America,0,56-65,27.2727272727273
S,F,2,Si,High School,Professional,0,2,2-5 Miles,North America,0,56-65,27.2727272727273
S,M,2,Si,High School,Professional,1,2,10+ Miles,North America,0,56-65,27.2727272727273
S,M,2,Si,Bachelors,Management,1,1,10+ Miles,North America,0,56-65,63.6363636363636
M,F,2,Si,Bachelors,Management,1,1,10+ Miles,North America,0,56-65,63.6363636363636
M,F,2,Si,Bachelors,Management,1,1,10+ Miles,North America,0,56-65,63.6363636363636
M,M,2,Si,High School,Professional,1,2,10+ Miles,North America,0,56-65,27.2727272727273
S,M,2,Si,Partial College,Professional,0,1,2-5 Miles,North America,1,56-65,45.4545454545455
M,M,2,Si,Bachelors,Management,1,0,10+ Miles,North America,0,56-65,45.4545454545455
S,F,4,Si,Partial College,Professional,0,2,1-2 Miles,North America,1,56-65,63.6363636363636
S,F,2,Si,High School,Professional,1,2,10+ Miles,North America,0,56-65,27.2727272727273
S,M,2,Si,Partial High School,Skilled Manual,1,2,10+ Miles,North America,0,56-65,27.2727272727273
S,F,2,Si,Partial College,Professional,0,2,2-5 Miles,North America,1,51-55,45.4545454545455
M,M,2,Si,Partial College,Professional,1,2,10+ Miles,North America,0,56-65,45.4545454545455
S,M,2,Si,Partial College,Professional,0,0,2-5 Miles,North America,1,56-65,45.4545454545455
S,M,2,Si,Partial College,Professional,1,0,10+ Miles,North America,1,56-65,45.4545454545455
S,M,2,Si,Partial College,Professional,0,1,2-5 Miles,North America,1,56-65,45.4545454545455
S,M,2,Si,Partial College,Professional,1,1,10+ Miles,North America,0,51-55,45.4545454545455
S,M,5,Si,Partial College,Professional,0,2,1-2 Miles,North America,1,51-55,63.6363636363636
S,F,2,Si,Partial High School,Skilled Manual,1,2,10+ Miles,North America,0,56-65,27.2727272727273
S,F,2,Si,Partial High School,Skilled Manual,1,3,10+ Miles,North America,1,56-65,27.2727272727273
M,F,2,Si,Partial College,Professional,1,2,10+ Miles,North America,0,56-65,45.4545454545455
S,M,2,Si,Partial College,Professional,0,2,2-5 Miles,North America,1,51-55,45.4545454545455
S,M,2,Si,Partial College,Professional,1,1,10+ Miles,North America,0,51-55,45.4545454545455
S,M,2,Si,Partial College,Professional,0,1,2-5 Miles,North America,0,56-65,45.4545454545455
S,M,4,Si,Partial College,Professional,1,1,10+ Miles,North America,0,56-65,63.6363636363636
M,F,4,Si,Partial College,Professional,1,1,10+ Miles,North America,0,56-65,63.6363636363636
S,F,2,Si,High School,Professional,1,2,10+ Miles,North America,0,51-55,45.4545454545455
S,F,2,Si,High School,Professional,1,2,10+ Miles,North America,0,56-65,45.4545454545455
M,M,2,Si,Partial College,Professional,1,1,10+ Miles,North America,0,56-65,45.4545454545455
S,M,2,Si,High School,Professional,0,2,2-5 Miles,North America,1,56-65,63.6363636363636
S,F,2,Si,Partial High School,Skilled Manual,0,2,2-5 Miles,North America,1,56-65,63.6363636363636
M,M,3,Si,High School,Professional,0,2,2-5 Miles,North America,0,56-65,45.4545454545455
M,F,3,Si,High School,Professional,1,2,10+ Miles,North America,0,56-65,45.4545454545455
S,F,3,Si,Partial High School,Skilled Manual,1,2,10+ Miles,North America,0,56-65,45.4545454545455
M,F,5,Si,Graduate Degree,Professional,0,2,0-1 Miles,North America,0,41-45,63.6363636363636
M,M,5,Si,Graduate Degree,Professional,1,2,0-1 Miles,North America,0,35-40,63.6363636363636
S,M,3,No,Graduate Degree,Professional,1,0,0-1 Miles,North America,1,35-40,72.7272727272727
M,F,3,No,Graduate Degree,Professional,1,0,0-1 Miles,North America,1,35-40,72.7272727272727
S,M,0,No,Bachelors,Professional,1,1,2-5 Miles,North America,1,41-45,27.2727272727273
S,M,0,No,Bachelors,Management,1,1,1-2 Miles,North America,1,41-45,72.7272727272727
M,F,1,No,Bachelors,Management,1,2,1-2 Miles,North America,1,41-45,81.8181818181818
S,M,2,No,Bachelors,Management,0,2,0-1 Miles,North America,0,41-45,81.8181818181818
S,M,0,Si,Bachelors,Management,0,3,0-1 Miles,North America,1,41-45,90.9090909090909
S,M,4,Si,Bachelors,Management,1,0,1-2 Miles,North America,1,35-40,72.7272727272727
M,M,4,Si,Bachelors,Management,1,1,1-2 Miles,North America,0,35-40,81.8181818181818
S,F,2,No,Bachelors,Management,0,3,0-1 Miles,North America,1,41-45,81.8181818181818
M,M,2,No,Bachelors,Management,1,3,1-2 Miles,North America,0,41-45,81.8181818181818
S,F,2,No,Bachelors,Management,0,3,1-2 Miles,North America,0,41-45,81.8181818181818
M,M,2,Si,Bachelors,Management,1,3,1-2 Miles,North America,0,35-40,90.9090909090909
M,M,1,No,Graduate Degree,Management,1,2,0-1 Miles,North America,1,35-40,90.9090909090909
S,M,1,No,Graduate Degree,Management,0,3,0-1 Miles,North America,1,35-40,90.9090909090909
S,F,0,No,High School,Skilled Manual,1,2,5-10 Miles,North America,0,29-34,27.2727272727273
S,M,0,No,Partial College,Skilled Manual,1,1,5-10 Miles,North America,0,29-34,27.2727272727273
S,F,0,No,Partial College,Skilled Manual,0,1,1-2 Miles,North America,0,29-34,27.2727272727273
M,F,3,No,High School,Skilled Manual,0,2,1-2 Miles,Pacific,0,56-65,9.09090909090909
S,M,0,No,Partial College,Skilled Manual,1,1,5-10 Miles,North America,0,29-34,18.1818181818182
S,F,0,No,Partial College,Skilled Manual,0,1,1-2 Miles,North America,0,29-34,18.1818181818182
M,M,0,No,Partial College,Skilled Manual,1,2,5-10 Miles,North America,1,29-34,45.4545454545455
M,M,0,No,Partial College,Skilled Manual,0,2,1-2 Miles,North America,1,29-34,45.4545454545455
S,F,2,No,Partial College,Clerical,0,2,5-10 Miles,Pacific,1,56-65,18.1818181818182
M,F,2,No,Partial College,Clerical,0,2,1-2 Miles,Pacific,1,56-65,18.1818181818182
S,F,2,Si,High School,Skilled Manual,1,2,5-10 Miles,Pacific,1,56-65,9.09090909090909
S,F,2,Si,Partial High School,Clerical,1,2,5-10 Miles,Pacific,1,56-65,9.09090909090909
S,M,2,Si,Partial High School,Clerical,1,2,5-10 Miles,Pacific,1,51-55,9.09090909090909
S,F,0,No,Bachelors,Professional,1,2,5-10 Miles,North America,0,29-34,27.2727272727273
S,F,0,No,Partial College,Skilled Manual,1,1,5-10 Miles,North America,0,29-34,27.2727272727273
S,F,0,No,Partial College,Skilled Manual,1,2,5-10 Miles,North America,0,29-34,27.2727272727273
S,M,0,No,Partial College,Skilled Manual,1,2,5-10 Miles,North America,0,29-34,27.2727272727273
M,F,0,No,Partial College,Skilled Manual,1,2,5-10 Miles,North America,0,29-34,45.4545454545455
S,F,0,No,Partial College,Skilled Manual,0,2,1-2 Miles,North America,0,29-34,45.4545454545455
S,F,0,No,Partial College,Skilled Manual,0,2,5-10 Miles,North America,0,29-34,63.6363636363636
S,M,0,No,Partial College,Skilled Manual,0,2,5-10 Miles,North America,0,29-34,63.6363636363636
M,M,2,Si,Partial High School,Clerical,1,2,5-10 Miles,Pacific,0,51-55,9.09090909090909
M,M,2,Si,Partial High School,Clerical,1,2,5-10 Miles,Pacific,1,51-55,9.09090909090909
S,F,2,Si,Partial High School,Clerical,1,2,5-10 Miles,Pacific,1,56-65,9.09090909090909
S,F,2,Si,Partial High School,Clerical,0,2,1-2 Miles,Pacific,1,51-55,9.09090909090909
S,M,2,Si,Partial High School,Clerical,0,2,1-2 Miles,Pacific,1,51-55,9.09090909090909
M,M,2,Si,Partial High School,Clerical,1,2,5-10 Miles,Pacific,1,46-50,9.09090909090909
M,F,2,Si,Partial High School,Clerical,0,2,1-2 Miles,Pacific,1,56-65,9.09090909090909
S,F,2,Si,Partial High School,Clerical,1,2,5-10 Miles,Pacific,1,56-65,9.09090909090909
S,F,2,Si,Partial High School,Clerical,1,2,5-10 Miles,Pacific,1,56-65,9.09090909090909
M,M,3,Si,Partial High School,Clerical,0,4,1-2 Miles,Pacific,0,56-65,9.09090909090909
M,M,3,No,High School,Skilled Manual,1,2,5-10 Miles,Pacific,1,56-65,18.1818181818182
M,F,3,No,High School,Skilled Manual,1,2,5-10 Miles,Pacific,1,56-65,18.1818181818182
S,F,2,No,Partial College,Skilled Manual,0,2,1-2 Miles,Pacific,1,51-55,27.2727272727273
S,F,3,No,Partial High School,Clerical,0,2,1-2 Miles,Pacific,0,51-55,27.2727272727273
S,M,3,No,Partial High School,Clerical,0,2,1-2 Miles,Pacific,0,46-50,27.2727272727273
S,M,3,No,Partial High School,Clerical,0,2,1-2 Miles,Pacific,0,51-55,27.2727272727273
S,F,2,No,Partial College,Skilled Manual,0,2,1-2 Miles,Pacific,1,41-45,72.7272727272727
M,F,2,No,Partial College,Skilled Manual,1,2,5-10 Miles,Pacific,1,51-55,72.7272727272727
S,M,2,No,Partial College,Skilled Manual,1,2,5-10 Miles,Pacific,1,46-50,72.7272727272727
M,M,2,No,Partial College,Skilled Manual,1,2,5-10 Miles,Pacific,1,46-50,72.7272727272727
S,M,0,No,Partial College,Skilled Manual,1,2,5-10 Miles,North America,0,29-34,27.2727272727273
S,M,0,No,Partial College,Skilled Manual,1,2,5-10 Miles,North America,0,29-34,27.2727272727273
S,F,0,No,High School,Skilled Manual,0,2,1-2 Miles,North America,1,29-34,27.2727272727273
S,F,0,No,High School,Skilled Manual,1,2,5-10 Miles,North America,0,29-34,27.2727272727273
M,F,0,No,High School,Skilled Manual,1,2,5-10 Miles,North America,0,29-34,27.2727272727273
M,F,0,No,High School,Skilled Manual,1,2,5-10 Miles,North America,0,29-34,27.2727272727273
S,M,0,No,Partial College,Skilled Manual,0,2,1-2 Miles,North America,1,35-40,45.4545454545455
S,M,0,No,Partial College,Professional,0,2,1-2 Miles,North America,0,29-34,45.4545454545455
S,M,0,No,Partial College,Professional,0,2,1-2 Miles,North America,0,29-34,45.4545454545455
S,F,2,No,High School,Skilled Manual,0,2,1-2 Miles,Pacific,1,35-40,72.7272727272727
S,M,2,No,High School,Skilled Manual,0,2,1-2 Miles,Pacific,1,51-55,72.7272727272727
S,F,2,No,High School,Skilled Manual,0,2,1-2 Miles,Pacific,1,51-55,63.6363636363636
S,F,2,No,High School,Skilled Manual,0,2,1-2 Miles,Pacific,1,51-55,63.6363636363636
S,M,1,No,Bachelors,Management,0,3,0-1 Miles,Pacific,1,51-55,81.8181818181818
S,M,1,Si,Bachelors,Management,1,3,2-5 Miles,Pacific,0,41-45,81.8181818181818
M,M,1,Si,Bachelors,Management,1,3,2-5 Miles,Pacific,1,46-50,81.8181818181818
M,F,1,Si,Bachelors,Management,1,3,2-5 Miles,Pacific,0,46-50,81.8181818181818
S,M,4,Si,Bachelors,Management,0,4,0-1 Miles,Pacific,0,46-50,90.9090909090909
S,M,4,Si,Bachelors,Management,0,4,0-1 Miles,Pacific,0,51-55,90.9090909090909
S,M,0,No,Bachelors,Management,0,1,2-5 Miles,North America,1,35-40,72.7272727272727
M,F,0,No,High School,Professional,1,2,5-10 Miles,North America,0,35-40,45.4545454545455
S,F,0,No,High School,Professional,0,2,1-2 Miles,North America,1,35-40,45.4545454545455
S,F,0,No,Partial High School,Skilled Manual,0,2,1-2 Miles,North America,1,35-40,45.4545454545455
M,F,0,No,Partial College,Professional,0,2,1-2 Miles,North America,0,35-40,45.4545454545455
M,M,0,No,Partial College,Professional,1,2,5-10 Miles,North America,0,35-40,45.4545454545455
S,F,2,Si,Bachelors,Management,0,3,0-1 Miles,North America,1,29-34,90.9090909090909
M,F,0,Si,Graduate Degree,Management,1,4,0-1 Miles,North America,0,35-40,90.9090909090909
M,F,1,Si,Graduate Degree,Management,1,4,0-1 Miles,North America,0,41-45,90.9090909090909
M,F,2,No,Partial High School,Skilled Manual,1,2,5-10 Miles,North America,0,51-55,63.6363636363636
S,F,0,No,Bachelors,Professional,0,1,0-1 Miles,North America,1,35-40,27.2727272727273
S,F,4,Si,Bachelors,Skilled Manual,1,2,2-5 Miles,North America,0,35-40,45.4545454545455
M,F,4,Si,Bachelors,Skilled Manual,1,2,2-5 Miles,North America,0,46-50,45.4545454545455
S,F,4,Si,Bachelors,Skilled Manual,0,3,5-10 Miles,North America,1,41-45,45.4545454545455
S,M,5,Si,Bachelors,Skilled Manual,1,3,10+ Miles,North America,1,41-45,45.4545454545455
M,F,4,Si,Bachelors,Skilled Manual,1,2,2-5 Miles,North America,1,29-34,45.4545454545455
M,F,4,Si,Bachelors,Professional,1,2,2-5 Miles,North America,1,41-45,63.6363636363636
M,M,4,Si,Bachelors,Professional,1,2,2-5 Miles,North America,0,46-50,63.6363636363636
S,M,0,No,Bachelors,Professional,0,1,2-5 Miles,North America,1,41-45,63.6363636363636
S,F,0,No,Bachelors,Professional,0,1,0-1 Miles,North America,1,41-45,63.6363636363636
S,F,0,No,Bachelors,Professional,1,1,2-5 Miles,North America,1,41-45,63.6363636363636
M,F,1,No,Bachelors,Professional,1,1,2-5 Miles,North America,1,46-50,63.6363636363636
M,F,1,No,Bachelors,Professional,1,1,2-5 Miles,North America,1,46-50,63.6363636363636
M,F,1,No,Partial College,Skilled Manual,1,1,0-1 Miles,North America,1,46-50,45.4545454545455
M,M,1,No,Partial College,Skilled Manual,1,1,0-1 Miles,North America,1,41-45,45.4545454545455
S,M,4,Si,High School,Skilled Manual,1,2,2-5 Miles,North America,1,46-50,27.2727272727273
M,M,4,Si,High School,Skilled Manual,1,2,0-1 Miles,North America,1,46-50,27.2727272727273
M,M,1,No,Partial College,Skilled Manual,1,1,2-5 Miles,North America,0,35-40,45.4545454545455
M,M,1,No,Partial College,Skilled Manual,1,1,2-5 Miles,North America,1,46-50,45.4545454545455
S,M,0,No,Partial College,Skilled Manual,0,1,2-5 Miles,North America,1,35-40,45.4545454545455
M,M,0,No,Partial College,Skilled Manual,0,1,0-1 Miles,North America,1,41-45,45.4545454545455
S,F,0,No,Graduate Degree,Professional,0,1,2-5 Miles,North America,1,41-45,45.4545454545455
S,F,0,No,Graduate Degree,Professional,0,1,2-5 Miles,North America,1,41-45,45.4545454545455
M,F,1,No,Partial College,Skilled Manual,1,1,2-5 Miles,North America,1,41-45,45.4545454545455
M,F,1,No,Partial College,Skilled Manual,1,1,2-5 Miles,North America,1,46-50,45.4545454545455
M,F,1,No,Partial College,Skilled Manual,1,1,2-5 Miles,North America,1,46-50,45.4545454545455
M,M,1,No,Partial College,Skilled Manual,1,1,0-1 Miles,North America,1,46-50,45.4545454545455
M,M,1,No,Partial College,Skilled Manual,1,1,2-5 Miles,North America,1,46-50,45.4545454545455
M,F,1,No,Partial College,Skilled Manual,1,1,2-5 Miles,North America,1,41-45,45.4545454545455
M,F,1,No,Partial College,Skilled Manual,1,1,2-5 Miles,North America,1,46-50,45.4545454545455
S,F,5,Si,Bachelors,Professional,1,0,2-5 Miles,North America,0,51-55,45.4545454545455
M,F,5,Si,Bachelors,Professional,1,1,2-5 Miles,North America,0,41-45,45.4545454545455
M,M,5,Si,Bachelors,Professional,1,1,2-5 Miles,North America,0,51-55,45.4545454545455
S,M,4,Si,Bachelors,Professional,1,0,2-5 Miles,North America,0,46-50,45.4545454545455
M,F,4,Si,Bachelors,Professional,0,0,0-1 Miles,North America,0,46-50,45.4545454545455
M,M,4,Si,Bachelors,Professional,1,0,2-5 Miles,North America,0,46-50,45.4545454545455
M,F,4,Si,Bachelors,Professional,0,0,0-1 Miles,North America,0,46-50,45.4545454545455
S,M,2,No,Graduate Degree,Professional,0,1,0-1 Miles,North America,1,41-45,63.6363636363636
S,F,2,No,Graduate Degree,Professional,1,1,2-5 Miles,North America,1,41-45,63.6363636363636
S,F,2,No,Graduate Degree,Professional,0,0,0-1 Miles,North America,1,35-40,72.7272727272727
M,F,4,No,Graduate Degree,Professional,1,0,0-1 Miles,North America,1,29-34,72.7272727272727
M,M,1,No,Partial College,Skilled Manual,1,1,0-1 Miles,North America,1,35-40,72.7272727272727
M,M,1,No,Partial College,Skilled Manual,1,1,2-5 Miles,North America,1,51-55,72.7272727272727
M,F,1,No,Partial College,Skilled Manual,1,1,2-5 Miles,North America,1,35-40,72.7272727272727
S,F,3,Si,Bachelors,Professional,0,0,0-1 Miles,North America,1,46-50,45.4545454545455
M,F,1,No,Bachelors,Professional,0,1,0-1 Miles,North America,1,46-50,45.4545454545455
S,M,1,No,Bachelors,Professional,0,1,0-1 Miles,North America,1,51-55,45.4545454545455
M,F,1,No,Bachelors,Professional,1,1,2-5 Miles,North America,1,51-55,45.4545454545455
M,M,5,Si,Graduate Degree,Professional,1,2,2-5 Miles,North America,0,51-55,63.6363636363636
M,F,4,Si,Graduate Degree,Management,1,0,0-1 Miles,Pacific,0,35-40,72.7272727272727
M,M,4,Si,Graduate Degree,Management,1,0,0-1 Miles,Pacific,1,35-40,72.7272727272727
S,F,2,No,Bachelors,Professional,0,0,0-1 Miles,Pacific,1,35-40,81.8181818181818
M,M,2,No,Bachelors,Professional,1,0,2-5 Miles,Pacific,1,35-40,81.8181818181818
S,F,2,No,Bachelors,Professional,0,0,0-1 Miles,Pacific,1,29-34,81.8181818181818
M,F,2,No,Bachelors,Professional,0,0,0-1 Miles,Pacific,1,29-34,81.8181818181818
M,F,2,Si,Bachelors,Professional,1,1,2-5 Miles,Pacific,1,41-45,45.4545454545455
S,F,2,Si,Bachelors,Professional,0,1,0-1 Miles,Pacific,1,41-45,45.4545454545455
S,F,5,Si,Bachelors,Professional,1,3,10+ Miles,Pacific,0,41-45,63.6363636363636
S,M,2,Si,Bachelors,Professional,0,1,0-1 Miles,Pacific,1,35-40,45.4545454545455
M,M,2,Si,Bachelors,Professional,1,1,2-5 Miles,Pacific,1,41-45,45.4545454545455
M,M,5,Si,Bachelors,Professional,0,3,10+ Miles,Pacific,0,41-45,63.6363636363636
S,M,5,Si,Bachelors,Professional,1,3,10+ Miles,Pacific,0,41-45,63.6363636363636
M,M,5,Si,Bachelors,Professional,1,4,10+ Miles,Pacific,0,35-40,63.6363636363636
S,M,5,Si,Graduate Degree,Management,1,3,0-1 Miles,Pacific,0,41-45,72.7272727272727
M,F,5,Si,Graduate Degree,Management,1,3,0-1 Miles,Pacific,0,41-45,72.7272727272727
M,M,5,Si,Bachelors,Professional,1,3,0-1 Miles,Pacific,0,35-40,72.7272727272727
S,M,0,No,Bachelors,Professional,0,0,0-1 Miles,Pacific,1,41-45,81.8181818181818
S,M,2,No,Bachelors,Professional,1,0,1-2 Miles,Pacific,1,41-45,81.8181818181818
M,M,2,No,Bachelors,Professional,0,0,1-2 Miles,Pacific,1,41-45,81.8181818181818
S,F,3,Si,Partial High School,Skilled Manual,0,2,2-5 Miles,North America,0,56-65,45.4545454545455
S,F,3,Si,Partial High School,Skilled Manual,0,3,2-5 Miles,North America,1,41-45,45.4545454545455
S,M,3,Si,Partial High School,Skilled Manual,0,3,2-5 Miles,North America,1,56-65,45.4545454545455
M,F,2,No,Partial High School,Skilled Manual,1,2,5-10 Miles,North America,0,51-55,63.6363636363636
M,M,2,No,High School,Professional,1,2,5-10 Miles,North America,1,51-55,45.4545454545455
M,M,2,No,High School,Professional,1,2,5-10 Miles,North America,1,41-45,45.4545454545455
S,F,2,Si,Partial College,Professional,0,0,0-1 Miles,North America,1,51-55,63.6363636363636
M,M,2,No,Partial High School,Skilled Manual,1,2,5-10 Miles,North America,0,51-55,72.7272727272727
M,M,2,No,Partial High School,Skilled Manual,1,2,5-10 Miles,North America,0,46-50,72.7272727272727
M,F,2,No,Partial High School,Skilled Manual,1,2,5-10 Miles,North America,0,46-50,72.7272727272727
S,M,2,No,Partial High School,Skilled Manual,0,2,1-2 Miles,North America,0,51-55,72.7272727272727
M,M,2,No,High School,Professional,1,2,5-10 Miles,North America,1,51-55,45.4545454545455
M,M,2,No,High School,Professional,1,2,5-10 Miles,North America,1,35-40,45.4545454545455
S,F,2,No,High School,Professional,0,2,1-2 Miles,North America,1,41-45,45.4545454545455
M,M,2,No,High School,Professional,0,2,1-2 Miles,North America,1,51-55,45.4545454545455
M,F,3,Si,Bachelors,Management,1,4,2-5 Miles,North America,1,41-45,90.9090909090909
S,F,3,Si,Bachelors,Management,1,4,2-5 Miles,North America,1,41-45,90.9090909090909
S,F,0,No,Partial College,Professional,0,1,5-10 Miles,North America,1,35-40,81.8181818181818
M,F,5,Si,Partial College,Professional,1,1,0-1 Miles,North America,0,35-40,81.8181818181818
S,M,4,Si,Partial College,Professional,1,4,2-5 Miles,North America,0,35-40,90.9090909090909
S,F,2,Si,Graduate Degree,Management,0,2,0-1 Miles,North America,0,35-40,90.9090909090909
S,M,0,No,Graduate Degree,Management,0,4,1-2 Miles,North America,1,35-40,90.9090909090909
M,M,4,Si,Partial College,Professional,0,0,0-1 Miles,North America,0,46-50,63.6363636363636
S,M,3,No,Partial College,Professional,0,1,0-1 Miles,North America,1,51-55,72.7272727272727
M,M,2,Si,Partial College,Professional,1,1,2-5 Miles,North America,0,46-50,72.7272727272727
S,F,2,Si,Partial College,Professional,0,0,10+ Miles,North America,1,51-55,81.8181818181818
S,M,4,No,Bachelors,Management,1,1,5-10 Miles,North America,0,65+,81.8181818181818
S,M,1,Si,Graduate Degree,Management,0,3,1-2 Miles,North America,0,65+,90.9090909090909
S,F,4,Si,Partial College,Professional,0,2,0-1 Miles,North America,0,41-45,72.7272727272727
M,M,0,No,Partial College,Professional,1,1,10+ Miles,North America,0,46-50,81.8181818181818
S,M,4,Si,Bachelors,Management,0,4,1-2 Miles,North America,0,46-50,90.9090909090909
S,F,3,Si,Bachelors,Management,0,4,1-2 Miles,North America,0,35-40,90.9090909090909
M,F,5,Si,Partial College,Professional,1,2,5-10 Miles,North America,0,46-50,72.7272727272727
M,M,5,Si,Partial College,Professional,1,3,0-1 Miles,North America,0,46-50,72.7272727272727
S,F,5,Si,Partial College,Professional,1,3,5-10 Miles,North America,1,46-50,72.7272727272727
M,F,5,Si,Partial College,Professional,1,4,5-10 Miles,North America,0,35-40,81.8181818181818
M,F,1,Si,Partial College,Professional,1,3,5-10 Miles,North America,1,46-50,81.8181818181818
S,F,1,Si,Partial College,Professional,0,3,1-2 Miles,North America,0,46-50,81.8181818181818
S,M,1,Si,Partial College,Professional,0,3,1-2 Miles,North America,0,41-45,81.8181818181818
S,F,1,Si,Partial College,Professional,0,4,1-2 Miles,North America,0,46-50,81.8181818181818
S,F,1,Si,Partial College,Professional,0,4,1-2 Miles,North America,0,46-50,90.9090909090909
S,F,1,Si,Partial College,Professional,1,4,5-10 Miles,North America,1,46-50,90.9090909090909
S,F,1,Si,High School,Professional,0,4,2-5 Miles,North America,0,46-50,90.9090909090909
S,M,5,Si,Partial College,Professional,1,3,2-5 Miles,North America,0,46-50,63.6363636363636
M,F,4,Si,Partial College,Professional,1,0,1-2 Miles,North America,0,41-45,81.8181818181818
M,M,1,Si,High School,Professional,1,4,5-10 Miles,North America,1,41-45,90.9090909090909
S,M,1,Si,Bachelors,Management,0,2,2-5 Miles,North America,1,46-50,90.9090909090909
M,M,1,Si,Partial College,Professional,0,4,2-5 Miles,North America,0,41-45,90.9090909090909
S,M,2,No,Partial High School,Skilled Manual,0,2,1-2 Miles,North America,0,51-55,72.7272727272727
M,M,2,No,High School,Professional,0,2,1-2 Miles,North America,1,51-55,45.4545454545455
M,M,4,Si,High School,Professional,1,0,5-10 Miles,North America,0,51-55,63.6363636363636
M,M,2,Si,High School,Professional,1,1,10+ Miles,North America,1,51-55,81.8181818181818
M,M,2,No,Partial High School,Skilled Manual,1,2,5-10 Miles,North America,0,51-55,63.6363636363636
M,F,4,No,High School,Professional,1,2,5-10 Miles,North America,0,65+,18.1818181818182
M,F,2,No,Graduate Degree,Management,1,2,5-10 Miles,North America,0,65+,45.4545454545455
S,F,4,No,Bachelors,Management,1,2,5-10 Miles,North America,0,65+,81.8181818181818
S,M,3,No,Partial College,Professional,0,2,1-2 Miles,North America,0,65+,27.2727272727273
M,M,2,No,Graduate Degree,Management,0,2,1-2 Miles,North America,0,65+,45.4545454545455
S,M,2,No,Graduate Degree,Management,1,2,5-10 Miles,North America,0,65+,45.4545454545455
M,M,2,No,Graduate Degree,Management,1,2,5-10 Miles,North America,0,65+,45.4545454545455
M,M,4,No,Graduate Degree,Management,1,2,5-10 Miles,North America,0,65+,72.7272727272727
M,M,1,Si,Graduate Degree,Management,1,4,5-10 Miles,North America,0,65+,90.9090909090909
S,F,5,Si,Partial College,Professional,1,4,5-10 Miles,North America,1,46-50,90.9090909090909
S,M,1,Si,Graduate Degree,Management,0,2,0-1 Miles,North America,1,41-45,90.9090909090909
M,M,1,Si,Bachelors,Management,1,4,0-1 Miles,North America,0,41-45,90.9090909090909
S,M,2,No,Partial High School,Skilled Manual,1,2,5-10 Miles,North America,0,51-55,63.6363636363636
M,F,3,No,Partial High School,Skilled Manual,1,2,5-10 Miles,North America,1,51-55,45.4545454545455
M,F,3,Si,High School,Professional,0,1,1-2 Miles,North America,1,51-55,63.6363636363636
S,M,3,No,Graduate Degree,Management,1,2,5-10 Miles,North America,1,56-65,63.6363636363636
M,F,3,No,Graduate Degree,Management,1,2,5-10 Miles,North America,1,41-45,63.6363636363636
S,F,3,No,Graduate Degree,Management,0,2,1-2 Miles,North America,1,41-45,63.6363636363636
S,M,3,No,Graduate Degree,Management,0,2,1-2 Miles,North America,1,56-65,63.6363636363636
S,M,3,No,Graduate Degree,Management,1,2,5-10 Miles,North America,1,56-65,45.4545454545455
S,F,3,No,Graduate Degree,Management,1,2,5-10 Miles,North America,1,56-65,45.4545454545455
M,F,3,No,Partial College,Professional,1,2,5-10 Miles,North America,0,56-65,27.2727272727273
M,F,3,No,Partial College,Professional,1,2,5-10 Miles,North America,0,56-65,27.2727272727273
M,M,3,No,Partial College,Professional,1,2,5-10 Miles,North America,0,56-65,27.2727272727273
M,F,3,No,Partial College,Professional,1,2,5-10 Miles,North America,0,56-65,27.2727272727273
S,M,3,No,Partial College,Professional,0,2,1-2 Miles,North America,1,56-65,27.2727272727273
M,F,3,No,Partial College,Professional,1,2,5-10 Miles,North America,0,56-65,27.2727272727273
S,M,3,No,Partial College,Professional,1,2,5-10 Miles,North America,0,51-55,27.2727272727273
M,F,4,No,Partial College,Professional,0,2,1-2 Miles,North America,1,56-65,27.2727272727273
S,F,4,No,Partial College,Professional,1,2,5-10 Miles,North America,0,56-65,27.2727272727273
M,F,4,No,High School,Professional,0,2,1-2 Miles,North America,0,56-65,18.1818181818182
M,F,4,No,Partial College,Professional,1,2,5-10 Miles,North America,0,56-65,27.2727272727273
M,M,4,Si,Bachelors,Professional,0,3,5-10 Miles,Pacific,0,35-40,45.4545454545455
M,M,4,Si,Bachelors,Professional,1,3,10+ Miles,Pacific,0,46-50,45.4545454545455
S,F,3,Si,Bachelors,Professional,1,2,5-10 Miles,Pacific,1,46-50,45.4545454545455
S,M,0,No,Bachelors,Professional,0,1,5-10 Miles,Pacific,0,41-45,63.6363636363636
S,M,0,No,Bachelors,Professional,1,1,5-10 Miles,Pacific,1,46-50,63.6363636363636
M,F,2,Si,Bachelors,Professional,1,0,0-1 Miles,Pacific,1,41-45,81.8181818181818
M,M,2,Si,Bachelors,Professional,1,0,0-1 Miles,Pacific,1,41-45,81.8181818181818
M,M,3,Si,Bachelors,Professional,1,0,1-2 Miles,Pacific,1,41-45,81.8181818181818
S,M,4,Si,Bachelors,Professional,1,0,1-2 Miles,Pacific,1,41-45,81.8181818181818
M,M,1,No,Bachelors,Professional,1,1,5-10 Miles,Pacific,1,46-50,45.4545454545455
M,F,1,No,Bachelors,Professional,1,1,5-10 Miles,Pacific,1,41-45,45.4545454545455
M,M,1,No,Bachelors,Professional,1,1,5-10 Miles,Pacific,1,46-50,45.4545454545455
M,M,1,No,Partial College,Skilled Manual,1,1,5-10 Miles,Pacific,1,46-50,45.4545454545455
M,F,1,No,Bachelors,Professional,1,1,5-10 Miles,Pacific,1,46-50,45.4545454545455
S,F,1,No,Bachelors,Professional,1,1,5-10 Miles,Pacific,1,41-45,45.4545454545455
M,M,3,No,Graduate Degree,Management,0,1,0-1 Miles,Pacific,0,65+,63.6363636363636
M,M,1,No,Partial College,Skilled Manual,1,1,5-10 Miles,Pacific,1,35-40,45.4545454545455
S,M,1,No,Partial College,Skilled Manual,1,1,5-10 Miles,Pacific,1,41-45,45.4545454545455
S,F,1,No,Bachelors,Professional,0,1,1-2 Miles,Pacific,0,46-50,81.8181818181818
S,M,2,No,Bachelors,Professional,1,1,5-10 Miles,Pacific,0,65+,27.2727272727273
M,M,5,Si,Bachelors,Professional,1,4,1-2 Miles,Pacific,0,35-40,72.7272727272727
S,F,0,No,Bachelors,Professional,0,1,0-1 Miles,Pacific,1,41-45,63.6363636363636
S,F,0,No,Bachelors,Professional,0,1,0-1 Miles,Pacific,1,35-40,63.6363636363636
S,F,0,No,Bachelors,Professional,0,1,5-10 Miles,Pacific,0,41-45,63.6363636363636
S,M,0,No,Bachelors,Professional,0,2,5-10 Miles,Pacific,1,41-45,63.6363636363636
S,M,0,No,Bachelors,Professional,0,2,5-10 Miles,Pacific,1,41-45,63.6363636363636
M,F,0,No,Bachelors,Professional,0,2,0-1 Miles,Pacific,1,46-50,63.6363636363636
M,F,1,No,Partial College,Skilled Manual,0,1,0-1 Miles,Pacific,1,46-50,45.4545454545455
S,F,1,No,Partial College,Skilled Manual,1,1,5-10 Miles,Pacific,1,46-50,45.4545454545455
M,M,1,No,Partial College,Skilled Manual,0,1,0-1 Miles,Pacific,1,46-50,45.4545454545455
S,F,1,No,Partial College,Skilled Manual,1,1,5-10 Miles,Pacific,1,35-40,45.4545454545455
S,M,5,Si,Partial College,Skilled Manual,1,2,5-10 Miles,Pacific,0,41-45,63.6363636363636
M,F,5,Si,Partial College,Skilled Manual,0,3,10+ Miles,Pacific,0,41-45,63.6363636363636
M,M,5,Si,Partial College,Skilled Manual,1,3,5-10 Miles,Pacific,0,29-34,63.6363636363636
M,M,5,Si,Partial College,Skilled Manual,1,3,10+ Miles,Pacific,1,46-50,63.6363636363636
M,M,5,Si,Partial College,Skilled Manual,1,3,5-10 Miles,Pacific,0,41-45,63.6363636363636
M,M,1,No,Partial College,Skilled Manual,1,1,5-10 Miles,Pacific,0,51-55,72.7272727272727
M,M,1,No,Partial College,Skilled Manual,0,1,0-1 Miles,Pacific,1,51-55,72.7272727272727
S,F,2,No,Bachelors,Management,1,1,5-10 Miles,Pacific,1,56-65,27.2727272727273
M,M,0,No,High School,Skilled Manual,1,2,5-10 Miles,North America,0,29-34,18.1818181818182
M,M,0,No,High School,Skilled Manual,0,2,0-1 Miles,North America,0,29-34,18.1818181818182
S,F,0,No,High School,Skilled Manual,0,2,0-1 Miles,North America,1,29-34,18.1818181818182
S,F,0,No,High School,Skilled Manual,1,2,5-10 Miles,North America,0,29-34,18.1818181818182
S,F,2,No,Partial College,Clerical,0,2,5-10 Miles,Pacific,0,65+,18.1818181818182
S,F,0,No,Partial High School,Clerical,1,2,5-10 Miles,North America,0,29-34,18.1818181818182
S,F,0,No,Partial High School,Clerical,1,2,5-10 Miles,North America,0,29-34,18.1818181818182
M,M,0,No,High School,Skilled Manual,1,2,5-10 Miles,North America,0,29-34,27.2727272727273
M,F,0,No,High School,Skilled Manual,1,2,5-10 Miles,North America,0,29-34,27.2727272727273
S,M,2,No,Bachelors,Management,1,2,5-10 Miles,Pacific,0,65+,27.2727272727273
S,M,0,No,Partial High School,Clerical,0,2,5-10 Miles,North America,0,29-34,18.1818181818182
S,F,0,No,High School,Skilled Manual,0,2,0-1 Miles,North America,0,29-34,27.2727272727273
S,F,0,No,High School,Skilled Manual,1,2,5-10 Miles,North America,0,29-34,27.2727272727273
S,M,0,No,High School,Skilled Manual,0,2,0-1 Miles,North America,0,29-34,27.2727272727273
S,F,0,No,Partial High School,Clerical,0,2,5-10 Miles,North America,0,29-34,18.1818181818182
S,F,0,No,Partial High School,Clerical,0,2,5-10 Miles,North America,0,29-34,18.1818181818182
M,F,0,No,High School,Skilled Manual,1,2,5-10 Miles,North America,0,29-34,27.2727272727273
S,F,0,No,High School,Skilled Manual,1,2,5-10 Miles,North America,0,29-34,27.2727272727273
S,M,0,No,High School,Skilled Manual,1,2,5-10 Miles,North America,0,29-34,27.2727272727273
M,F,2,No,Bachelors,Management,1,2,5-10 Miles,Pacific,1,56-65,27.2727272727273
M,M,2,No,Graduate Degree,Management,1,1,5-10 Miles,Pacific,1,65+,45.4545454545455
S,M,2,No,Bachelors,Management,1,2,5-10 Miles,Pacific,1,65+,27.2727272727273
S,M,2,No,Graduate Degree,Management,0,1,1-2 Miles,Pacific,1,65+,45.4545454545455
M,M,0,No,High School,Skilled Manual,0,2,1-2 Miles,North America,0,29-34,27.2727272727273
S,M,0,No,High School,Skilled Manual,0,2,1-2 Miles,North America,0,29-34,27.2727272727273
S,F,0,No,Partial College,Skilled Manual,1,1,5-10 Miles,North America,0,29-34,27.2727272727273
S,M,0,No,Partial College,Skilled Manual,1,1,5-10 Miles,North America,0,29-34,27.2727272727273
S,F,0,No,Partial College,Skilled Manual,1,1,5-10 Miles,North America,0,29-34,27.2727272727273
S,M,0,No,High School,Skilled Manual,0,2,1-2 Miles,North America,1,29-34,27.2727272727273
M,M,0,No,High School,Skilled Manual,0,2,1-2 Miles,North America,0,29-34,27.2727272727273
S,M,0,No,Partial College,Skilled Manual,0,1,1-2 Miles,North America,0,35-40,45.4545454545455
S,F,0,No,Partial College,Skilled Manual,0,1,1-2 Miles,North America,0,35-40,45.4545454545455
S,F,3,Si,Bachelors,Skilled Manual,0,1,0-1 Miles,North America,0,41-45,45.4545454545455
M,M,3,Si,Bachelors,Skilled Manual,1,3,10+ Miles,North America,0,41-45,45.4545454545455
M,F,3,Si,Bachelors,Skilled Manual,1,3,10+ Miles,North America,0,29-34,45.4545454545455
S,F,3,Si,Bachelors,Skilled Manual,0,3,10+ Miles,North America,1,35-40,45.4545454545455
S,F,0,No,Graduate Degree,Clerical,0,0,0-1 Miles,Europe,1,35-40,27.2727272727273
M,F,0,No,Graduate Degree,Clerical,1,0,0-1 Miles,Europe,1,41-45,27.2727272727273
M,M,0,No,Graduate Degree,Clerical,0,0,0-1 Miles,Europe,1,41-45,27.2727272727273
M,F,3,Si,High School,Manual,1,1,0-1 Miles,Europe,1,29-34,9.09090909090909
S,F,1,Si,Partial College,Manual,0,1,2-5 Miles,Europe,1,29-34,9.09090909090909
S,M,1,Si,Partial College,Manual,1,1,2-5 Miles,Europe,1,41-45,9.09090909090909
S,M,1,Si,Partial College,Manual,1,1,2-5 Miles,Europe,1,29-34,9.09090909090909
S,F,1,Si,Partial College,Manual,1,1,2-5 Miles,Europe,1,41-45,9.09090909090909
S,F,1,Si,High School,Manual,0,1,0-1 Miles,Europe,1,41-45,9.09090909090909
S,F,1,Si,High School,Manual,0,1,1-2 Miles,Europe,1,41-45,9.09090909090909
S,F,1,Si,Bachelors,Clerical,0,0,0-1 Miles,Europe,1,41-45,18.1818181818182
S,M,1,Si,Bachelors,Clerical,1,1,1-2 Miles,Europe,1,41-45,18.1818181818182
S,M,5,Si,Partial High School,Manual,0,1,0-1 Miles,Europe,0,41-45,9.09090909090909
S,M,1,Si,High School,Manual,1,1,2-5 Miles,Europe,1,41-45,9.09090909090909
S,M,2,Si,High School,Manual,1,0,0-1 Miles,Europe,1,35-40,9.09090909090909
S,F,0,No,Bachelors,Clerical,0,0,0-1 Miles,Europe,1,41-45,27.2727272727273
S,F,1,Si,Bachelors,Clerical,0,1,2-5 Miles,Europe,1,41-45,18.1818181818182
M,M,1,Si,Bachelors,Skilled Manual,1,1,2-5 Miles,Europe,1,41-45,18.1818181818182
M,F,1,Si,Bachelors,Skilled Manual,1,1,1-2 Miles,Europe,1,41-45,18.1818181818182
M,M,5,Si,Partial High School,Manual,1,2,0-1 Miles,Europe,0,41-45,9.09090909090909
M,F,2,Si,High School,Manual,1,1,0-1 Miles,Europe,1,35-40,9.09090909090909
S,M,2,Si,High School,Manual,1,1,0-1 Miles,Europe,1,35-40,9.09090909090909
S,M,2,Si,High School,Manual,1,2,0-1 Miles,Europe,0,35-40,9.09090909090909
M,F,1,Si,Bachelors,Skilled Manual,1,2,0-1 Miles,Europe,0,41-45,18.1818181818182
S,M,3,Si,Partial High School,Manual,0,1,0-1 Miles,Europe,1,41-45,9.09090909090909
M,M,1,No,Bachelors,Skilled Manual,1,1,2-5 Miles,Europe,0,65+,18.1818181818182
S,F,3,Si,High School,Manual,0,0,0-1 Miles,Europe,1,41-45,9.09090909090909
M,M,1,Si,Bachelors,Skilled Manual,0,2,0-1 Miles,Europe,0,41-45,18.1818181818182
S,M,3,Si,Partial High School,Manual,1,2,0-1 Miles,Europe,0,29-34,9.09090909090909
M,M,3,Si,High School,Manual,1,1,0-1 Miles,Europe,1,46-50,9.09090909090909
S,F,3,Si,High School,Manual,0,1,0-1 Miles,Europe,1,46-50,9.09090909090909
S,F,3,Si,High School,Manual,0,1,0-1 Miles,Europe,1,35-40,9.09090909090909
S,F,3,Si,High School,Manual,1,1,0-1 Miles,Europe,1,46-50,9.09090909090909
S,M,4,No,High School,Manual,0,2,0-1 Miles,Europe,0,65+,9.09090909090909
M,F,1,No,Graduate Degree,Skilled Manual,1,0,0-1 Miles,Europe,0,65+,27.2727272727273
S,F,0,No,Bachelors,Professional,0,0,0-1 Miles,Europe,1,41-45,27.2727272727273
S,M,0,No,Bachelors,Professional,0,0,0-1 Miles,Europe,1,41-45,27.2727272727273
M,M,0,No,Bachelors,Professional,1,0,0-1 Miles,Europe,1,41-45,27.2727272727273
M,M,0,No,Bachelors,Professional,1,0,0-1 Miles,Europe,1,41-45,27.2727272727273
S,M,0,No,Graduate Degree,Skilled Manual,1,0,0-1 Miles,Europe,1,29-34,72.7272727272727
S,F,0,No,Graduate Degree,Skilled Manual,1,0,0-1 Miles,Europe,1,41-45,72.7272727272727
M,F,2,Si,Partial College,Clerical,1,0,0-1 Miles,Europe,1,35-40,18.1818181818182
S,F,2,Si,Partial College,Clerical,1,0,0-1 Miles,Europe,1,46-50,18.1818181818182
S,F,2,Si,Partial College,Clerical,0,0,0-1 Miles,Europe,0,46-50,18.1818181818182
S,M,1,No,Partial College,Clerical,0,1,0-1 Miles,Europe,0,35-40,18.1818181818182
S,F,1,No,Partial College,Clerical,0,1,2-5 Miles,Europe,0,46-50,18.1818181818182
S,F,1,No,Partial College,Clerical,0,1,2-5 Miles,Europe,0,41-45,18.1818181818182
S,M,2,No,Partial College,Clerical,1,1,2-5 Miles,Europe,0,65+,9.09090909090909
M,M,2,Si,Partial College,Clerical,1,0,0-1 Miles,Europe,1,35-40,18.1818181818182
M,F,1,No,Bachelors,Skilled Manual,1,0,0-1 Miles,Europe,1,35-40,27.2727272727273
M,F,1,No,Bachelors,Skilled Manual,1,0,0-1 Miles,Europe,1,41-45,27.2727272727273
M,M,1,No,Bachelors,Skilled Manual,1,0,0-1 Miles,Europe,1,46-50,27.2727272727273
S,F,0,No,High School,Manual,0,1,1-2 Miles,Europe,0,29-34,9.09090909090909
S,M,0,No,High School,Manual,0,1,2-5 Miles,Europe,0,29-34,9.09090909090909
S,F,3,Si,Partial College,Clerical,0,1,0-1 Miles,Europe,0,29-34,18.1818181818182
M,F,3,Si,Partial College,Clerical,1,2,0-1 Miles,Europe,0,29-34,18.1818181818182
S,M,0,No,High School,Manual,0,1,1-2 Miles,Europe,0,29-34,9.09090909090909
M,F,1,No,Bachelors,Skilled Manual,1,0,0-1 Miles,Europe,1,41-45,27.2727272727273
M,F,1,No,Bachelors,Skilled Manual,1,0,0-1 Miles,Europe,1,41-45,27.2727272727273
M,F,1,No,Bachelors,Skilled Manual,1,0,0-1 Miles,Europe,1,46-50,27.2727272727273
M,M,1,No,Bachelors,Skilled Manual,1,0,0-1 Miles,Europe,1,46-50,27.2727272727273
M,M,1,No,Bachelors,Skilled Manual,1,0,0-1 Miles,Europe,1,46-50,27.2727272727273
S,M,1,No,Partial College,Clerical,0,1,2-5 Miles,Europe,0,41-45,18.1818181818182
M,F,1,No,Bachelors,Skilled Manual,1,1,0-1 Miles,Europe,1,29-34,27.2727272727273
S,F,3,Si,Partial College,Clerical,1,2,0-1 Miles,Europe,1,29-34,18.1818181818182
S,F,3,Si,Partial College,Clerical,1,2,0-1 Miles,Europe,1,29-34,18.1818181818182
S,M,4,Si,Partial College,Clerical,0,1,0-1 Miles,Europe,0,29-34,18.1818181818182
M,F,4,Si,Partial College,Clerical,1,2,0-1 Miles,Europe,0,29-34,18.1818181818182
M,M,4,Si,Partial College,Clerical,1,2,0-1 Miles,Europe,0,29-34,18.1818181818182
S,M,0,No,Partial College,Clerical,0,1,2-5 Miles,Europe,0,29-34,18.1818181818182
S,M,0,No,High School,Manual,0,1,1-2 Miles,Europe,0,29-34,9.09090909090909
S,M,0,No,Partial High School,Manual,0,1,5-10 Miles,Europe,0,29-34,9.09090909090909
S,F,0,No,Partial College,Clerical,0,1,2-5 Miles,Europe,0,29-34,18.1818181818182
S,F,0,No,Partial High School,Manual,1,2,0-1 Miles,Europe,0,35-40,9.09090909090909
S,F,0,No,Partial High School,Manual,0,2,0-1 Miles,Europe,0,35-40,9.09090909090909
M,M,0,No,Partial High School,Manual,1,2,0-1 Miles,Europe,0,35-40,9.09090909090909
M,M,0,No,Partial High School,Manual,1,2,1-2 Miles,Europe,0,35-40,9.09090909090909
S,F,0,No,Partial High School,Manual,1,2,1-2 Miles,Europe,0,35-40,9.09090909090909
M,F,0,No,Partial High School,Manual,0,2,0-1 Miles,Europe,0,35-40,9.09090909090909
M,F,1,Si,Bachelors,Skilled Manual,1,0,0-1 Miles,Europe,1,29-34,27.2727272727273
S,M,0,No,Partial High School,Manual,1,2,1-2 Miles,Europe,0,29-34,9.09090909090909
M,M,1,No,Graduate Degree,Clerical,1,0,0-1 Miles,Europe,0,46-50,9.09090909090909
M,F,1,No,Bachelors,Manual,1,0,0-1 Miles,Europe,0,41-45,9.09090909090909
S,M,1,No,Graduate Degree,Clerical,0,0,0-1 Miles,Europe,0,65+,9.09090909090909
M,M,1,No,Graduate Degree,Clerical,1,0,0-1 Miles,Europe,0,65+,9.09090909090909
S,M,5,No,Graduate Degree,Clerical,0,0,0-1 Miles,Europe,1,41-45,18.1818181818182
M,M,4,No,Graduate Degree,Clerical,1,0,0-1 Miles,Europe,1,46-50,18.1818181818182
M,F,1,No,Partial College,Manual,0,0,0-1 Miles,Europe,0,51-55,9.09090909090909
M,M,2,No,Partial College,Manual,1,0,1-2 Miles,Europe,0,51-55,9.09090909090909
M,M,1,No,Bachelors,Clerical,1,0,0-1 Miles,Europe,0,46-50,9.09090909090909
S,M,1,No,Bachelors,Clerical,0,0,0-1 Miles,Europe,0,51-55,9.09090909090909
M,F,1,No,Bachelors,Clerical,0,0,0-1 Miles,Europe,0,65+,9.09090909090909
M,M,1,No,Bachelors,Clerical,1,0,0-1 Miles,Europe,1,65+,9.09090909090909
S,F,2,No,Bachelors,Clerical,0,1,0-1 Miles,Europe,0,65+,9.09090909090909
S,M,2,No,Partial College,Manual,1,1,1-2 Miles,Europe,1,65+,9.09090909090909
S,F,1,No,Partial College,Manual,0,0,0-1 Miles,Europe,0,65+,9.09090909090909
M,F,1,No,Bachelors,Clerical,1,0,0-1 Miles,Europe,1,65+,18.1818181818182
S,F,2,No,Partial College,Manual,0,1,2-5 Miles,Europe,0,65+,9.09090909090909
S,F,3,No,Partial College,Manual,0,1,2-5 Miles,Europe,0,65+,9.09090909090909
M,M,1,No,Partial College,Manual,1,0,0-1 Miles,Europe,1,65+,9.09090909090909
M,M,0,No,Partial College,Manual,1,1,2-5 Miles,Pacific,1,29-34,9.09090909090909
S,F,0,No,Partial College,Manual,1,1,1-2 Miles,Pacific,1,29-34,9.09090909090909
M,F,0,No,Partial College,Manual,1,1,2-5 Miles,Pacific,1,29-34,9.09090909090909
M,F,0,No,Bachelors,Clerical,0,0,0-1 Miles,Pacific,1,29-34,9.09090909090909
S,M,0,No,Bachelors,Clerical,1,0,0-1 Miles,Pacific,1,29-34,9.09090909090909
M,F,0,No,High School,Manual,1,2,0-1 Miles,Pacific,1,29-34,9.09090909090909
S,M,0,No,High School,Manual,0,2,0-1 Miles,Pacific,1,29-34,9.09090909090909
M,M,0,No,High School,Manual,1,2,0-1 Miles,Pacific,1,29-34,9.09090909090909
S,F,1,Si,High School,Manual,0,0,1-2 Miles,Pacific,1,29-34,9.09090909090909
S,F,1,Si,High School,Manual,1,0,2-5 Miles,Pacific,1,29-34,9.09090909090909
S,M,1,Si,High School,Manual,1,0,2-5 Miles,Pacific,1,29-34,9.09090909090909
M,F,1,Si,High School,Manual,0,0,1-2 Miles,Pacific,1,29-34,9.09090909090909
S,M,0,No,Bachelors,Clerical,1,0,0-1 Miles,Pacific,1,29-34,9.09090909090909
M,F,0,No,Bachelors,Clerical,1,0,0-1 Miles,Pacific,1,29-34,9.09090909090909
S,M,0,No,Bachelors,Clerical,1,0,0-1 Miles,Pacific,1,29-34,9.09090909090909
S,F,1,Si,High School,Manual,1,0,2-5 Miles,Pacific,1,29-34,9.09090909090909
M,M,1,Si,High School,Manual,0,0,1-2 Miles,Pacific,1,29-34,9.09090909090909
S,F,0,No,Bachelors,Clerical,0,0,0-1 Miles,Pacific,1,29-34,9.09090909090909
S,M,0,No,Partial College,Manual,0,0,0-1 Miles,Pacific,1,29-34,9.09090909090909
M,M,0,No,Partial College,Manual,0,0,0-1 Miles,Pacific,1,29-34,9.09090909090909
S,M,1,No,Graduate Degree,Clerical,0,0,0-1 Miles,Europe,1,65+,27.2727272727273
S,M,1,Si,Partial College,Manual,0,0,0-1 Miles,Europe,1,41-45,9.09090909090909
M,M,4,No,Graduate Degree,Clerical,1,0,0-1 Miles,Europe,1,41-45,18.1818181818182
S,M,4,No,Graduate Degree,Clerical,1,0,0-1 Miles,Europe,1,46-50,18.1818181818182
M,F,4,No,Graduate Degree,Clerical,1,0,0-1 Miles,Europe,1,35-40,18.1818181818182
M,M,3,No,Graduate Degree,Clerical,0,0,0-1 Miles,Europe,1,46-50,18.1818181818182
S,F,1,Si,High School,Manual,1,1,2-5 Miles,Europe,0,41-45,9.09090909090909
S,M,1,Si,High School,Manual,0,1,2-5 Miles,Europe,0,46-50,9.09090909090909
S,F,1,Si,High School,Manual,0,1,2-5 Miles,Europe,0,46-50,9.09090909090909
S,F,1,Si,High School,Manual,0,1,2-5 Miles,Europe,0,46-50,9.09090909090909
S,M,1,Si,Partial College,Manual,0,0,0-1 Miles,Europe,1,46-50,9.09090909090909
M,M,1,Si,Partial College,Manual,0,0,0-1 Miles,Europe,1,41-45,9.09090909090909
M,F,3,No,Graduate Degree,Clerical,0,0,0-1 Miles,Europe,1,46-50,18.1818181818182
S,M,1,Si,High School,Manual,0,1,2-5 Miles,Europe,0,46-50,9.09090909090909
S,M,2,No,Partial College,Manual,1,1,2-5 Miles,Europe,1,46-50,9.09090909090909
S,M,2,No,Partial College,Manual,0,1,0-1 Miles,Europe,1,51-55,9.09090909090909
M,M,3,No,Bachelors,Clerical,1,0,0-1 Miles,Europe,1,46-50,18.1818181818182
M,F,3,No,Bachelors,Clerical,1,0,0-1 Miles,Europe,1,46-50,18.1818181818182
M,F,3,No,Bachelors,Clerical,1,0,0-1 Miles,Europe,1,46-50,18.1818181818182
S,F,0,No,Bachelors,Clerical,1,0,0-1 Miles,Europe,1,46-50,18.1818181818182
S,F,0,No,Bachelors,Clerical,1,0,0-1 Miles,Europe,1,41-45,18.1818181818182
M,F,3,No,Graduate Degree,Clerical,1,0,0-1 Miles,Europe,1,46-50,27.2727272727273
S,F,3,No,Graduate Degree,Clerical,0,0,0-1 Miles,Europe,1,46-50,27.2727272727273
M,F,1,Si,High School,Manual,0,1,1-2 Miles,Europe,0,35-40,9.09090909090909
M,M,1,Si,High School,Manual,0,1,1-2 Miles,Europe,0,35-40,9.09090909090909
S,M,2,Si,High School,Manual,0,0,0-1 Miles,Europe,0,35-40,9.09090909090909
M,M,2,Si,High School,Manual,1,0,0-1 Miles,Europe,1,29-34,9.09090909090909
S,M,0,No,Partial College,Manual,0,1,2-5 Miles,Europe,1,29-34,9.09090909090909
S,F,0,No,Partial College,Manual,0,1,0-1 Miles,Europe,1,29-34,9.09090909090909
S,F,0,No,Partial College,Manual,0,1,2-5 Miles,Europe,1,29-34,9.09090909090909
M,M,2,No,Bachelors,Management,1,2,5-10 Miles,Pacific,1,65+,27.2727272727273
S,M,0,No,High School,Skilled Manual,0,2,1-2 Miles,North America,0,29-34,27.2727272727273
M,F,0,No,High School,Skilled Manual,1,2,5-10 Miles,North America,0,29-34,27.2727272727273
M,F,0,No,Partial College,Skilled Manual,1,1,5-10 Miles,North America,0,29-34,27.2727272727273
S,F,0,No,Partial College,Skilled Manual,0,1,5-10 Miles,North America,0,35-40,45.4545454545455
S,F,0,No,Partial College,Skilled Manual,0,1,1-2 Miles,North America,0,29-34,45.4545454545455
S,M,0,No,Partial College,Skilled Manual,0,1,5-10 Miles,North America,0,35-40,45.4545454545455
S,F,0,No,Partial College,Skilled Manual,1,1,5-10 Miles,North America,1,29-34,45.4545454545455
M,F,0,No,Partial College,Skilled Manual,1,2,5-10 Miles,North America,1,29-34,63.6363636363636
S,M,0,No,Partial College,Skilled Manual,1,2,5-10 Miles,North America,1,35-40,63.6363636363636
S,F,0,No,Partial College,Skilled Manual,1,2,5-10 Miles,North America,1,35-40,63.6363636363636
M,F,4,Si,Partial College,Professional,1,1,2-5 Miles,North America,0,56-65,63.6363636363636
M,F,4,Si,Partial College,Professional,1,1,2-5 Miles,North America,0,51-55,63.6363636363636
S,M,2,Si,Bachelors,Management,0,4,5-10 Miles,Europe,0,51-55,90.9090909090909
S,M,2,Si,Partial College,Professional,0,2,5-10 Miles,Europe,1,51-55,90.9090909090909
S,M,2,Si,High School,Professional,0,4,0-1 Miles,Europe,0,51-55,90.9090909090909
S,M,2,Si,High School,Professional,1,4,5-10 Miles,Europe,0,51-55,81.8181818181818
M,M,3,Si,Partial High School,Professional,0,4,5-10 Miles,Europe,0,51-55,90.9090909090909
S,F,2,Si,High School,Professional,0,2,5-10 Miles,Europe,1,51-55,90.9090909090909
S,M,3,Si,Partial College,Professional,0,4,0-1 Miles,Europe,0,51-55,90.9090909090909
S,M,3,Si,Partial College,Professional,1,4,10+ Miles,Europe,0,51-55,90.9090909090909
M,F,3,Si,Partial College,Professional,1,4,10+ Miles,Europe,0,51-55,90.9090909090909
S,F,3,Si,Partial College,Professional,0,4,5-10 Miles,Europe,0,41-45,90.9090909090909
S,F,3,Si,Partial College,Professional,0,2,2-5 Miles,Europe,0,56-65,72.7272727272727
M,F,5,Si,High School,Professional,0,2,2-5 Miles,Europe,0,56-65,63.6363636363636
M,M,3,Si,Partial High School,Skilled Manual,1,3,10+ Miles,Europe,0,56-65,45.4545454545455
M,M,3,Si,Partial High School,Skilled Manual,0,4,2-5 Miles,Europe,0,56-65,45.4545454545455
S,F,5,No,Partial College,Professional,0,2,2-5 Miles,Europe,1,56-65,81.8181818181818
S,M,4,Si,Bachelors,Management,0,4,5-10 Miles,Europe,0,56-65,90.9090909090909
M,M,4,Si,Partial College,Professional,0,4,5-10 Miles,Europe,0,56-65,90.9090909090909
S,M,4,Si,Partial College,Professional,0,4,5-10 Miles,Europe,0,56-65,90.9090909090909
M,F,4,Si,Partial College,Professional,1,2,2-5 Miles,Europe,0,56-65,72.7272727272727
S,M,4,Si,High School,Professional,0,1,2-5 Miles,Europe,0,46-50,81.8181818181818
S,F,2,Si,Partial High School,Professional,0,2,5-10 Miles,Europe,1,51-55,90.9090909090909
S,M,2,Si,Partial High School,Professional,0,2,5-10 Miles,Europe,1,51-55,90.9090909090909
S,F,4,Si,High School,Professional,0,1,0-1 Miles,Europe,0,46-50,90.9090909090909
M,F,0,Si,High School,Professional,0,4,10+ Miles,Europe,1,51-55,90.9090909090909
S,F,2,Si,Partial College,Professional,0,2,10+ Miles,Europe,0,56-65,90.9090909090909
M,M,2,Si,Bachelors,Management,1,2,10+ Miles,Europe,1,51-55,90.9090909090909
S,M,0,Si,Bachelors,Management,0,3,0-1 Miles,Europe,1,56-65,90.9090909090909
M,M,4,Si,Partial College,Professional,1,2,10+ Miles,Europe,0,56-65,72.7272727272727
S,M,4,Si,Partial College,Professional,0,2,2-5 Miles,Europe,1,56-65,72.7272727272727
M,M,4,Si,High School,Professional,0,2,2-5 Miles,Europe,1,56-65,81.8181818181818
M,F,4,Si,Partial College,Professional,1,2,0-1 Miles,Europe,1,51-55,90.9090909090909
S,F,4,Si,High School,Professional,0,3,2-5 Miles,Europe,0,56-65,72.7272727272727
M,M,4,Si,High School,Professional,0,3,10+ Miles,Europe,0,51-55,90.9090909090909
M,M,4,Si,High School,Professional,1,3,0-1 Miles,Europe,1,56-65,90.9090909090909
S,F,4,Si,High School,Professional,0,3,10+ Miles,Europe,0,56-65,90.9090909090909
S,M,4,Si,Bachelors,Management,0,3,10+ Miles,Europe,0,46-50,90.9090909090909
S,M,4,Si,Partial College,Management,0,2,10+ Miles,Europe,0,51-55,90.9090909090909
M,M,4,Si,Partial College,Management,1,2,10+ Miles,Europe,0,56-65,90.9090909090909
M,M,5,Si,Partial High School,Skilled Manual,1,3,10+ Miles,Europe,0,56-65,63.6363636363636
S,F,5,Si,High School,Management,1,3,10+ Miles,Europe,0,56-65,72.7272727272727
M,F,4,Si,Partial College,Management,1,3,10+ Miles,Europe,0,51-55,90.9090909090909
S,F,3,Si,High School,Management,0,4,10+ Miles,Europe,0,56-65,90.9090909090909
S,F,4,Si,High School,Management,0,4,0-1 Miles,Europe,1,51-55,90.9090909090909
S,F,5,Si,High School,Management,1,4,10+ Miles,Europe,0,56-65,72.7272727272727
S,F,5,Si,Partial High School,Professional,0,4,10+ Miles,Europe,1,56-65,90.9090909090909
M,M,0,No,Bachelors,Professional,1,3,10+ Miles,Pacific,0,29-34,63.6363636363636
M,M,0,No,Bachelors,Professional,1,2,10+ Miles,Pacific,1,29-34,72.7272727272727
M,M,0,No,Bachelors,Professional,1,2,10+ Miles,Pacific,0,29-34,72.7272727272727
S,F,0,No,Bachelors,Professional,0,3,10+ Miles,Pacific,0,35-40,72.7272727272727
M,M,0,No,Bachelors,Professional,1,3,10+ Miles,Pacific,0,35-40,81.8181818181818
M,M,0,Si,High School,Management,1,2,10+ Miles,Pacific,1,29-34,81.8181818181818
S,M,2,Si,High School,Management,1,4,0-1 Miles,Pacific,1,35-40,90.9090909090909
S,M,0,No,Bachelors,Professional,1,3,10+ Miles,Pacific,0,35-40,81.8181818181818
S,F,0,No,Bachelors,Professional,0,3,10+ Miles,Pacific,0,35-40,81.8181818181818
S,M,0,Si,High School,Management,0,3,10+ Miles,Pacific,1,35-40,81.8181818181818
S,F,0,No,Bachelors,Professional,1,4,10+ Miles,Pacific,0,29-34,72.7272727272727
M,M,0,No,Bachelors,Professional,1,4,10+ Miles,Pacific,0,35-40,72.7272727272727
M,F,0,No,Bachelors,Professional,0,4,10+ Miles,Pacific,0,29-34,72.7272727272727
S,F,0,No,Bachelors,Professional,0,4,10+ Miles,Pacific,0,29-34,72.7272727272727
S,M,0,Si,Partial High School,Professional,0,4,10+ Miles,Pacific,1,29-34,90.9090909090909
S,M,0,Si,High School,Management,0,3,10+ Miles,Pacific,1,35-40,81.8181818181818
S,F,0,Si,High School,Management,1,4,10+ Miles,Pacific,1,35-40,81.8181818181818
S,F,0,Si,Partial High School,Professional,0,4,10+ Miles,Pacific,1,35-40,81.8181818181818
S,M,0,Si,High School,Management,0,4,10+ Miles,Pacific,1,35-40,90.9090909090909
S,M,0,Si,High School,Management,0,4,10+ Miles,Pacific,1,35-40,90.9090909090909
M,M,4,No,High School,Professional,1,2,5-10 Miles,North America,0,56-65,27.2727272727273
M,M,4,No,High School,Professional,1,2,5-10 Miles,North America,0,56-65,18.1818181818182
S,F,4,No,High School,Professional,1,2,5-10 Miles,North America,0,56-65,18.1818181818182
M,F,4,No,High School,Professional,0,2,1-2 Miles,North America,0,56-65,18.1818181818182
S,M,4,No,High School,Professional,1,2,5-10 Miles,North America,0,56-65,18.1818181818182
S,M,4,No,High School,Professional,0,2,1-2 Miles,North America,0,56-65,18.1818181818182
M,F,4,No,High School,Professional,1,2,5-10 Miles,North America,0,65+,27.2727272727273
S,M,4,No,High School,Professional,0,2,1-2 Miles,North America,0,65+,27.2727272727273
M,F,3,No,Graduate Degree,Management,1,2,5-10 Miles,North America,0,65+,45.4545454545455
S,F,3,No,Graduate Degree,Management,0,2,1-2 Miles,North America,0,65+,45.4545454545455
S,M,3,No,Graduate Degree,Management,0,2,1-2 Miles,North America,0,65+,45.4545454545455
S,M,3,No,Graduate Degree,Management,0,2,1-2 Miles,North America,0,65+,45.4545454545455
S,F,3,No,Graduate Degree,Management,0,2,1-2 Miles,North America,0,65+,45.4545454545455
M,F,3,No,Graduate Degree,Management,1,2,10+ Miles,North America,0,65+,45.4545454545455
S,F,3,No,Graduate Degree,Management,1,2,10+ Miles,North America,0,65+,45.4545454545455
M,F,3,No,Graduate Degree,Management,1,2,10+ Miles,North America,0,65+,45.4545454545455
M,F,3,No,Bachelors,Management,1,2,10+ Miles,North America,0,65+,45.4545454545455
M,F,3,No,Graduate Degree,Management,1,2,10+ Miles,North America,0,65+,45.4545454545455
S,M,3,No,Bachelors,Management,0,2,1-2 Miles,North America,0,65+,45.4545454545455
M,M,3,No,Bachelors,Management,1,2,10+ Miles,North America,0,65+,45.4545454545455
S,F,4,No,Bachelors,Management,0,2,1-2 Miles,North America,0,65+,45.4545454545455
S,F,4,No,Bachelors,Management,0,2,1-2 Miles,North America,0,56-65,45.4545454545455
S,M,4,No,Bachelors,Management,1,2,10+ Miles,North America,0,65+,45.4545454545455
M,M,4,No,Bachelors,Management,1,2,10+ Miles,North America,0,65+,45.4545454545455
S,M,4,No,Bachelors,Management,0,2,1-2 Miles,North America,0,56-65,45.4545454545455
M,M,4,No,High School,Professional,1,2,10+ Miles,North America,1,56-65,18.1818181818182
S,F,5,No,Partial High School,Clerical,0,2,10+ Miles,North America,1,56-65,18.1818181818182
M,M,4,No,High School,Professional,0,2,1-2 Miles,North America,0,56-65,27.2727272727273
S,M,5,No,Partial High School,Clerical,0,4,10+ Miles,North America,0,56-65,9.09090909090909
S,M,5,No,Partial High School,Clerical,0,3,1-2 Miles,North America,1,56-65,18.1818181818182
S,F,2,Si,Partial High School,Skilled Manual,1,3,10+ Miles,North America,1,56-65,18.1818181818182
M,F,5,No,High School,Professional,1,3,10+ Miles,North America,0,56-65,27.2727272727273
S,M,5,No,High School,Professional,0,3,2-5 Miles,North America,0,56-65,27.2727272727273
S,F,5,No,High School,Professional,0,3,2-5 Miles,North America,0,56-65,27.2727272727273
S,M,5,No,High School,Professional,1,3,10+ Miles,North America,1,56-65,27.2727272727273
S,F,5,No,High School,Professional,0,3,2-5 Miles,North America,0,56-65,27.2727272727273
M,M,5,No,Bachelors,Management,0,3,2-5 Miles,North America,0,56-65,63.6363636363636
M,F,2,Si,High School,Professional,0,2,2-5 Miles,North America,0,56-65,27.2727272727273
M,F,2,Si,High School,Professional,0,2,2-5 Miles,North America,0,46-50,27.2727272727273
M,F,2,Si,High School,Professional,0,2,2-5 Miles,North America,0,56-65,27.2727272727273
S,M,2,Si,High School,Professional,1,2,10+ Miles,North America,0,56-65,27.2727272727273
M,M,2,Si,High School,Professional,1,2,10+ Miles,North America,0,56-65,27.2727272727273
S,M,2,Si,Bachelors,Management,0,1,2-5 Miles,North America,1,56-65,63.6363636363636
S,F,2,Si,Bachelors,Management,0,1,2-5 Miles,North America,1,56-65,63.6363636363636
M,F,2,Si,Bachelors,Management,1,1,10+ Miles,North America,0,56-65,63.6363636363636
S,M,2,Si,Bachelors,Management,1,1,10+ Miles,North America,0,56-65,63.6363636363636
M,F,2,Si,High School,Professional,1,2,10+ Miles,North America,0,56-65,27.2727272727273
M,F,2,Si,High School,Professional,1,2,10+ Miles,North America,0,56-65,27.2727272727273
S,M,2,Si,High School,Professional,0,2,2-5 Miles,North America,1,56-65,27.2727272727273
M,M,2,Si,Partial College,Professional,1,2,10+ Miles,North America,0,56-65,63.6363636363636
M,M,2,Si,Partial College,Professional,1,2,10+ Miles,North America,1,56-65,63.6363636363636
S,M,2,Si,Bachelors,Management,0,0,2-5 Miles,North America,1,56-65,45.4545454545455
M,M,2,Si,Partial College,Professional,0,2,2-5 Miles,North America,1,56-65,45.4545454545455
S,F,2,Si,Partial College,Professional,0,2,2-5 Miles,North America,1,56-65,45.4545454545455
S,M,2,Si,Bachelors,Management,0,0,2-5 Miles,North America,1,51-55,45.4545454545455
M,F,2,Si,Bachelors,Management,1,0,10+ Miles,North America,0,56-65,45.4545454545455
S,M,2,Si,Bachelors,Management,0,0,2-5 Miles,North America,1,56-65,45.4545454545455
M,M,2,Si,Partial High School,Skilled Manual,1,2,10+ Miles,North America,0,56-65,27.2727272727273
M,F,2,Si,Partial High School,Skilled Manual,1,2,10+ Miles,North America,0,56-65,27.2727272727273
S,M,2,Si,Partial College,Professional,0,2,2-5 Miles,North America,1,56-65,45.4545454545455
M,M,4,Si,Partial College,Professional,1,1,10+ Miles,North America,0,51-55,63.6363636363636
S,M,4,Si,Partial College,Professional,1,1,10+ Miles,North America,0,56-65,63.6363636363636
M,M,3,Si,Bachelors,Management,1,1,5-10 Miles,North America,0,56-65,72.7272727272727
S,M,2,Si,High School,Professional,0,2,2-5 Miles,North America,1,51-55,45.4545454545455
M,M,2,Si,High School,Professional,1,2,10+ Miles,North America,0,46-50,45.4545454545455
M,M,2,Si,Partial College,Professional,1,2,10+ Miles,North America,0,56-65,45.4545454545455
M,F,4,Si,Partial College,Professional,1,1,10+ Miles,North America,0,56-65,63.6363636363636
S,F,2,Si,High School,Professional,1,2,10+ Miles,North America,0,51-55,63.6363636363636
M,M,2,Si,Partial High School,Skilled Manual,1,2,10+ Miles,North America,0,56-65,63.6363636363636
M,F,2,Si,Partial High School,Skilled Manual,1,2,10+ Miles,North America,0,56-65,63.6363636363636
S,F,2,Si,Partial High School,Skilled Manual,1,2,10+ Miles,North America,0,56-65,63.6363636363636
S,M,3,Si,Partial High School,Skilled Manual,1,2,10+ Miles,North America,0,56-65,45.4545454545455
M,M,0,No,Graduate Degree,Professional,1,0,2-5 Miles,North America,0,35-40,45.4545454545455
S,M,4,No,Graduate Degree,Professional,0,0,0-1 Miles,North America,1,35-40,63.6363636363636
S,M,4,No,Graduate Degree,Professional,1,0,2-5 Miles,North America,1,41-45,63.6363636363636
M,F,4,No,Graduate Degree,Professional,1,0,2-5 Miles,North America,1,41-45,63.6363636363636
S,F,5,No,Graduate Degree,Professional,1,0,2-5 Miles,North America,1,35-40,63.6363636363636
S,F,5,No,Graduate Degree,Professional,0,0,0-1 Miles,North America,1,41-45,63.6363636363636
M,M,2,No,Graduate Degree,Professional,1,0,0-1 Miles,North America,1,35-40,72.7272727272727
M,F,3,No,Graduate Degree,Professional,1,0,0-1 Miles,North America,1,29-34,72.7272727272727
S,F,3,No,Graduate Degree,Professional,0,0,0-1 Miles,North America,1,35-40,72.7272727272727
S,M,0,No,Bachelors,Management,0,1,0-1 Miles,North America,1,35-40,72.7272727272727
S,M,0,No,Bachelors,Management,1,1,1-2 Miles,North America,1,35-40,72.7272727272727
M,M,0,No,Bachelors,Management,0,1,0-1 Miles,North America,1,29-34,72.7272727272727
M,F,0,No,Bachelors,Management,0,1,0-1 Miles,North America,1,41-45,72.7272727272727
S,F,1,No,Bachelors,Management,0,2,0-1 Miles,North America,0,41-45,81.8181818181818
M,M,1,No,Bachelors,Management,0,2,0-1 Miles,North America,0,29-34,81.8181818181818
S,M,0,Si,Graduate Degree,Management,0,1,10+ Miles,North America,0,35-40,90.9090909090909
S,M,0,Si,Graduate Degree,Management,0,2,1-2 Miles,North America,1,41-45,90.9090909090909
S,F,0,No,Bachelors,Management,1,3,1-2 Miles,North America,0,41-45,90.9090909090909
S,M,4,Si,Bachelors,Management,1,0,1-2 Miles,North America,1,41-45,72.7272727272727
M,F,4,Si,Partial College,Skilled Manual,1,2,1-2 Miles,North America,0,35-40,81.8181818181818
S,F,4,Si,Partial College,Skilled Manual,0,2,1-2 Miles,North America,0,41-45,81.8181818181818
M,F,3,No,Bachelors,Management,1,3,1-2 Miles,North America,0,35-40,81.8181818181818
S,M,3,No,Bachelors,Management,0,3,0-1 Miles,North America,0,41-45,81.8181818181818
M,F,2,Si,Graduate Degree,Management,1,3,1-2 Miles,North America,1,41-45,90.9090909090909
S,M,2,Si,Graduate Degree,Management,0,3,1-2 Miles,North America,0,41-45,90.9090909090909
M,M,0,No,High School,Skilled Manual,1,2,5-10 Miles,North America,0,29-34,27.2727272727273
S,F,0,No,Partial College,Skilled Manual,1,1,5-10 Miles,North America,0,29-34,27.2727272727273
S,F,0,No,Partial College,Skilled Manual,0,1,1-2 Miles,North America,0,29-34,27.2727272727273
M,M,0,No,Partial College,Skilled Manual,1,1,5-10 Miles,North America,1,29-34,27.2727272727273
M,M,0,No,Partial College,Skilled Manual,0,1,1-2 Miles,North America,0,29-34,27.2727272727273
M,M,0,No,Partial College,Skilled Manual,1,1,5-10 Miles,North America,0,29-34,27.2727272727273
S,F,3,No,High School,Skilled Manual,1,2,5-10 Miles,Pacific,1,56-65,9.09090909090909
S,F,0,No,High School,Skilled Manual,0,2,1-2 Miles,North America,1,29-34,27.2727272727273
M,M,0,No,Partial College,Skilled Manual,0,1,1-2 Miles,North America,0,29-34,18.1818181818182
M,F,0,No,Partial College,Skilled Manual,1,1,5-10 Miles,North America,0,29-34,18.1818181818182
M,F,0,No,Partial College,Skilled Manual,1,1,5-10 Miles,North America,0,29-34,18.1818181818182
M,F,0,No,Partial College,Skilled Manual,1,2,5-10 Miles,North America,1,29-34,45.4545454545455
S,F,0,No,Partial College,Skilled Manual,1,2,5-10 Miles,North America,1,29-34,45.4545454545455
M,M,2,No,Partial College,Clerical,0,2,1-2 Miles,Pacific,1,56-65,18.1818181818182
M,M,0,No,Partial College,Skilled Manual,1,2,5-10 Miles,North America,1,29-34,63.6363636363636
S,F,4,Si,Partial College,Skilled Manual,0,3,0-1 Miles,North America,0,29-34,81.8181818181818
S,M,0,No,Bachelors,Professional,0,2,1-2 Miles,North America,0,29-34,27.2727272727273
M,M,4,No,High School,Skilled Manual,1,2,5-10 Miles,Pacific,1,56-65,9.09090909090909
S,M,2,Si,Partial High School,Clerical,1,2,5-10 Miles,Pacific,1,51-55,9.09090909090909
M,F,0,No,Partial College,Skilled Manual,1,2,5-10 Miles,North America,0,29-34,45.4545454545455
M,F,0,No,Partial College,Skilled Manual,0,2,1-2 Miles,North America,0,29-34,45.4545454545455
M,F,0,No,Partial College,Skilled Manual,1,2,5-10 Miles,North America,0,29-34,45.4545454545455
S,F,2,Si,Partial High School,Clerical,1,2,5-10 Miles,Pacific,1,56-65,9.09090909090909
S,M,2,Si,Partial High School,Clerical,1,2,5-10 Miles,Pacific,1,56-65,9.09090909090909
S,M,2,Si,Partial High School,Clerical,0,2,1-2 Miles,Pacific,1,56-65,9.09090909090909
M,F,2,Si,Partial High School,Clerical,1,2,5-10 Miles,Pacific,1,56-65,9.09090909090909
M,M,2,Si,Partial High School,Clerical,1,2,5-10 Miles,Pacific,1,56-65,9.09090909090909
M,F,0,No,Partial College,Skilled Manual,1,2,5-10 Miles,North America,1,29-34,18.1818181818182
S,F,3,No,High School,Skilled Manual,1,2,5-10 Miles,Pacific,1,56-65,18.1818181818182
S,M,2,No,Partial College,Skilled Manual,1,2,5-10 Miles,Pacific,1,56-65,27.2727272727273
M,F,2,No,Partial College,Skilled Manual,1,2,5-10 Miles,Pacific,1,56-65,27.2727272727273
S,F,2,No,Partial College,Skilled Manual,1,2,5-10 Miles,Pacific,1,46-50,27.2727272727273
S,M,3,No,Partial High School,Clerical,0,2,5-10 Miles,Pacific,1,41-45,27.2727272727273
M,F,2,No,Partial College,Skilled Manual,1,2,5-10 Miles,Pacific,1,51-55,72.7272727272727
S,M,2,No,Partial College,Skilled Manual,1,2,5-10 Miles,Pacific,1,46-50,72.7272727272727
S,M,2,No,Partial College,Skilled Manual,1,2,5-10 Miles,Pacific,1,46-50,72.7272727272727
M,F,0,No,Partial College,Skilled Manual,1,2,5-10 Miles,North America,0,35-40,27.2727272727273
M,M,0,No,High School,Skilled Manual,0,2,1-2 Miles,North America,0,29-34,27.2727272727273
S,F,0,No,High School,Skilled Manual,1,2,5-10 Miles,North America,0,35-40,27.2727272727273
M,F,0,No,High School,Skilled Manual,1,2,5-10 Miles,North America,0,29-34,27.2727272727273
M,M,0,No,Partial College,Skilled Manual,1,2,5-10 Miles,North America,0,29-34,45.4545454545455
M,F,0,No,Partial College,Skilled Manual,1,2,5-10 Miles,North America,0,35-40,45.4545454545455
M,M,0,No,Partial College,Skilled Manual,1,2,5-10 Miles,North America,0,29-34,45.4545454545455
M,M,0,No,High School,Skilled Manual,1,2,5-10 Miles,North America,0,35-40,45.4545454545455
S,M,0,No,High School,Skilled Manual,0,2,1-2 Miles,North America,1,35-40,45.4545454545455
S,M,0,No,Partial College,Skilled Manual,1,2,5-10 Miles,North America,1,35-40,45.4545454545455
S,M,0,No,Partial College,Professional,0,2,0-1 Miles,North America,1,35-40,63.6363636363636
S,M,2,No,High School,Skilled Manual,0,2,1-2 Miles,Pacific,1,35-40,72.7272727272727
S,M,2,No,High School,Skilled Manual,1,2,5-10 Miles,Pacific,1,51-55,72.7272727272727
M,M,2,No,High School,Skilled Manual,0,2,1-2 Miles,Pacific,1,51-55,72.7272727272727
S,F,2,No,High School,Skilled Manual,0,2,1-2 Miles,Pacific,1,51-55,63.6363636363636
M,F,2,No,High School,Skilled Manual,1,2,5-10 Miles,Pacific,1,51-55,63.6363636363636
S,F,1,No,Bachelors,Management,0,3,0-1 Miles,Pacific,0,35-40,81.8181818181818
S,M,1,No,Bachelors,Management,0,4,0-1 Miles,Pacific,0,51-55,81.8181818181818
M,F,1,Si,Bachelors,Management,0,0,10+ Miles,Pacific,0,51-55,81.8181818181818
S,M,1,Si,Bachelors,Management,1,3,2-5 Miles,Pacific,0,41-45,81.8181818181818
M,M,0,No,High School,Professional,1,2,5-10 Miles,North America,0,35-40,45.4545454545455
S,M,0,No,High School,Professional,0,2,1-2 Miles,North America,1,29-34,45.4545454545455
S,M,0,No,Partial College,Professional,1,2,5-10 Miles,North America,0,29-34,45.4545454545455
S,M,0,No,Partial College,Professional,1,2,5-10 Miles,North America,0,35-40,45.4545454545455
S,M,0,No,Partial College,Professional,0,2,1-2 Miles,North America,1,35-40,45.4545454545455
S,M,0,Si,Graduate Degree,Management,0,4,0-1 Miles,North America,0,41-45,90.9090909090909
S,M,4,Si,Bachelors,Skilled Manual,0,3,5-10 Miles,North America,1,41-45,45.4545454545455
S,M,4,Si,Bachelors,Skilled Manual,0,3,5-10 Miles,North America,1,35-40,45.4545454545455
M,M,4,Si,Bachelors,Skilled Manual,1,2,2-5 Miles,North America,1,35-40,45.4545454545455
S,M,4,Si,Bachelors,Skilled Manual,0,2,0-1 Miles,North America,1,41-45,45.4545454545455
S,F,0,No,Bachelors,Professional,0,1,2-5 Miles,North America,0,41-45,27.2727272727273
M,M,4,Si,Bachelors,Professional,1,2,2-5 Miles,North America,1,41-45,63.6363636363636
S,F,4,Si,Bachelors,Professional,1,2,2-5 Miles,North America,1,46-50,63.6363636363636
S,F,0,No,Bachelors,Professional,0,1,0-1 Miles,North America,1,41-45,63.6363636363636
S,F,0,No,Bachelors,Professional,1,1,2-5 Miles,North America,1,41-45,63.6363636363636
S,F,0,No,Bachelors,Professional,0,1,0-1 Miles,North America,1,41-45,63.6363636363636
M,M,4,Si,Bachelors,Professional,1,3,2-5 Miles,North America,0,41-45,63.6363636363636
S,M,1,No,Bachelors,Professional,1,1,2-5 Miles,North America,1,46-50,63.6363636363636
M,F,1,No,Bachelors,Professional,1,1,2-5 Miles,North America,1,46-50,63.6363636363636
S,F,1,No,Bachelors,Professional,0,1,0-1 Miles,North America,1,46-50,63.6363636363636
S,F,1,No,Bachelors,Professional,0,1,0-1 Miles,North America,1,29-34,45.4545454545455
M,M,1,No,Partial College,Skilled Manual,1,1,0-1 Miles,North America,1,46-50,45.4545454545455
M,F,1,No,Partial College,Skilled Manual,1,1,2-5 Miles,North America,1,41-45,45.4545454545455
M,F,1,No,Partial College,Skilled Manual,1,1,0-1 Miles,North America,1,46-50,45.4545454545455
M,F,4,Si,High School,Skilled Manual,0,2,0-1 Miles,North America,1,46-50,27.2727272727273
M,F,4,Si,High School,Skilled Manual,1,2,2-5 Miles,North America,1,46-50,27.2727272727273
S,M,1,No,Partial College,Skilled Manual,1,1,2-5 Miles,North America,1,46-50,45.4545454545455
M,F,1,No,Partial College,Skilled Manual,1,1,2-5 Miles,North America,1,46-50,45.4545454545455
M,M,1,No,Partial College,Skilled Manual,0,1,0-1 Miles,North America,1,41-45,45.4545454545455
M,F,1,No,Partial College,Skilled Manual,1,1,2-5 Miles,North America,1,41-45,45.4545454545455
M,M,1,No,Partial College,Skilled Manual,1,1,0-1 Miles,North America,1,41-45,45.4545454545455
M,M,1,No,Partial College,Skilled Manual,1,1,2-5 Miles,North America,1,41-45,45.4545454545455
S,M,4,Si,High School,Skilled Manual,1,2,2-5 Miles,North America,1,46-50,27.2727272727273
M,M,4,Si,High School,Skilled Manual,1,3,2-5 Miles,North America,0,41-45,27.2727272727273
M,M,4,Si,High School,Skilled Manual,1,3,2-5 Miles,North America,0,46-50,27.2727272727273
S,F,0,No,Partial College,Skilled Manual,0,1,0-1 Miles,North America,1,41-45,45.4545454545455
S,M,0,No,Partial College,Skilled Manual,0,1,0-1 Miles,North America,1,41-45,45.4545454545455
S,F,0,No,Partial College,Skilled Manual,0,1,2-5 Miles,North America,1,35-40,45.4545454545455
S,M,0,No,Partial College,Skilled Manual,0,1,0-1 Miles,North America,1,41-45,45.4545454545455
S,M,0,No,Partial College,Skilled Manual,0,1,2-5 Miles,North America,1,41-45,45.4545454545455
M,F,1,No,Partial College,Skilled Manual,1,1,2-5 Miles,North America,1,35-40,45.4545454545455
M,M,1,No,Partial College,Skilled Manual,1,1,0-1 Miles,North America,1,46-50,45.4545454545455
M,F,1,No,Partial College,Skilled Manual,1,1,2-5 Miles,North America,1,46-50,45.4545454545455
M,F,1,No,Partial College,Skilled Manual,1,1,2-5 Miles,North America,1,35-40,45.4545454545455
M,M,1,No,Partial College,Skilled Manual,1,1,2-5 Miles,North America,1,35-40,45.4545454545455
M,F,1,No,Partial College,Skilled Manual,1,1,0-1 Miles,North America,1,46-50,45.4545454545455
M,M,4,Si,Bachelors,Professional,1,0,2-5 Miles,North America,0,41-45,45.4545454545455
S,F,4,Si,Bachelors,Professional,1,0,2-5 Miles,North America,0,46-50,45.4545454545455
S,M,2,No,Graduate Degree,Professional,0,1,0-1 Miles,North America,1,41-45,63.6363636363636
S,F,2,No,Graduate Degree,Professional,1,1,2-5 Miles,North America,1,41-45,63.6363636363636
S,F,2,No,Graduate Degree,Professional,1,1,2-5 Miles,North America,1,46-50,63.6363636363636
M,F,5,Si,Graduate Degree,Professional,1,3,10+ Miles,North America,0,41-45,63.6363636363636
S,F,5,Si,Graduate Degree,Professional,1,3,10+ Miles,North America,1,46-50,63.6363636363636
S,F,1,No,Graduate Degree,Professional,0,0,0-1 Miles,North America,1,51-55,72.7272727272727
S,F,3,No,Graduate Degree,Professional,0,0,0-1 Miles,North America,1,46-50,72.7272727272727
M,M,1,No,Partial College,Skilled Manual,1,1,0-1 Miles,North America,1,51-55,72.7272727272727
S,F,1,No,Bachelors,Professional,1,1,2-5 Miles,North America,1,41-45,45.4545454545455
M,M,1,No,Bachelors,Professional,0,1,0-1 Miles,North America,1,51-55,45.4545454545455
S,F,1,No,Bachelors,Professional,0,1,0-1 Miles,North America,1,51-55,45.4545454545455
M,F,1,No,Bachelors,Professional,1,1,2-5 Miles,North America,1,51-55,45.4545454545455
M,M,4,Si,Graduate Degree,Management,1,0,0-1 Miles,Pacific,1,35-40,72.7272727272727
S,F,4,Si,Graduate Degree,Management,1,0,0-1 Miles,Pacific,1,41-45,72.7272727272727
M,M,1,No,Graduate Degree,Management,1,0,0-1 Miles,Pacific,1,35-40,81.8181818181818
M,M,1,No,Graduate Degree,Management,1,0,2-5 Miles,Pacific,1,35-40,81.8181818181818
M,F,2,Si,Bachelors,Professional,0,1,0-1 Miles,Pacific,1,41-45,45.4545454545455
S,F,4,Si,Graduate Degree,Management,1,1,0-1 Miles,Pacific,1,35-40,72.7272727272727
M,M,4,Si,Graduate Degree,Management,1,1,0-1 Miles,Pacific,1,35-40,72.7272727272727
S,F,2,No,Bachelors,Professional,1,0,0-1 Miles,Pacific,1,35-40,81.8181818181818
M,F,2,Si,Bachelors,Professional,1,1,2-5 Miles,Pacific,1,41-45,45.4545454545455
M,F,2,Si,Bachelors,Professional,1,1,2-5 Miles,Pacific,1,41-45,45.4545454545455
M,M,2,Si,Bachelors,Professional,1,1,2-5 Miles,Pacific,1,41-45,45.4545454545455
M,F,2,Si,Bachelors,Professional,1,1,2-5 Miles,Pacific,1,35-40,45.4545454545455
M,M,5,Si,Bachelors,Professional,0,3,10+ Miles,Pacific,0,35-40,63.6363636363636
M,F,5,Si,Bachelors,Professional,1,3,10+ Miles,Pacific,0,35-40,63.6363636363636
S,F,2,Si,Bachelors,Professional,0,1,0-1 Miles,Pacific,1,41-45,45.4545454545455
M,F,5,Si,Bachelors,Professional,0,3,10+ Miles,Pacific,0,41-45,63.6363636363636
S,F,1,No,Graduate Degree,Management,1,0,0-1 Miles,Pacific,1,29-34,90.9090909090909
M,F,5,Si,Bachelors,Professional,1,4,10+ Miles,Pacific,0,41-45,63.6363636363636
S,M,5,Si,Graduate Degree,Management,1,3,0-1 Miles,Pacific,0,41-45,72.7272727272727
S,F,5,Si,Bachelors,Professional,0,4,0-1 Miles,Pacific,0,41-45,72.7272727272727
M,F,2,No,High School,Professional,1,2,5-10 Miles,North America,1,51-55,45.4545454545455
S,M,2,No,High School,Professional,0,2,1-2 Miles,North America,1,51-55,45.4545454545455
S,F,2,No,High School,Professional,1,2,5-10 Miles,North America,1,46-50,45.4545454545455
S,M,2,No,Partial College,Professional,0,1,2-5 Miles,North America,1,51-55,81.8181818181818
M,M,2,No,Partial College,Professional,1,1,5-10 Miles,North America,0,35-40,81.8181818181818
M,M,2,No,Partial High School,Skilled Manual,1,2,5-10 Miles,North America,0,51-55,72.7272727272727
S,M,2,No,Partial High School,Skilled Manual,0,2,1-2 Miles,North America,0,51-55,72.7272727272727
S,F,2,No,Partial High School,Skilled Manual,0,2,1-2 Miles,North America,0,35-40,72.7272727272727
S,F,2,No,Partial High School,Skilled Manual,0,2,1-2 Miles,North America,0,46-50,72.7272727272727
S,F,2,No,Partial High School,Skilled Manual,1,2,5-10 Miles,North America,0,46-50,72.7272727272727
S,M,2,No,Partial High School,Skilled Manual,1,2,5-10 Miles,North America,0,35-40,72.7272727272727
S,M,4,Si,Partial College,Professional,0,3,0-1 Miles,North America,0,35-40,81.8181818181818
S,M,4,Si,Partial College,Professional,0,4,0-1 Miles,North America,0,35-40,81.8181818181818
M,M,4,Si,Partial College,Professional,1,4,2-5 Miles,North America,1,41-45,81.8181818181818
S,M,2,Si,Bachelors,Management,0,4,1-2 Miles,North America,0,41-45,90.9090909090909
S,F,2,Si,Bachelors,Management,0,4,1-2 Miles,North America,0,35-40,90.9090909090909
M,F,3,Si,Bachelors,Management,1,4,2-5 Miles,North America,0,41-45,90.9090909090909
S,M,3,Si,Bachelors,Management,0,4,1-2 Miles,North America,0,41-45,90.9090909090909
S,M,4,Si,Partial College,Professional,0,1,0-1 Miles,North America,0,35-40,72.7272727272727
M,M,0,No,Partial College,Professional,0,1,2-5 Miles,North America,1,41-45,81.8181818181818
M,M,5,Si,Partial College,Professional,1,0,2-5 Miles,North America,0,41-45,81.8181818181818
M,F,4,Si,Partial College,Professional,1,4,2-5 Miles,North America,0,41-45,90.9090909090909
S,M,2,Si,Bachelors,Management,0,3,0-1 Miles,North America,1,29-34,90.9090909090909
M,F,1,Si,Bachelors,Management,1,3,0-1 Miles,North America,1,35-40,90.9090909090909
S,M,3,No,Partial College,Professional,1,1,2-5 Miles,North America,0,51-55,72.7272727272727
S,F,3,No,Partial College,Professional,0,2,0-1 Miles,North America,1,46-50,72.7272727272727
S,M,2,Si,Partial College,Professional,1,0,5-10 Miles,North America,1,51-55,81.8181818181818
S,M,4,Si,Partial College,Professional,0,2,0-1 Miles,North America,0,46-50,72.7272727272727
M,F,0,No,Partial College,Professional,1,1,10+ Miles,North America,0,46-50,81.8181818181818
M,M,0,Si,Partial College,Professional,1,2,2-5 Miles,North America,1,41-45,81.8181818181818
M,M,0,Si,Partial College,Professional,1,2,2-5 Miles,North America,0,46-50,81.8181818181818
M,F,3,Si,Bachelors,Management,1,4,0-1 Miles,North America,0,46-50,90.9090909090909
S,M,1,Si,Bachelors,Management,0,4,0-1 Miles,North America,0,41-45,90.9090909090909
S,F,5,Si,Partial College,Professional,0,3,0-1 Miles,North America,0,41-45,72.7272727272727
S,M,5,Si,Partial College,Professional,1,3,5-10 Miles,North America,1,41-45,81.8181818181818
M,M,5,Si,Partial College,Professional,1,3,5-10 Miles,North America,0,46-50,81.8181818181818
S,M,1,Si,Partial College,Professional,1,4,5-10 Miles,North America,1,41-45,81.8181818181818
S,F,1,Si,Bachelors,Management,0,1,2-5 Miles,North America,0,46-50,90.9090909090909
M,M,1,Si,Bachelors,Management,1,3,0-1 Miles,North America,1,41-45,90.9090909090909
S,M,5,Si,Partial College,Professional,0,3,2-5 Miles,North America,0,46-50,63.6363636363636
M,F,5,Si,Partial College,Professional,1,3,5-10 Miles,North America,0,46-50,72.7272727272727
M,F,5,Si,Partial College,Professional,1,3,5-10 Miles,North America,0,41-45,72.7272727272727
M,M,5,Si,Partial College,Professional,1,3,5-10 Miles,North America,0,46-50,72.7272727272727
S,F,4,Si,Partial College,Professional,0,1,1-2 Miles,North America,1,46-50,81.8181818181818
S,M,4,Si,High School,Professional,1,2,5-10 Miles,North America,0,46-50,81.8181818181818
S,M,4,Si,High School,Professional,0,2,1-2 Miles,North America,0,46-50,81.8181818181818
M,F,1,Si,Partial College,Professional,1,4,5-10 Miles,North America,0,46-50,90.9090909090909
S,F,1,Si,High School,Professional,1,4,5-10 Miles,North America,1,41-45,90.9090909090909
S,F,1,Si,Bachelors,Management,0,1,2-5 Miles,North America,0,46-50,90.9090909090909
S,M,2,No,High School,Professional,1,2,5-10 Miles,North America,1,46-50,45.4545454545455
S,M,2,No,High School,Professional,1,2,5-10 Miles,North America,1,51-55,45.4545454545455
M,M,4,Si,High School,Professional,1,1,5-10 Miles,North America,0,51-55,63.6363636363636
M,F,2,Si,High School,Professional,1,1,10+ Miles,North America,1,51-55,81.8181818181818
S,M,2,No,Partial High School,Skilled Manual,1,2,5-10 Miles,North America,0,46-50,63.6363636363636
S,M,2,No,Partial High School,Skilled Manual,0,2,1-2 Miles,North America,0,51-55,63.6363636363636
M,F,3,No,Partial College,Professional,1,2,5-10 Miles,North America,0,65+,27.2727272727273
S,F,3,No,Partial College,Professional,1,2,5-10 Miles,North America,0,65+,27.2727272727273
M,M,2,No,Graduate Degree,Management,1,2,5-10 Miles,North America,0,65+,45.4545454545455
M,M,2,No,Graduate Degree,Management,1,2,5-10 Miles,North America,0,65+,45.4545454545455
S,M,2,No,Graduate Degree,Management,1,2,5-10 Miles,North America,0,65+,45.4545454545455
M,M,4,No,Graduate Degree,Management,1,2,5-10 Miles,North America,0,65+,63.6363636363636
S,F,2,No,Graduate Degree,Management,1,2,5-10 Miles,North America,0,65+,45.4545454545455
S,F,5,Si,Partial College,Professional,0,3,1-2 Miles,North America,0,41-45,72.7272727272727
S,F,5,Si,Partial College,Professional,1,3,5-10 Miles,North America,1,46-50,72.7272727272727
M,F,3,Si,Partial College,Professional,1,4,5-10 Miles,North America,1,46-50,81.8181818181818
M,F,0,Si,Partial College,Professional,0,1,1-2 Miles,North America,0,46-50,81.8181818181818
M,F,3,Si,Partial College,Professional,1,4,5-10 Miles,North America,0,41-45,90.9090909090909
S,M,3,Si,Partial College,Professional,1,4,5-10 Miles,North America,1,41-45,90.9090909090909
S,M,1,Si,Partial College,Professional,0,3,2-5 Miles,North America,0,46-50,90.9090909090909
S,M,2,No,Partial High School,Skilled Manual,0,2,1-2 Miles,North America,0,51-55,63.6363636363636
S,M,3,No,Partial High School,Skilled Manual,0,2,1-2 Miles,North America,0,51-55,63.6363636363636
S,F,3,No,Partial High School,Skilled Manual,1,2,5-10 Miles,North America,0,41-45,63.6363636363636
S,F,2,No,Partial High School,Skilled Manual,0,2,1-2 Miles,North America,1,46-50,45.4545454545455
S,F,2,No,Partial High School,Skilled Manual,1,2,5-10 Miles,North America,1,51-55,45.4545454545455
M,M,2,No,Partial High School,Skilled Manual,0,2,1-2 Miles,North America,1,56-65,45.4545454545455
S,M,3,No,Graduate Degree,Management,0,2,1-2 Miles,North America,1,51-55,63.6363636363636
S,F,3,No,Graduate Degree,Management,0,2,1-2 Miles,North America,1,51-55,63.6363636363636
M,F,3,No,Graduate Degree,Management,1,2,5-10 Miles,North America,1,56-65,63.6363636363636
S,M,3,No,Partial College,Professional,0,2,1-2 Miles,North America,1,41-45,27.2727272727273
S,F,4,No,High School,Professional,1,2,5-10 Miles,North America,0,51-55,18.1818181818182
S,F,4,No,High School,Professional,0,2,1-2 Miles,North America,0,56-65,18.1818181818182
M,F,4,No,High School,Professional,1,2,5-10 Miles,North America,0,56-65,18.1818181818182
S,M,3,Si,Bachelors,Professional,1,2,5-10 Miles,Pacific,0,35-40,45.4545454545455
M,F,4,Si,Bachelors,Professional,1,3,10+ Miles,Pacific,0,46-50,45.4545454545455
S,F,4,Si,Bachelors,Professional,1,3,10+ Miles,Pacific,0,41-45,45.4545454545455
M,F,5,Si,Bachelors,Professional,1,3,5-10 Miles,Pacific,0,41-45,45.4545454545455
M,F,3,Si,Bachelors,Professional,1,1,5-10 Miles,Pacific,1,46-50,45.4545454545455
S,M,3,Si,Bachelors,Professional,1,2,5-10 Miles,Pacific,1,35-40,45.4545454545455
M,F,2,Si,Bachelors,Professional,0,0,0-1 Miles,Pacific,1,29-34,81.8181818181818
M,M,4,Si,Bachelors,Professional,0,0,0-1 Miles,Pacific,0,35-40,81.8181818181818
S,M,0,No,Graduate Degree,Management,1,0,1-2 Miles,Pacific,1,41-45,81.8181818181818
S,F,1,No,Partial College,Skilled Manual,0,1,0-1 Miles,Pacific,1,46-50,45.4545454545455
S,M,1,No,Bachelors,Professional,1,1,5-10 Miles,Pacific,1,46-50,45.4545454545455
S,M,1,No,Bachelors,Professional,1,1,5-10 Miles,Pacific,1,41-45,45.4545454545455
S,F,1,No,Bachelors,Professional,0,1,0-1 Miles,Pacific,1,46-50,45.4545454545455
M,F,1,No,Bachelors,Professional,0,1,0-1 Miles,Pacific,1,46-50,45.4545454545455
M,M,1,No,Partial College,Skilled Manual,0,1,0-1 Miles,Pacific,1,41-45,45.4545454545455
M,F,1,No,Bachelors,Professional,0,1,0-1 Miles,Pacific,1,35-40,45.4545454545455
S,F,1,No,Partial College,Skilled Manual,0,1,0-1 Miles,Pacific,1,35-40,45.4545454545455
S,F,1,No,Partial College,Skilled Manual,1,1,5-10 Miles,Pacific,1,46-50,45.4545454545455
M,M,1,No,Partial College,Skilled Manual,0,1,0-1 Miles,Pacific,1,46-50,45.4545454545455
S,M,0,No,Bachelors,Professional,0,1,5-10 Miles,Pacific,0,35-40,63.6363636363636
S,M,0,No,Bachelors,Professional,0,2,5-10 Miles,Pacific,1,46-50,63.6363636363636
M,M,1,No,Partial College,Skilled Manual,1,1,5-10 Miles,Pacific,1,46-50,45.4545454545455
S,M,1,No,Partial College,Skilled Manual,0,1,0-1 Miles,Pacific,1,46-50,45.4545454545455
S,F,2,No,Bachelors,Professional,1,1,2-5 Miles,Pacific,1,35-40,81.8181818181818
S,F,1,No,Partial College,Skilled Manual,0,1,0-1 Miles,Pacific,1,46-50,63.6363636363636
M,M,2,No,Partial College,Skilled Manual,1,1,5-10 Miles,Pacific,0,51-55,72.7272727272727
S,M,2,No,Partial College,Clerical,1,2,5-10 Miles,Pacific,0,56-65,18.1818181818182
M,M,0,No,High School,Skilled Manual,1,2,5-10 Miles,North America,0,29-34,18.1818181818182
M,F,0,No,High School,Skilled Manual,0,2,0-1 Miles,North America,0,29-34,18.1818181818182
M,M,0,No,High School,Skilled Manual,1,2,5-10 Miles,North America,0,29-34,27.2727272727273
M,F,0,No,High School,Skilled Manual,0,2,0-1 Miles,North America,0,29-34,18.1818181818182
S,F,0,No,High School,Skilled Manual,1,2,5-10 Miles,North America,0,29-34,18.1818181818182
M,F,0,No,High School,Skilled Manual,0,2,0-1 Miles,North America,0,29-34,18.1818181818182
M,M,0,No,High School,Skilled Manual,1,2,5-10 Miles,North America,0,29-34,27.2727272727273
M,F,0,No,High School,Skilled Manual,1,2,5-10 Miles,North America,0,29-34,27.2727272727273
M,F,2,No,Partial College,Clerical,0,2,0-1 Miles,Pacific,0,65+,18.1818181818182
S,M,0,No,High School,Skilled Manual,0,2,0-1 Miles,North America,1,29-34,27.2727272727273
S,M,0,No,High School,Skilled Manual,0,2,0-1 Miles,North America,1,29-34,27.2727272727273
S,M,0,No,High School,Skilled Manual,1,2,5-10 Miles,North America,0,29-34,27.2727272727273
M,F,0,No,High School,Skilled Manual,1,2,5-10 Miles,North America,0,29-34,27.2727272727273
S,F,0,No,Partial High School,Clerical,0,2,0-1 Miles,North America,0,29-34,18.1818181818182
S,M,0,No,Partial High School,Clerical,0,2,5-10 Miles,North America,0,29-34,18.1818181818182
M,F,0,No,High School,Skilled Manual,1,2,5-10 Miles,North America,0,29-34,27.2727272727273
S,M,0,No,Partial High School,Clerical,0,2,5-10 Miles,North America,0,29-34,18.1818181818182
S,F,0,No,High School,Skilled Manual,0,2,5-10 Miles,North America,0,29-34,27.2727272727273
S,F,2,No,Bachelors,Management,1,2,5-10 Miles,Pacific,0,65+,27.2727272727273
S,F,2,No,Bachelors,Management,0,2,0-1 Miles,Pacific,0,65+,27.2727272727273
S,F,2,No,Graduate Degree,Management,0,1,0-1 Miles,Pacific,0,65+,45.4545454545455
M,M,2,No,Bachelors,Management,1,2,5-10 Miles,Pacific,1,65+,27.2727272727273
S,F,2,No,Bachelors,Management,0,2,0-1 Miles,Pacific,1,65+,27.2727272727273
S,F,2,No,Bachelors,Management,0,2,0-1 Miles,Pacific,1,65+,27.2727272727273
S,M,0,No,Bachelors,Professional,0,1,0-1 Miles,North America,1,41-45,27.2727272727273
S,M,0,No,Bachelors,Professional,1,1,2-5 Miles,North America,1,41-45,27.2727272727273
M,M,3,Si,Bachelors,Skilled Manual,1,1,2-5 Miles,North America,0,41-45,45.4545454545455
S,F,3,Si,Bachelors,Skilled Manual,0,1,0-1 Miles,North America,0,41-45,45.4545454545455
M,M,3,Si,Bachelors,Skilled Manual,1,2,2-5 Miles,North America,0,41-45,45.4545454545455
M,F,3,Si,Bachelors,Skilled Manual,1,2,2-5 Miles,North America,0,35-40,45.4545454545455
M,M,4,Si,Bachelors,Skilled Manual,1,2,2-5 Miles,North America,0,41-45,45.4545454545455
M,F,0,No,Graduate Degree,Professional,0,0,0-1 Miles,North America,0,41-45,45.4545454545455
S,F,0,No,Graduate Degree,Professional,0,1,0-1 Miles,North America,1,35-40,45.4545454545455
S,F,0,No,Graduate Degree,Professional,0,1,0-1 Miles,North America,1,35-40,45.4545454545455
M,F,0,No,Graduate Degree,Clerical,1,0,0-1 Miles,Europe,1,41-45,27.2727272727273
M,F,0,No,Graduate Degree,Clerical,1,0,0-1 Miles,Europe,1,41-45,27.2727272727273
S,M,3,Si,High School,Manual,1,1,0-1 Miles,Europe,1,41-45,9.09090909090909
S,M,1,Si,Partial College,Manual,0,1,2-5 Miles,Europe,1,41-45,9.09090909090909
S,M,1,Si,Partial College,Manual,0,1,0-1 Miles,Europe,1,35-40,9.09090909090909
S,F,1,Si,High School,Manual,1,1,2-5 Miles,Europe,1,41-45,9.09090909090909
S,M,1,Si,Bachelors,Clerical,0,0,0-1 Miles,Europe,1,41-45,18.1818181818182
S,F,1,Si,Bachelors,Clerical,0,0,0-1 Miles,Europe,1,41-45,18.1818181818182
S,M,1,Si,Bachelors,Clerical,0,0,2-5 Miles,Europe,1,35-40,18.1818181818182
S,M,4,Si,Partial High School,Manual,0,2,0-1 Miles,Europe,0,41-45,9.09090909090909
M,M,4,Si,Partial High School,Manual,1,2,0-1 Miles,Europe,0,41-45,9.09090909090909
S,F,1,Si,High School,Manual,0,1,1-2 Miles,Europe,1,35-40,9.09090909090909
S,M,0,No,Bachelors,Clerical,0,0,0-1 Miles,Europe,1,35-40,27.2727272727273
M,M,0,No,Bachelors,Clerical,0,0,0-1 Miles,Europe,1,41-45,27.2727272727273
S,F,2,Si,High School,Manual,0,0,0-1 Miles,Europe,0,41-45,9.09090909090909
M,M,1,Si,Bachelors,Skilled Manual,1,2,0-1 Miles,Europe,0,41-45,18.1818181818182
S,F,5,Si,Partial High School,Manual,0,2,0-1 Miles,Europe,0,41-45,9.09090909090909
S,M,2,Si,High School,Manual,0,0,0-1 Miles,Europe,0,41-45,9.09090909090909
M,M,2,Si,High School,Manual,1,0,0-1 Miles,Europe,1,35-40,9.09090909090909
S,F,2,Si,High School,Manual,1,1,0-1 Miles,Europe,1,41-45,9.09090909090909
M,F,1,Si,Bachelors,Skilled Manual,1,2,0-1 Miles,Europe,0,35-40,18.1818181818182
M,F,1,Si,Bachelors,Skilled Manual,1,2,0-1 Miles,Europe,0,35-40,18.1818181818182
M,M,5,Si,Partial High School,Manual,1,1,0-1 Miles,Europe,1,35-40,9.09090909090909
M,M,5,Si,Partial High School,Manual,1,1,0-1 Miles,Europe,1,35-40,9.09090909090909
S,F,3,Si,Partial High School,Manual,1,1,0-1 Miles,Europe,1,35-40,9.09090909090909
S,F,3,Si,High School,Manual,0,0,0-1 Miles,Europe,1,41-45,9.09090909090909
S,M,3,Si,High School,Manual,0,1,0-1 Miles,Europe,1,41-45,9.09090909090909
M,F,1,Si,Bachelors,Skilled Manual,0,2,0-1 Miles,Europe,0,29-34,18.1818181818182
M,M,1,No,Bachelors,Skilled Manual,1,1,2-5 Miles,Europe,0,65+,18.1818181818182
S,M,0,No,Bachelors,Professional,1,0,0-1 Miles,Europe,1,41-45,27.2727272727273
M,F,0,No,Bachelors,Professional,0,0,0-1 Miles,Europe,1,41-45,27.2727272727273
S,M,0,No,Bachelors,Professional,0,0,0-1 Miles,Europe,1,41-45,27.2727272727273
S,F,0,No,Bachelors,Professional,1,0,0-1 Miles,Europe,1,35-40,27.2727272727273
M,F,0,No,Bachelors,Professional,0,0,0-1 Miles,Europe,1,41-45,27.2727272727273
S,M,2,Si,Partial College,Clerical,0,0,0-1 Miles,Europe,0,46-50,18.1818181818182
M,M,2,Si,Partial College,Clerical,1,0,0-1 Miles,Europe,1,41-45,18.1818181818182
S,M,2,Si,Partial College,Clerical,1,0,0-1 Miles,Europe,1,46-50,18.1818181818182
S,F,2,Si,Partial College,Clerical,1,1,0-1 Miles,Europe,1,41-45,18.1818181818182
S,F,2,Si,Partial College,Clerical,0,1,0-1 Miles,Europe,0,41-45,18.1818181818182
M,F,1,No,Bachelors,Skilled Manual,1,0,0-1 Miles,Europe,1,29-34,27.2727272727273
M,F,2,Si,Partial College,Clerical,1,2,0-1 Miles,Europe,0,35-40,18.1818181818182
M,M,1,No,Bachelors,Skilled Manual,1,0,0-1 Miles,Europe,1,41-45,27.2727272727273
M,M,2,Si,Partial College,Clerical,1,2,0-1 Miles,Europe,0,35-40,18.1818181818182
S,F,3,Si,Partial College,Clerical,0,0,0-1 Miles,Europe,1,46-50,18.1818181818182
S,F,0,No,High School,Manual,0,1,2-5 Miles,Europe,0,29-34,9.09090909090909
M,F,0,No,High School,Manual,0,1,1-2 Miles,Europe,0,29-34,9.09090909090909
M,F,0,No,High School,Manual,0,1,1-2 Miles,Europe,0,29-34,9.09090909090909
S,M,0,No,High School,Manual,1,1,2-5 Miles,Europe,0,29-34,9.09090909090909
S,M,0,No,High School,Manual,0,1,2-5 Miles,Europe,0,29-34,9.09090909090909
M,M,0,No,Partial High School,Manual,1,2,0-1 Miles,Europe,0,29-34,9.09090909090909
S,M,3,Si,Partial College,Clerical,0,2,0-1 Miles,Europe,1,29-34,18.1818181818182
M,F,1,No,Bachelors,Skilled Manual,1,0,0-1 Miles,Europe,1,35-40,27.2727272727273
M,M,1,No,Bachelors,Skilled Manual,1,0,0-1 Miles,Europe,1,35-40,27.2727272727273
M,F,1,No,Bachelors,Skilled Manual,1,0,0-1 Miles,Europe,1,41-45,27.2727272727273
M,F,1,No,Bachelors,Skilled Manual,1,0,0-1 Miles,Europe,1,46-50,27.2727272727273
M,F,1,No,Bachelors,Skilled Manual,1,1,0-1 Miles,Europe,1,46-50,27.2727272727273
M,F,1,No,Bachelors,Skilled Manual,1,1,0-1 Miles,Europe,1,46-50,27.2727272727273
S,F,3,Si,Partial College,Clerical,0,4,0-1 Miles,Europe,1,29-34,18.1818181818182
S,F,5,Si,Partial College,Clerical,0,3,0-1 Miles,Europe,0,29-34,18.1818181818182
S,M,0,No,Partial College,Clerical,0,1,2-5 Miles,Europe,0,29-34,18.1818181818182
S,M,0,No,Partial College,Clerical,0,1,0-1 Miles,Europe,1,29-34,18.1818181818182
S,M,0,No,Partial College,Clerical,1,1,2-5 Miles,Europe,1,29-34,18.1818181818182
S,M,0,No,Partial College,Clerical,0,1,2-5 Miles,Europe,0,29-34,18.1818181818182
S,F,0,No,Partial College,Clerical,0,1,0-1 Miles,Europe,1,29-34,18.1818181818182
S,F,0,No,Partial College,Clerical,1,1,2-5 Miles,Europe,1,29-34,18.1818181818182
S,M,0,No,High School,Manual,0,1,1-2 Miles,Europe,0,29-34,9.09090909090909
M,M,0,No,Partial High School,Manual,1,2,0-1 Miles,Europe,0,29-34,9.09090909090909
M,M,0,No,Partial High School,Manual,0,2,0-1 Miles,Europe,0,29-34,9.09090909090909
S,M,0,No,High School,Manual,0,1,1-2 Miles,Europe,0,29-34,9.09090909090909
S,F,0,No,High School,Manual,0,1,2-5 Miles,Europe,0,29-34,9.09090909090909
S,M,0,No,Partial College,Clerical,1,1,2-5 Miles,Europe,1,29-34,18.1818181818182
M,M,0,No,Partial College,Clerical,0,1,0-1 Miles,Europe,0,29-34,18.1818181818182
S,M,0,No,Partial College,Clerical,0,1,0-1 Miles,Europe,1,29-34,18.1818181818182
S,F,0,No,Partial College,Clerical,1,1,2-5 Miles,Europe,1,29-34,18.1818181818182
S,F,0,No,Partial College,Clerical,0,1,0-1 Miles,Europe,1,29-34,18.1818181818182
S,F,0,No,Partial High School,Manual,0,1,5-10 Miles,Europe,0,29-34,9.09090909090909
S,F,0,No,Partial High School,Manual,1,1,2-5 Miles,Europe,0,29-34,9.09090909090909
S,M,0,No,Partial High School,Manual,0,2,0-1 Miles,Europe,0,35-40,9.09090909090909
S,M,0,No,Partial High School,Manual,0,2,0-1 Miles,Europe,0,35-40,9.09090909090909
S,M,0,No,Partial College,Clerical,0,1,2-5 Miles,Europe,1,29-34,18.1818181818182
S,M,0,No,Partial College,Clerical,0,1,0-1 Miles,Europe,0,29-34,18.1818181818182
S,M,0,No,Partial College,Clerical,0,1,0-1 Miles,Europe,0,29-34,18.1818181818182
M,F,1,Si,Bachelors,Skilled Manual,1,0,1-2 Miles,Europe,1,29-34,27.2727272727273
S,M,0,No,Partial High School,Manual,1,2,1-2 Miles,Europe,0,35-40,9.09090909090909
M,F,0,No,Partial High School,Manual,1,2,1-2 Miles,Europe,0,35-40,9.09090909090909
M,M,0,No,Graduate Degree,Manual,1,0,0-1 Miles,Europe,1,35-40,9.09090909090909
S,M,1,No,Bachelors,Manual,0,0,0-1 Miles,Europe,0,46-50,9.09090909090909
M,F,1,No,Graduate Degree,Manual,0,0,0-1 Miles,Europe,0,46-50,9.09090909090909
S,F,1,No,Bachelors,Manual,0,0,0-1 Miles,Europe,0,46-50,9.09090909090909
M,F,1,No,Bachelors,Manual,1,0,0-1 Miles,Europe,0,46-50,9.09090909090909
M,F,1,No,Bachelors,Manual,1,0,0-1 Miles,Europe,0,41-45,9.09090909090909
M,M,1,No,Bachelors,Manual,0,0,0-1 Miles,Europe,0,41-45,9.09090909090909
M,M,1,No,Graduate Degree,Clerical,1,0,0-1 Miles,Europe,0,41-45,9.09090909090909
S,M,1,No,Graduate Degree,Clerical,0,0,0-1 Miles,Europe,0,65+,9.09090909090909
S,F,4,No,Graduate Degree,Clerical,1,0,0-1 Miles,Europe,1,46-50,18.1818181818182
M,F,1,No,Graduate Degree,Clerical,0,0,0-1 Miles,Europe,0,51-55,9.09090909090909
M,M,1,No,Bachelors,Manual,1,0,0-1 Miles,Europe,0,51-55,9.09090909090909
M,M,1,No,Partial College,Manual,1,0,0-1 Miles,Europe,0,46-50,9.09090909090909
M,F,1,No,Partial College,Manual,0,0,0-1 Miles,Europe,0,51-55,9.09090909090909
S,M,1,No,Partial College,Manual,1,0,0-1 Miles,Europe,0,51-55,9.09090909090909
M,M,2,No,Partial College,Manual,1,0,1-2 Miles,Europe,0,51-55,9.09090909090909
M,F,1,No,Bachelors,Clerical,1,0,0-1 Miles,Europe,0,46-50,9.09090909090909
S,M,1,No,Bachelors,Clerical,1,0,0-1 Miles,Europe,0,51-55,9.09090909090909
M,F,2,No,Partial College,Manual,1,0,1-2 Miles,Europe,0,41-45,9.09090909090909
M,F,2,No,Partial College,Manual,1,0,1-2 Miles,Europe,0,51-55,9.09090909090909
M,F,2,No,Partial College,Manual,1,0,1-2 Miles,Europe,0,51-55,9.09090909090909
M,F,2,No,Partial College,Manual,0,1,0-1 Miles,Europe,1,56-65,9.09090909090909
S,M,2,No,Partial College,Manual,0,1,0-1 Miles,Europe,1,51-55,9.09090909090909
M,F,1,No,Bachelors,Clerical,1,0,0-1 Miles,Europe,1,65+,9.09090909090909
S,M,1,No,Bachelors,Clerical,0,0,0-1 Miles,Europe,0,65+,9.09090909090909
S,M,1,No,Bachelors,Clerical,1,0,0-1 Miles,Europe,1,65+,9.09090909090909
S,M,2,No,Partial College,Manual,0,1,2-5 Miles,Europe,0,65+,9.09090909090909
S,M,2,No,Partial College,Manual,0,1,0-1 Miles,Europe,0,56-65,9.09090909090909
M,M,1,No,Bachelors,Clerical,1,0,0-1 Miles,Europe,1,65+,18.1818181818182
S,F,3,No,Partial College,Manual,1,1,1-2 Miles,Europe,1,65+,9.09090909090909
S,M,0,No,Partial College,Manual,0,1,0-1 Miles,Pacific,1,29-34,9.09090909090909
S,M,0,No,Partial College,Manual,1,1,1-2 Miles,Pacific,1,29-34,9.09090909090909
M,F,0,No,Partial College,Manual,1,1,2-5 Miles,Pacific,1,29-34,9.09090909090909
S,M,0,No,Partial College,Manual,0,1,0-1 Miles,Pacific,1,29-34,9.09090909090909
S,F,1,Si,High School,Manual,1,0,2-5 Miles,Pacific,1,29-34,9.09090909090909
M,M,0,No,Bachelors,Clerical,0,0,0-1 Miles,Pacific,1,29-34,9.09090909090909
S,F,0,No,Bachelors,Clerical,1,0,0-1 Miles,Pacific,1,29-34,9.09090909090909
M,F,0,No,Bachelors,Clerical,0,0,0-1 Miles,Pacific,1,29-34,9.09090909090909
S,M,0,No,Bachelors,Clerical,1,0,0-1 Miles,Pacific,1,29-34,9.09090909090909
S,M,0,No,Partial College,Manual,1,0,0-1 Miles,Pacific,1,29-34,9.09090909090909
S,M,2,No,Partial College,Manual,0,1,0-1 Miles,Europe,1,65+,9.09090909090909
S,F,2,No,Partial College,Manual,0,1,0-1 Miles,Europe,1,65+,9.09090909090909
S,F,1,Si,Partial College,Manual,0,0,0-1 Miles,Europe,1,46-50,9.09090909090909
M,F,4,No,Graduate Degree,Clerical,0,0,0-1 Miles,Europe,1,46-50,18.1818181818182
M,F,4,No,Graduate Degree,Clerical,1,0,0-1 Miles,Europe,1,46-50,18.1818181818182
S,M,4,No,Graduate Degree,Clerical,0,0,0-1 Miles,Europe,1,29-34,18.1818181818182
S,F,1,Si,High School,Manual,0,1,1-2 Miles,Europe,0,46-50,9.09090909090909
S,M,1,Si,High School,Manual,1,1,2-5 Miles,Europe,0,41-45,9.09090909090909
S,M,1,Si,Partial College,Manual,0,0,0-1 Miles,Europe,1,46-50,9.09090909090909
S,F,1,Si,High School,Manual,0,1,2-5 Miles,Europe,0,41-45,9.09090909090909
S,F,2,No,Partial College,Manual,1,1,1-2 Miles,Europe,1,41-45,9.09090909090909
S,M,2,No,Partial College,Manual,0,1,2-5 Miles,Europe,1,46-50,9.09090909090909
S,M,2,No,Partial College,Manual,0,1,2-5 Miles,Europe,1,46-50,9.09090909090909
S,F,2,No,Partial College,Manual,0,1,2-5 Miles,Europe,1,46-50,9.09090909090909
S,M,3,No,Graduate Degree,Clerical,1,0,0-1 Miles,Europe,1,41-45,18.1818181818182
S,M,2,No,Partial College,Manual,0,1,2-5 Miles,Europe,1,46-50,9.09090909090909
M,F,1,No,Graduate Degree,Clerical,0,0,0-1 Miles,Europe,1,51-55,18.1818181818182
S,F,3,No,Graduate Degree,Clerical,1,0,0-1 Miles,Europe,1,46-50,27.2727272727273
M,F,3,No,Bachelors,Clerical,1,0,0-1 Miles,Europe,1,46-50,18.1818181818182
M,F,0,No,Bachelors,Clerical,1,0,0-1 Miles,Europe,1,46-50,18.1818181818182
S,F,0,No,Bachelors,Clerical,1,0,0-1 Miles,Europe,1,51-55,18.1818181818182
S,M,0,No,Bachelors,Clerical,1,0,0-1 Miles,Europe,1,51-55,18.1818181818182
S,M,0,No,Partial College,Manual,0,1,2-5 Miles,Europe,1,29-34,9.09090909090909
S,M,0,No,Partial College,Manual,0,1,2-5 Miles,Europe,1,29-34,9.09090909090909
M,F,0,No,Partial College,Manual,0,1,1-2 Miles,Europe,1,35-40,9.09090909090909
S,F,2,Si,High School,Manual,0,0,0-1 Miles,Europe,0,35-40,9.09090909090909
M,M,2,Si,High School,Manual,1,0,0-1 Miles,Europe,1,29-34,9.09090909090909
S,M,0,No,Bachelors,Clerical,0,0,0-1 Miles,Europe,1,35-40,18.1818181818182
S,M,0,No,Partial College,Manual,0,1,2-5 Miles,Europe,1,35-40,9.09090909090909
S,F,0,No,Bachelors,Clerical,0,0,0-1 Miles,Europe,1,35-40,18.1818181818182
M,M,1,No,Bachelors,Clerical,1,0,1-2 Miles,Europe,1,35-40,18.1818181818182
M,F,0,No,Graduate Degree,Clerical,1,0,0-1 Miles,Europe,1,35-40,27.2727272727273
S,M,0,No,Graduate Degree,Clerical,0,0,0-1 Miles,Europe,1,35-40,27.2727272727273
M,F,0,No,Graduate Degree,Skilled Manual,1,0,0-1 Miles,Europe,1,35-40,45.4545454545455
S,M,0,No,Graduate Degree,Skilled Manual,1,0,0-1 Miles,Europe,1,35-40,45.4545454545455
M,F,0,No,Graduate Degree,Skilled Manual,1,0,0-1 Miles,Europe,1,35-40,45.4545454545455
S,M,2,No,Partial College,Manual,0,1,0-1 Miles,Europe,1,56-65,9.09090909090909
S,M,2,Si,High School,Manual,1,2,0-1 Miles,Europe,0,51-55,9.09090909090909
S,M,2,Si,High School,Manual,0,1,0-1 Miles,Europe,1,41-45,9.09090909090909
M,F,1,Si,Partial College,Manual,0,0,1-2 Miles,Europe,1,35-40,9.09090909090909
S,F,1,Si,Partial College,Manual,1,1,2-5 Miles,Europe,1,41-45,9.09090909090909
S,M,1,Si,Partial College,Manual,0,1,0-1 Miles,Europe,1,41-45,9.09090909090909
S,M,1,No,Bachelors,Clerical,0,0,0-1 Miles,Europe,1,41-45,18.1818181818182
M,M,1,No,Bachelors,Clerical,1,0,1-2 Miles,Europe,1,41-45,18.1818181818182
S,M,3,Si,Bachelors,Professional,1,1,5-10 Miles,Pacific,0,35-40,45.4545454545455
M,F,3,Si,Bachelors,Professional,0,2,0-1 Miles,Pacific,1,41-45,45.4545454545455
S,F,0,No,Bachelors,Professional,1,1,5-10 Miles,Pacific,1,35-40,63.6363636363636
M,F,3,Si,Bachelors,Professional,1,2,5-10 Miles,Pacific,0,46-50,45.4545454545455
S,M,1,No,Bachelors,Professional,0,1,0-1 Miles,Pacific,0,65+,45.4545454545455
S,M,0,No,Partial High School,Manual,0,2,0-1 Miles,Europe,0,35-40,9.09090909090909
S,F,0,No,Partial High School,Manual,0,2,1-2 Miles,Europe,0,35-40,9.09090909090909
M,F,0,No,Partial College,Clerical,0,1,0-1 Miles,Europe,1,35-40,18.1818181818182
S,F,0,No,Partial College,Clerical,0,1,2-5 Miles,Europe,1,35-40,18.1818181818182
S,F,0,No,Partial College,Clerical,1,1,2-5 Miles,Europe,0,29-34,18.1818181818182
S,M,0,No,Partial College,Clerical,0,1,1-2 Miles,Europe,0,35-40,18.1818181818182
S,M,0,No,Partial College,Clerical,0,1,1-2 Miles,Europe,0,29-34,18.1818181818182
M,M,0,No,Partial High School,Manual,1,2,1-2 Miles,Europe,0,29-34,9.09090909090909
M,F,0,No,Partial High School,Manual,1,2,1-2 Miles,Europe,0,29-34,9.09090909090909
S,F,0,No,Partial High School,Manual,0,2,0-1 Miles,Europe,1,29-34,9.09090909090909
S,F,0,No,Partial High School,Manual,0,2,0-1 Miles,Europe,1,29-34,9.09090909090909
M,F,1,Si,Bachelors,Skilled Manual,1,0,1-2 Miles,Europe,1,35-40,27.2727272727273
S,M,0,No,Partial High School,Manual,1,2,1-2 Miles,Europe,0,35-40,9.09090909090909
S,M,0,No,Partial High School,Manual,1,2,1-2 Miles,Europe,0,35-40,9.09090909090909
S,F,0,No,Partial High School,Manual,0,2,0-1 Miles,Europe,0,35-40,9.09090909090909
M,F,1,Si,Bachelors,Skilled Manual,1,0,0-1 Miles,Europe,1,35-40,27.2727272727273
M,F,1,Si,Bachelors,Skilled Manual,1,0,1-2 Miles,Europe,1,29-34,27.2727272727273
M,F,1,Si,Bachelors,Skilled Manual,1,1,1-2 Miles,Europe,1,35-40,27.2727272727273
M,F,1,Si,Bachelors,Skilled Manual,1,1,1-2 Miles,Europe,1,35-40,27.2727272727273
M,M,1,Si,Bachelors,Skilled Manual,1,1,0-1 Miles,Europe,1,35-40,27.2727272727273
S,F,0,No,Partial High School,Manual,0,2,0-1 Miles,Europe,0,35-40,9.09090909090909
M,M,0,No,High School,Manual,0,1,1-2 Miles,Europe,1,29-34,18.1818181818182
S,F,0,No,High School,Manual,1,1,2-5 Miles,Europe,1,29-34,18.1818181818182
S,M,0,No,Partial High School,Manual,0,2,0-1 Miles,Europe,0,35-40,9.09090909090909
M,M,1,Si,Bachelors,Skilled Manual,1,1,1-2 Miles,Europe,1,35-40,27.2727272727273
S,M,1,Si,Partial College,Clerical,1,1,1-2 Miles,Europe,1,29-34,27.2727272727273
S,F,2,Si,Partial College,Clerical,1,0,1-2 Miles,Europe,1,29-34,27.2727272727273
S,M,0,No,Partial High School,Manual,0,2,0-1 Miles,Europe,0,35-40,9.09090909090909
S,M,0,No,Partial High School,Manual,0,2,0-1 Miles,Europe,0,35-40,9.09090909090909
S,F,0,No,Partial High School,Manual,0,2,0-1 Miles,Europe,0,35-40,9.09090909090909
M,F,2,Si,Partial College,Clerical,1,0,1-2 Miles,Europe,1,35-40,27.2727272727273
M,M,2,Si,Partial College,Clerical,1,1,1-2 Miles,Europe,1,29-34,27.2727272727273
S,F,2,Si,Partial College,Clerical,0,2,0-1 Miles,Europe,0,35-40,27.2727272727273
S,F,3,Si,Partial College,Clerical,0,1,0-1 Miles,North America,0,35-40,27.2727272727273
M,M,3,Si,Partial College,Clerical,1,2,1-2 Miles,North America,0,35-40,27.2727272727273
S,M,3,Si,Partial College,Clerical,1,2,1-2 Miles,North America,1,35-40,27.2727272727273
S,F,0,No,Graduate Degree,Skilled Manual,1,0,1-2 Miles,North America,1,35-40,45.4545454545455
S,F,3,Si,Partial College,Clerical,0,2,0-1 Miles,North America,0,29-34,27.2727272727273
M,M,0,No,Graduate Degree,Skilled Manual,0,0,0-1 Miles,North America,0,41-45,72.7272727272727
M,M,0,No,Graduate Degree,Skilled Manual,0,0,0-1 Miles,North America,0,41-45,72.7272727272727
S,F,0,No,Graduate Degree,Skilled Manual,0,0,0-1 Miles,North America,0,29-34,72.7272727272727
S,F,0,No,Graduate Degree,Skilled Manual,0,0,0-1 Miles,North America,0,41-45,72.7272727272727
M,F,0,No,Graduate Degree,Skilled Manual,1,0,1-2 Miles,North America,1,35-40,72.7272727272727
S,F,2,No,Partial High School,Manual,0,2,0-1 Miles,North America,0,51-55,9.09090909090909
S,F,3,No,Partial High School,Clerical,0,2,1-2 Miles,North America,0,51-55,9.09090909090909
M,M,1,No,High School,Clerical,1,1,2-5 Miles,North America,1,56-65,18.1818181818182
M,F,1,No,High School,Clerical,1,1,2-5 Miles,North America,1,51-55,18.1818181818182
S,M,1,No,High School,Clerical,0,1,5-10 Miles,North America,0,46-50,18.1818181818182
M,M,1,No,Partial College,Clerical,1,1,1-2 Miles,North America,1,46-50,27.2727272727273
M,M,1,No,Partial College,Clerical,1,1,1-2 Miles,North America,1,56-65,27.2727272727273
M,F,1,No,Partial College,Clerical,1,1,1-2 Miles,North America,1,51-55,27.2727272727273
S,M,3,No,Partial High School,Clerical,0,2,0-1 Miles,North America,0,41-45,9.09090909090909
S,M,3,No,Partial High School,Clerical,0,2,0-1 Miles,North America,0,51-55,9.09090909090909
S,F,3,No,Partial High School,Clerical,0,2,0-1 Miles,North America,0,51-55,9.09090909090909
S,F,3,No,Partial High School,Clerical,0,2,1-2 Miles,North America,0,51-55,9.09090909090909
S,F,3,No,Partial High School,Clerical,0,2,1-2 Miles,North America,0,51-55,9.09090909090909
S,F,3,No,Partial High School,Clerical,1,2,1-2 Miles,North America,0,46-50,9.09090909090909
S,M,3,No,Partial High School,Clerical,0,2,0-1 Miles,North America,0,51-55,9.09090909090909
S,F,3,No,Partial High School,Clerical,0,2,1-2 Miles,North America,0,51-55,9.09090909090909
S,F,3,No,Partial High School,Clerical,0,2,1-2 Miles,North America,0,51-55,9.09090909090909
M,M,1,No,High School,Clerical,1,1,2-5 Miles,North America,1,51-55,18.1818181818182
S,F,1,No,High School,Clerical,0,2,1-2 Miles,North America,0,41-45,18.1818181818182
S,F,1,No,High School,Clerical,0,2,1-2 Miles,North America,0,41-45,18.1818181818182
S,M,1,No,High School,Clerical,0,2,1-2 Miles,North America,0,51-55,18.1818181818182
S,F,3,No,Partial High School,Clerical,0,2,1-2 Miles,North America,0,51-55,9.09090909090909
M,M,3,No,Partial High School,Clerical,0,2,0-1 Miles,North America,0,46-50,9.09090909090909
S,F,3,No,Partial High School,Clerical,0,2,0-1 Miles,North America,0,51-55,9.09090909090909
S,M,3,No,Partial High School,Clerical,0,2,0-1 Miles,North America,0,46-50,9.09090909090909
S,M,3,No,Partial High School,Clerical,0,2,0-1 Miles,North America,0,51-55,9.09090909090909
S,M,3,No,Partial High School,Clerical,0,2,1-2 Miles,North America,0,51-55,9.09090909090909
S,M,3,No,Partial High School,Clerical,0,2,1-2 Miles,North America,0,51-55,9.09090909090909
M,M,2,No,High School,Skilled Manual,0,2,0-1 Miles,North America,0,51-55,18.1818181818182
M,F,2,No,High School,Skilled Manual,0,2,0-1 Miles,North America,0,51-55,18.1818181818182
S,M,2,No,High School,Skilled Manual,1,2,1-2 Miles,North America,0,51-55,18.1818181818182
S,M,2,No,High School,Skilled Manual,1,2,1-2 Miles,North America,0,51-55,18.1818181818182
M,M,2,No,High School,Skilled Manual,1,2,1-2 Miles,North America,0,51-55,18.1818181818182
S,M,2,Si,Partial High School,Clerical,1,2,1-2 Miles,North America,0,51-55,9.09090909090909
M,M,2,Si,Partial High School,Clerical,1,2,1-2 Miles,North America,0,41-45,9.09090909090909
S,F,2,No,High School,Skilled Manual,1,2,1-2 Miles,North America,0,41-45,18.1818181818182
S,M,2,No,High School,Skilled Manual,0,2,0-1 Miles,North America,0,51-55,18.1818181818182
M,F,2,No,High School,Skilled Manual,1,2,1-2 Miles,North America,1,46-50,18.1818181818182
M,F,2,No,High School,Skilled Manual,1,2,1-2 Miles,North America,1,51-55,18.1818181818182
M,M,2,No,High School,Skilled Manual,1,2,1-2 Miles,North America,1,46-50,18.1818181818182
M,F,1,No,Partial College,Clerical,1,1,1-2 Miles,North America,1,46-50,27.2727272727273
M,F,1,No,Partial College,Clerical,1,1,0-1 Miles,North America,0,35-40,27.2727272727273
M,M,1,No,Partial College,Clerical,0,1,0-1 Miles,North America,0,46-50,27.2727272727273
S,M,2,No,Partial College,Clerical,1,1,1-2 Miles,North America,1,51-55,27.2727272727273
S,M,2,No,Partial College,Clerical,0,1,1-2 Miles,North America,1,51-55,27.2727272727273
S,F,2,No,Partial College,Clerical,0,1,1-2 Miles,North America,1,29-34,27.2727272727273
S,M,2,No,Partial College,Clerical,0,1,1-2 Miles,North America,1,46-50,27.2727272727273
S,F,2,No,Partial College,Clerical,0,1,1-2 Miles,North America,1,51-55,27.2727272727273
M,F,2,No,Partial College,Clerical,0,1,0-1 Miles,North America,1,46-50,27.2727272727273
S,M,2,No,Partial College,Clerical,1,1,1-2 Miles,North America,1,41-45,27.2727272727273
S,M,0,No,Graduate Degree,Skilled Manual,0,0,0-1 Miles,North America,0,35-40,45.4545454545455
M,F,0,No,Graduate Degree,Skilled Manual,1,0,1-2 Miles,North America,0,35-40,27.2727272727273
S,F,1,No,Graduate Degree,Skilled Manual,1,0,1-2 Miles,North America,0,35-40,27.2727272727273
S,M,1,No,Graduate Degree,Skilled Manual,1,0,1-2 Miles,North America,0,35-40,27.2727272727273
M,M,1,No,Graduate Degree,Skilled Manual,1,0,1-2 Miles,North America,1,29-34,27.2727272727273
M,F,1,No,Graduate Degree,Skilled Manual,1,0,0-1 Miles,North America,0,35-40,27.2727272727273
M,M,1,No,Graduate Degree,Skilled Manual,0,0,0-1 Miles,North America,0,35-40,27.2727272727273
S,F,1,No,Graduate Degree,Skilled Manual,1,0,1-2 Miles,North America,0,35-40,27.2727272727273
M,F,1,No,Graduate Degree,Skilled Manual,1,0,0-1 Miles,North America,0,35-40,27.2727272727273
S,M,1,No,Graduate Degree,Skilled Manual,1,0,1-2 Miles,North America,0,35-40,45.4545454545455
M,F,1,No,Graduate Degree,Skilled Manual,1,0,0-1 Miles,North America,0,29-34,45.4545454545455
M,F,1,No,Graduate Degree,Skilled Manual,1,0,0-1 Miles,North America,0,35-40,45.4545454545455
M,M,1,Si,Graduate Degree,Skilled Manual,1,0,0-1 Miles,North America,1,29-34,45.4545454545455
M,F,1,Si,Graduate Degree,Skilled Manual,1,0,1-2 Miles,North America,1,29-34,45.4545454545455
M,M,1,Si,Graduate Degree,Skilled Manual,1,0,1-2 Miles,North America,1,35-40,45.4545454545455
M,F,1,Si,Graduate Degree,Skilled Manual,1,0,1-2 Miles,North America,1,35-40,45.4545454545455
M,F,1,Si,Graduate Degree,Skilled Manual,1,0,1-2 Miles,North America,1,29-34,45.4545454545455
M,M,1,Si,Graduate Degree,Skilled Manual,1,0,1-2 Miles,North America,1,35-40,45.4545454545455
S,M,1,No,Graduate Degree,Skilled Manual,1,0,2-5 Miles,North America,1,35-40,45.4545454545455
M,F,1,Si,Bachelors,Skilled Manual,1,0,2-5 Miles,North America,1,35-40,27.2727272727273
M,F,1,Si,Bachelors,Skilled Manual,1,1,0-1 Miles,North America,1,35-40,27.2727272727273
M,F,1,Si,Bachelors,Skilled Manual,1,1,0-1 Miles,North America,1,35-40,27.2727272727273
M,F,1,Si,Bachelors,Skilled Manual,1,1,0-1 Miles,North America,1,35-40,27.2727272727273
M,M,1,No,Graduate Degree,Professional,1,0,2-5 Miles,North America,1,35-40,45.4545454545455
M,M,1,Si,Bachelors,Skilled Manual,1,1,2-5 Miles,North America,1,35-40,45.4545454545455
M,M,2,Si,Bachelors,Skilled Manual,0,0,0-1 Miles,North America,1,35-40,45.4545454545455
S,M,2,Si,Bachelors,Skilled Manual,1,0,2-5 Miles,North America,1,35-40,45.4545454545455
S,F,2,Si,Bachelors,Skilled Manual,0,0,0-1 Miles,North America,1,35-40,45.4545454545455
S,F,1,No,Graduate Degree,Professional,1,0,2-5 Miles,North America,1,41-45,45.4545454545455
S,M,1,No,Graduate Degree,Professional,1,0,2-5 Miles,North America,1,35-40,45.4545454545455
S,M,1,No,Graduate Degree,Professional,0,0,0-1 Miles,North America,1,29-34,45.4545454545455
S,M,3,No,Graduate Degree,Professional,0,0,0-1 Miles,North America,1,35-40,63.6363636363636
S,M,1,No,Graduate Degree,Professional,0,0,0-1 Miles,North America,1,35-40,45.4545454545455
S,F,2,Si,Bachelors,Skilled Manual,1,1,2-5 Miles,North America,1,41-45,63.6363636363636
M,F,2,Si,Bachelors,Skilled Manual,1,1,2-5 Miles,North America,1,35-40,63.6363636363636
M,M,2,Si,Bachelors,Skilled Manual,1,1,2-5 Miles,North America,1,35-40,63.6363636363636
S,M,2,Si,Bachelors,Skilled Manual,0,1,0-1 Miles,North America,1,41-45,63.6363636363636
S,M,0,No,Bachelors,Professional,0,1,0-1 Miles,North America,0,41-45,27.2727272727273
S,M,1,No,Graduate Degree,Professional,0,0,0-1 Miles,North America,1,35-40,45.4545454545455
M,F,2,No,Graduate Degree,Professional,1,0,2-5 Miles,North America,1,29-34,45.4545454545455
M,F,3,No,Graduate Degree,Professional,0,0,0-1 Miles,North America,1,29-34,63.6363636363636
S,M,4,No,Graduate Degree,Professional,1,0,2-5 Miles,North America,1,29-34,63.6363636363636
M,F,4,No,Graduate Degree,Professional,0,0,0-1 Miles,North America,1,29-34,63.6363636363636
M,M,2,No,Graduate Degree,Professional,1,0,0-1 Miles,North America,1,35-40,72.7272727272727
S,M,2,Si,Bachelors,Skilled Manual,1,1,2-5 Miles,North America,1,41-45,45.4545454545455
S,M,2,Si,Bachelors,Skilled Manual,0,1,0-1 Miles,North America,1,41-45,45.4545454545455
S,M,3,Si,Bachelors,Skilled Manual,1,0,2-5 Miles,North America,0,35-40,72.7272727272727
S,M,3,Si,Bachelors,Skilled Manual,0,1,0-1 Miles,North America,1,41-45,72.7272727272727
S,M,0,No,Graduate Degree,Professional,0,0,0-1 Miles,North America,0,41-45,45.4545454545455
S,F,0,No,Graduate Degree,Professional,0,0,0-1 Miles,North America,0,41-45,45.4545454545455
M,F,0,No,Graduate Degree,Professional,1,0,2-5 Miles,North America,0,41-45,45.4545454545455
M,F,0,No,Graduate Degree,Professional,1,0,2-5 Miles,North America,0,29-34,45.4545454545455
S,F,1,Si,High School,Manual,0,1,5-10 Miles,Europe,1,29-34,9.09090909090909
M,F,2,Si,High School,Manual,1,0,0-1 Miles,Europe,1,35-40,9.09090909090909
M,M,2,Si,High School,Manual,1,0,0-1 Miles,Europe,1,29-34,9.09090909090909
S,F,2,Si,High School,Manual,1,0,0-1 Miles,Europe,1,35-40,9.09090909090909
S,M,2,Si,High School,Manual,0,0,0-1 Miles,Europe,0,29-34,9.09090909090909
S,F,0,No,Bachelors,Clerical,0,0,0-1 Miles,Europe,1,35-40,18.1818181818182
S,M,2,Si,High School,Manual,1,0,0-1 Miles,Europe,1,35-40,9.09090909090909
S,M,0,No,Bachelors,Clerical,1,0,0-1 Miles,Europe,1,35-40,18.1818181818182
S,M,0,No,Bachelors,Clerical,0,0,0-1 Miles,Europe,1,35-40,18.1818181818182
S,F,0,No,Bachelors,Clerical,0,0,0-1 Miles,Europe,1,29-34,18.1818181818182
S,F,0,No,Bachelors,Clerical,0,0,0-1 Miles,Europe,1,35-40,18.1818181818182
M,M,0,No,Bachelors,Clerical,1,0,0-1 Miles,Europe,1,35-40,18.1818181818182
M,M,0,No,Graduate Degree,Clerical,1,0,0-1 Miles,Europe,1,35-40,27.2727272727273
S,F,0,No,Graduate Degree,Clerical,1,0,0-1 Miles,Europe,1,35-40,27.2727272727273
M,F,0,No,Graduate Degree,Clerical,0,0,0-1 Miles,Europe,1,35-40,27.2727272727273
S,F,0,No,Partial College,Manual,1,1,2-5 Miles,Europe,1,35-40,9.09090909090909
S,F,1,No,Bachelors,Clerical,1,0,0-1 Miles,Europe,1,29-34,18.1818181818182
S,F,0,No,Graduate Degree,Clerical,0,0,0-1 Miles,Europe,1,35-40,27.2727272727273
S,F,0,No,Graduate Degree,Clerical,0,0,0-1 Miles,Europe,1,35-40,27.2727272727273
S,M,0,No,Graduate Degree,Skilled Manual,0,0,0-1 Miles,Europe,1,29-34,45.4545454545455
M,F,0,No,Graduate Degree,Skilled Manual,1,0,0-1 Miles,Europe,1,35-40,45.4545454545455
M,M,0,No,Graduate Degree,Skilled Manual,1,0,0-1 Miles,Europe,1,41-45,45.4545454545455
S,F,3,No,Partial College,Manual,0,2,0-1 Miles,Europe,1,56-65,9.09090909090909
S,M,3,No,Partial College,Manual,1,2,0-1 Miles,Europe,1,56-65,9.09090909090909
S,F,3,No,Partial College,Manual,0,2,0-1 Miles,Europe,1,51-55,9.09090909090909
S,M,2,No,Partial College,Manual,0,1,0-1 Miles,Europe,1,51-55,9.09090909090909
S,F,2,No,Partial College,Manual,0,1,2-5 Miles,Europe,1,56-65,9.09090909090909
M,M,2,Si,High School,Manual,1,2,0-1 Miles,Europe,0,56-65,9.09090909090909
M,F,1,No,Bachelors,Clerical,1,0,1-2 Miles,Europe,1,41-45,18.1818181818182
S,M,1,No,Bachelors,Clerical,0,0,0-1 Miles,Europe,1,41-45,18.1818181818182
M,M,0,No,Graduate Degree,Clerical,1,0,0-1 Miles,Europe,1,35-40,27.2727272727273
S,M,2,No,Bachelors,Professional,1,0,1-2 Miles,Pacific,1,41-45,81.8181818181818
S,F,2,Si,Bachelors,Professional,1,1,2-5 Miles,Pacific,1,41-45,45.4545454545455
S,M,3,Si,Bachelors,Professional,1,1,2-5 Miles,Pacific,0,35-40,45.4545454545455
M,M,3,Si,Bachelors,Professional,1,1,5-10 Miles,Pacific,0,41-45,45.4545454545455
M,F,3,Si,Bachelors,Professional,0,1,0-1 Miles,Pacific,0,41-45,45.4545454545455
S,M,0,No,Bachelors,Professional,0,1,0-1 Miles,Pacific,1,41-45,63.6363636363636
S,F,0,No,Bachelors,Professional,1,1,5-10 Miles,Pacific,1,29-34,63.6363636363636
M,F,3,Si,Bachelors,Professional,0,2,0-1 Miles,Pacific,0,35-40,45.4545454545455
S,F,0,No,Partial High School,Manual,0,2,1-2 Miles,Europe,0,35-40,9.09090909090909
S,M,0,No,Partial College,Clerical,0,1,0-1 Miles,Europe,1,35-40,18.1818181818182
S,M,0,No,Partial College,Clerical,0,1,2-5 Miles,Europe,1,35-40,18.1818181818182
S,M,0,No,Partial College,Clerical,1,1,2-5 Miles,Europe,0,35-40,18.1818181818182
S,F,0,No,Partial High School,Manual,0,2,0-1 Miles,Europe,1,29-34,9.09090909090909
S,M,0,No,Partial High School,Manual,0,2,0-1 Miles,Europe,1,29-34,9.09090909090909
S,M,0,No,Partial High School,Manual,0,2,0-1 Miles,Europe,1,29-34,9.09090909090909
S,F,0,No,Partial High School,Manual,1,2,1-2 Miles,Europe,1,29-34,9.09090909090909
S,F,0,No,Partial College,Clerical,0,1,2-5 Miles,Europe,0,29-34,18.1818181818182
S,M,0,No,High School,Manual,0,1,2-5 Miles,Europe,1,35-40,18.1818181818182
M,F,1,Si,Bachelors,Skilled Manual,1,0,0-1 Miles,Europe,1,35-40,27.2727272727273
M,F,1,Si,Bachelors,Skilled Manual,1,0,1-2 Miles,Europe,1,35-40,27.2727272727273
M,F,1,Si,Bachelors,Skilled Manual,1,0,1-2 Miles,Europe,1,29-34,27.2727272727273
S,F,0,No,High School,Manual,0,1,2-5 Miles,Europe,1,29-34,18.1818181818182
S,F,0,No,High School,Manual,0,1,2-5 Miles,Europe,1,35-40,18.1818181818182
S,M,0,No,Partial High School,Manual,0,2,0-1 Miles,Europe,0,35-40,9.09090909090909
M,F,0,No,Partial High School,Manual,1,2,1-2 Miles,Europe,0,29-34,9.09090909090909
S,F,0,No,High School,Manual,0,1,1-2 Miles,Europe,1,35-40,18.1818181818182
M,F,1,Si,Bachelors,Skilled Manual,1,0,1-2 Miles,Europe,1,35-40,27.2727272727273
M,M,1,Si,Bachelors,Skilled Manual,1,1,0-1 Miles,Europe,1,35-40,27.2727272727273
M,M,1,Si,Bachelors,Skilled Manual,1,1,1-2 Miles,Europe,1,35-40,27.2727272727273
S,F,2,No,Partial High School,Manual,0,2,0-1 Miles,Europe,0,65+,9.09090909090909
S,F,0,No,High School,Manual,0,1,2-5 Miles,Europe,1,35-40,18.1818181818182
S,M,0,No,Partial High School,Manual,0,2,0-1 Miles,Europe,0,29-34,9.09090909090909
M,M,0,No,Partial High School,Manual,1,2,1-2 Miles,Europe,0,35-40,9.09090909090909
M,M,0,No,Partial High School,Manual,0,2,0-1 Miles,Europe,1,35-40,9.09090909090909
S,F,0,No,Partial High School,Manual,0,2,0-1 Miles,Europe,0,35-40,9.09090909090909
S,M,0,No,High School,Manual,0,1,2-5 Miles,Europe,1,29-34,18.1818181818182
M,M,1,Si,Bachelors,Skilled Manual,1,1,1-2 Miles,Europe,1,35-40,27.2727272727273
M,M,1,Si,Bachelors,Skilled Manual,1,1,1-2 Miles,Europe,1,29-34,27.2727272727273
S,M,1,Si,Partial College,Clerical,0,1,1-2 Miles,Europe,1,35-40,27.2727272727273
S,F,0,No,Partial High School,Manual,0,2,1-2 Miles,Europe,0,35-40,9.09090909090909
S,M,0,No,Partial High School,Manual,1,2,1-2 Miles,Europe,0,29-34,9.09090909090909
S,M,0,No,High School,Manual,1,1,2-5 Miles,Europe,1,29-34,18.1818181818182
S,F,2,Si,Partial College,Clerical,1,0,1-2 Miles,Europe,1,35-40,27.2727272727273
M,M,2,Si,Partial College,Clerical,1,1,1-2 Miles,Europe,1,35-40,27.2727272727273
M,M,2,Si,Partial College,Clerical,1,1,1-2 Miles,Europe,1,35-40,27.2727272727273
S,F,2,Si,Partial College,Clerical,1,2,1-2 Miles,Europe,0,35-40,27.2727272727273
M,M,3,Si,Partial College,Clerical,1,0,1-2 Miles,North America,0,29-34,27.2727272727273
S,M,3,Si,Partial College,Clerical,0,0,0-1 Miles,North America,1,29-34,27.2727272727273
M,M,3,Si,Partial College,Clerical,1,2,1-2 Miles,North America,0,35-40,27.2727272727273
S,F,3,Si,Partial College,Clerical,1,2,1-2 Miles,North America,1,35-40,27.2727272727273
S,M,3,Si,Partial College,Clerical,0,2,0-1 Miles,North America,0,35-40,27.2727272727273
M,F,0,No,Graduate Degree,Skilled Manual,1,0,1-2 Miles,North America,1,35-40,45.4545454545455
S,M,3,Si,Partial College,Clerical,1,2,1-2 Miles,North America,1,29-34,27.2727272727273
M,M,3,Si,Partial College,Clerical,1,2,1-2 Miles,North America,0,29-34,27.2727272727273
S,M,0,No,Graduate Degree,Skilled Manual,0,0,0-1 Miles,North America,0,41-45,72.7272727272727
S,F,0,No,Graduate Degree,Skilled Manual,1,0,1-2 Miles,North America,1,41-45,72.7272727272727
M,M,0,No,Graduate Degree,Skilled Manual,1,0,1-2 Miles,North America,1,41-45,72.7272727272727
S,F,3,No,Partial High School,Manual,0,2,0-1 Miles,North America,0,51-55,9.09090909090909
M,M,1,No,High School,Clerical,1,1,2-5 Miles,North America,1,46-50,18.1818181818182
S,M,1,No,High School,Clerical,0,1,5-10 Miles,North America,0,46-50,18.1818181818182
M,F,1,No,High School,Clerical,1,1,2-5 Miles,North America,1,35-40,18.1818181818182
M,F,1,No,Partial College,Clerical,1,1,0-1 Miles,North America,1,51-55,27.2727272727273
S,F,3,No,Partial High School,Clerical,1,2,1-2 Miles,North America,0,46-50,9.09090909090909
S,F,3,No,Partial High School,Clerical,1,2,1-2 Miles,North America,0,51-55,9.09090909090909
M,M,1,No,High School,Clerical,1,1,2-5 Miles,North America,1,46-50,18.1818181818182
S,F,1,No,High School,Clerical,0,1,10+ Miles,North America,0,51-55,18.1818181818182
M,F,3,No,Partial High School,Clerical,0,2,0-1 Miles,North America,0,51-55,9.09090909090909
S,M,3,No,Partial High School,Clerical,0,2,1-2 Miles,North America,0,51-55,9.09090909090909
M,M,2,No,High School,Skilled Manual,1,2,1-2 Miles,North America,0,51-55,18.1818181818182
M,F,2,Si,Partial High School,Clerical,1,2,1-2 Miles,North America,0,51-55,9.09090909090909
M,F,2,Si,Partial High School,Clerical,1,2,1-2 Miles,North America,0,41-45,9.09090909090909
S,M,2,Si,Partial High School,Clerical,1,2,1-2 Miles,North America,0,51-55,9.09090909090909
M,M,2,Si,Partial High School,Clerical,0,2,0-1 Miles,North America,0,46-50,9.09090909090909
M,F,2,Si,Partial High School,Clerical,0,2,0-1 Miles,North America,0,51-55,9.09090909090909
M,F,2,No,High School,Skilled Manual,1,2,1-2 Miles,North America,0,51-55,18.1818181818182
S,M,2,No,High School,Skilled Manual,1,2,1-2 Miles,North America,0,51-55,18.1818181818182
S,M,2,No,High School,Skilled Manual,1,2,1-2 Miles,North America,1,51-55,18.1818181818182
M,M,1,No,Partial College,Clerical,1,1,0-1 Miles,North America,0,51-55,27.2727272727273
S,M,2,No,Partial College,Clerical,1,1,1-2 Miles,North America,1,51-55,27.2727272727273
M,M,2,No,Partial College,Clerical,0,1,0-1 Miles,North America,0,51-55,27.2727272727273
S,M,2,No,Partial College,Clerical,0,1,1-2 Miles,North America,1,46-50,27.2727272727273
S,M,2,No,Partial College,Clerical,0,1,1-2 Miles,North America,1,41-45,27.2727272727273
M,M,2,No,Partial College,Clerical,0,1,0-1 Miles,North America,0,46-50,27.2727272727273
S,F,2,No,Partial College,Clerical,0,1,1-2 Miles,North America,1,46-50,27.2727272727273
S,M,2,No,Partial College,Clerical,0,1,1-2 Miles,North America,1,41-45,27.2727272727273
S,F,2,No,Partial College,Clerical,0,1,1-2 Miles,North America,1,46-50,27.2727272727273
S,M,2,No,Partial College,Clerical,0,1,0-1 Miles,North America,0,51-55,27.2727272727273
S,F,0,No,Graduate Degree,Skilled Manual,0,0,0-1 Miles,North America,0,35-40,45.4545454545455
M,F,0,No,Graduate Degree,Skilled Manual,1,0,1-2 Miles,North America,1,29-34,45.4545454545455
S,F,0,No,Graduate Degree,Skilled Manual,0,0,0-1 Miles,North America,0,35-40,45.4545454545455
S,M,0,No,Graduate Degree,Skilled Manual,1,0,1-2 Miles,North America,1,35-40,45.4545454545455
M,F,0,No,Graduate Degree,Skilled Manual,1,0,1-2 Miles,North America,1,35-40,45.4545454545455
S,M,0,No,Graduate Degree,Skilled Manual,0,0,0-1 Miles,North America,0,35-40,27.2727272727273
M,F,0,No,Graduate Degree,Skilled Manual,1,0,1-2 Miles,North America,1,35-40,27.2727272727273
S,F,0,No,Graduate Degree,Skilled Manual,0,0,0-1 Miles,North America,0,35-40,27.2727272727273
M,M,1,No,Graduate Degree,Skilled Manual,1,0,0-1 Miles,North America,0,29-34,27.2727272727273
M,F,1,No,Graduate Degree,Skilled Manual,1,0,0-1 Miles,North America,0,35-40,27.2727272727273
M,M,1,No,Graduate Degree,Skilled Manual,0,0,0-1 Miles,North America,0,35-40,27.2727272727273
M,F,1,No,Graduate Degree,Skilled Manual,1,0,0-1 Miles,North America,0,35-40,27.2727272727273
M,M,4,Si,High School,Skilled Manual,1,3,10+ Miles,North America,0,35-40,27.2727272727273
M,F,1,No,Graduate Degree,Skilled Manual,1,0,0-1 Miles,North America,0,35-40,45.4545454545455
M,F,1,No,Graduate Degree,Skilled Manual,1,0,0-1 Miles,North America,0,29-34,45.4545454545455
S,F,1,No,Graduate Degree,Skilled Manual,1,0,1-2 Miles,North America,0,35-40,45.4545454545455
M,M,1,No,Graduate Degree,Skilled Manual,1,0,1-2 Miles,North America,0,35-40,45.4545454545455
M,M,1,Si,Graduate Degree,Skilled Manual,0,0,0-1 Miles,North America,1,35-40,45.4545454545455
M,F,1,Si,Graduate Degree,Skilled Manual,1,0,0-1 Miles,North America,1,35-40,45.4545454545455
M,F,1,Si,Bachelors,Skilled Manual,1,0,2-5 Miles,North America,1,35-40,45.4545454545455
M,M,1,Si,Bachelors,Skilled Manual,1,0,2-5 Miles,North America,1,35-40,45.4545454545455
M,F,1,Si,Bachelors,Skilled Manual,1,0,0-1 Miles,North America,1,35-40,45.4545454545455
M,M,1,No,Graduate Degree,Skilled Manual,1,0,2-5 Miles,North America,1,35-40,45.4545454545455
S,M,1,No,Graduate Degree,Skilled Manual,1,0,2-5 Miles,North America,1,35-40,45.4545454545455
M,M,1,No,Graduate Degree,Skilled Manual,1,0,2-5 Miles,North America,1,35-40,45.4545454545455
M,M,1,No,Graduate Degree,Skilled Manual,1,0,2-5 Miles,North America,1,35-40,45.4545454545455
M,M,1,No,Graduate Degree,Professional,1,0,2-5 Miles,North America,1,29-34,45.4545454545455
S,F,2,No,Graduate Degree,Professional,1,0,2-5 Miles,North America,1,35-40,63.6363636363636
M,M,1,Si,Bachelors,Skilled Manual,0,0,0-1 Miles,North America,1,35-40,27.2727272727273
M,M,1,Si,Bachelors,Skilled Manual,1,0,0-1 Miles,North America,1,35-40,27.2727272727273
M,F,1,Si,Bachelors,Skilled Manual,1,0,0-1 Miles,North America,1,35-40,27.2727272727273
M,M,1,Si,Bachelors,Skilled Manual,1,0,2-5 Miles,North America,1,35-40,27.2727272727273
M,F,1,Si,Bachelors,Skilled Manual,1,1,2-5 Miles,North America,1,35-40,45.4545454545455
M,F,2,Si,Bachelors,Skilled Manual,1,0,2-5 Miles,North America,1,35-40,45.4545454545455
S,M,2,Si,Bachelors,Skilled Manual,0,0,0-1 Miles,North America,1,41-45,45.4545454545455
S,F,1,No,Graduate Degree,Professional,0,0,0-1 Miles,North America,1,35-40,45.4545454545455
M,F,1,No,Graduate Degree,Professional,0,0,0-1 Miles,North America,1,35-40,45.4545454545455
S,F,1,No,Graduate Degree,Professional,0,0,0-1 Miles,North America,1,35-40,45.4545454545455
M,M,1,No,Graduate Degree,Professional,1,0,2-5 Miles,North America,1,29-34,45.4545454545455
S,F,2,No,Graduate Degree,Professional,0,0,0-1 Miles,North America,1,35-40,63.6363636363636
M,M,2,No,Graduate Degree,Professional,1,0,2-5 Miles,North America,1,35-40,63.6363636363636
M,F,3,No,Graduate Degree,Professional,1,0,2-5 Miles,North America,1,35-40,63.6363636363636
M,F,1,No,Graduate Degree,Professional,1,0,2-5 Miles,North America,1,41-45,45.4545454545455
S,F,2,Si,Bachelors,Skilled Manual,1,0,2-5 Miles,North America,1,35-40,63.6363636363636
S,F,2,Si,Bachelors,Skilled Manual,1,0,2-5 Miles,North America,1,41-45,63.6363636363636
S,F,2,Si,Bachelors,Skilled Manual,0,1,0-1 Miles,North America,1,41-45,63.6363636363636
S,F,2,Si,Bachelors,Skilled Manual,1,1,2-5 Miles,North America,1,41-45,63.6363636363636
S,M,0,No,Bachelors,Professional,0,1,2-5 Miles,North America,1,35-40,27.2727272727273
S,M,0,No,Bachelors,Professional,0,1,2-5 Miles,North America,1,35-40,27.2727272727273
S,M,1,No,Graduate Degree,Professional,0,0,0-1 Miles,North America,1,29-34,45.4545454545455
S,M,2,No,Graduate Degree,Professional,0,0,0-1 Miles,North America,1,35-40,45.4545454545455
M,F,2,No,Graduate Degree,Professional,1,0,2-5 Miles,North America,1,35-40,45.4545454545455
M,M,2,No,Graduate Degree,Professional,1,0,2-5 Miles,North America,1,35-40,45.4545454545455
S,F,3,No,Graduate Degree,Professional,0,0,0-1 Miles,North America,1,29-34,63.6363636363636
S,F,0,No,Bachelors,Professional,0,1,0-1 Miles,North America,0,41-45,27.2727272727273
M,M,2,Si,Bachelors,Skilled Manual,1,1,2-5 Miles,North America,1,41-45,45.4545454545455
S,M,2,Si,Bachelors,Skilled Manual,1,1,2-5 Miles,North America,1,41-45,45.4545454545455
S,M,3,Si,Bachelors,Skilled Manual,1,0,2-5 Miles,North America,0,35-40,72.7272727272727
S,M,3,Si,Bachelors,Skilled Manual,1,1,2-5 Miles,North America,1,41-45,72.7272727272727
M,M,0,No,Graduate Degree,Professional,0,0,0-1 Miles,North America,0,35-40,45.4545454545455
M,F,0,No,High School,Skilled Manual,1,2,5-10 Miles,North America,0,29-34,27.2727272727273
S,F,0,No,High School,Skilled Manual,0,2,1-2 Miles,North America,0,29-34,27.2727272727273
M,F,0,No,Partial College,Skilled Manual,1,1,5-10 Miles,North America,0,29-34,27.2727272727273
S,F,0,No,Partial College,Skilled Manual,0,1,1-2 Miles,North America,0,29-34,27.2727272727273
M,M,0,No,Partial College,Skilled Manual,1,1,5-10 Miles,North America,0,35-40,45.4545454545455
S,M,0,No,Partial College,Skilled Manual,1,1,5-10 Miles,North America,0,35-40,45.4545454545455
M,F,0,No,Partial College,Skilled Manual,1,1,5-10 Miles,North America,0,35-40,45.4545454545455
M,M,0,No,Partial College,Skilled Manual,1,1,5-10 Miles,North America,0,35-40,45.4545454545455
S,F,0,No,Partial College,Skilled Manual,1,2,5-10 Miles,North America,1,29-34,63.6363636363636
M,M,0,No,Partial College,Skilled Manual,1,2,5-10 Miles,North America,1,29-34,63.6363636363636
S,F,0,No,Partial College,Skilled Manual,1,2,5-10 Miles,North America,1,35-40,63.6363636363636
S,F,0,Si,Partial High School,Management,0,4,10+ Miles,Pacific,0,29-34,90.9090909090909
M,M,4,Si,Partial College,Professional,1,1,10+ Miles,North America,0,56-65,63.6363636363636
M,F,4,Si,Partial College,Professional,1,1,10+ Miles,North America,0,56-65,63.6363636363636
S,M,2,Si,Partial College,Professional,1,3,5-10 Miles,Europe,0,51-55,90.9090909090909
M,M,2,Si,Partial College,Professional,1,2,0-1 Miles,Europe,1,51-55,90.9090909090909
S,M,2,Si,High School,Professional,0,4,5-10 Miles,Europe,0,51-55,90.9090909090909
M,M,2,Si,High School,Professional,1,4,0-1 Miles,Europe,0,51-55,90.9090909090909
S,M,3,Si,Bachelors,Management,0,3,5-10 Miles,Europe,0,51-55,90.9090909090909
S,F,4,Si,Bachelors,Management,0,3,0-1 Miles,Europe,1,51-55,90.9090909090909
M,M,2,Si,Partial College,Professional,1,4,5-10 Miles,Europe,0,51-55,90.9090909090909
M,F,2,Si,Partial College,Professional,1,4,5-10 Miles,Europe,0,51-55,90.9090909090909
M,M,3,Si,High School,Professional,1,4,5-10 Miles,Europe,0,51-55,90.9090909090909
S,F,3,Si,High School,Professional,0,4,0-1 Miles,Europe,0,46-50,90.9090909090909
S,M,2,Si,High School,Professional,1,2,10+ Miles,Europe,1,41-45,81.8181818181818
M,M,2,Si,High School,Professional,1,4,10+ Miles,Europe,0,51-55,81.8181818181818
S,M,2,Si,Partial High School,Professional,0,4,5-10 Miles,Europe,0,51-55,90.9090909090909
M,F,5,No,Bachelors,Management,1,2,10+ Miles,Europe,0,56-65,72.7272727272727
M,F,5,No,Bachelors,Management,0,2,2-5 Miles,Europe,0,56-65,72.7272727272727
M,F,5,No,Partial College,Professional,1,2,10+ Miles,Europe,0,56-65,81.8181818181818
S,F,4,Si,Partial College,Professional,0,4,0-1 Miles,Europe,0,56-65,90.9090909090909
S,F,4,Si,Partial College,Professional,0,4,5-10 Miles,Europe,0,56-65,90.9090909090909
M,F,5,No,Partial College,Professional,1,2,10+ Miles,Europe,0,56-65,72.7272727272727
M,M,2,Si,Bachelors,Management,1,4,10+ Miles,Europe,0,56-65,81.8181818181818
S,M,3,Si,Bachelors,Management,1,4,10+ Miles,Europe,0,56-65,90.9090909090909
M,M,4,Si,High School,Professional,1,1,10+ Miles,Europe,0,56-65,63.6363636363636
S,F,4,Si,Partial College,Professional,0,2,2-5 Miles,Europe,0,56-65,72.7272727272727
S,F,3,Si,Partial College,Professional,0,4,0-1 Miles,Europe,0,51-55,90.9090909090909
M,M,4,Si,High School,Professional,1,1,0-1 Miles,Europe,0,51-55,90.9090909090909
S,F,2,Si,Bachelors,Management,0,1,10+ Miles,Europe,0,56-65,90.9090909090909
M,F,2,Si,Bachelors,Management,1,2,10+ Miles,Europe,1,56-65,90.9090909090909
S,F,2,Si,Bachelors,Management,0,2,10+ Miles,Europe,1,56-65,90.9090909090909
M,F,4,Si,Partial College,Professional,1,2,0-1 Miles,Europe,0,46-50,90.9090909090909
M,M,5,Si,Partial High School,Skilled Manual,0,2,2-5 Miles,Europe,1,56-65,63.6363636363636
M,F,4,Si,High School,Professional,1,3,10+ Miles,Europe,0,56-65,72.7272727272727
M,M,4,Si,High School,Professional,1,2,10+ Miles,Europe,0,51-55,72.7272727272727
M,M,4,Si,Partial College,Professional,0,3,10+ Miles,Europe,0,56-65,90.9090909090909
S,F,0,Si,Partial College,Management,0,4,10+ Miles,Europe,0,56-65,90.9090909090909
M,M,4,Si,High School,Management,1,3,10+ Miles,Europe,0,51-55,81.8181818181818
S,F,4,Si,High School,Management,1,3,10+ Miles,Europe,0,56-65,81.8181818181818
M,M,4,Si,High School,Management,1,3,10+ Miles,Europe,0,56-65,81.8181818181818
M,M,3,Si,Partial College,Management,1,4,10+ Miles,Europe,0,56-65,81.8181818181818
S,F,4,Si,Bachelors,Management,0,4,10+ Miles,Europe,0,56-65,90.9090909090909
M,F,0,Si,Partial College,Management,0,4,10+ Miles,Europe,0,56-65,90.9090909090909
S,M,5,Si,High School,Management,1,3,10+ Miles,Europe,0,51-55,72.7272727272727
M,F,3,Si,Partial College,Management,1,4,0-1 Miles,Europe,1,56-65,90.9090909090909
S,F,5,Si,High School,Management,0,4,5-10 Miles,Europe,0,56-65,72.7272727272727
M,F,4,Si,High School,Management,0,4,10+ Miles,Europe,0,56-65,90.9090909090909
M,F,5,No,Partial High School,Skilled Manual,1,2,10+ Miles,Europe,0,56-65,81.8181818181818
S,F,4,Si,High School,Management,0,4,10+ Miles,Europe,0,56-65,90.9090909090909
M,M,5,Si,High School,Management,0,4,10+ Miles,Europe,0,46-50,90.9090909090909
M,M,0,No,Bachelors,Professional,1,3,10+ Miles,Pacific,0,29-34,45.4545454545455
S,M,0,No,Bachelors,Professional,0,2,10+ Miles,Pacific,1,29-34,63.6363636363636
S,F,0,No,Bachelors,Professional,0,2,10+ Miles,Pacific,0,29-34,63.6363636363636
M,M,0,No,Bachelors,Professional,1,2,10+ Miles,Pacific,0,29-34,63.6363636363636
S,M,0,No,Bachelors,Professional,0,2,10+ Miles,Pacific,0,29-34,63.6363636363636
S,M,0,No,Bachelors,Professional,1,2,10+ Miles,Pacific,1,29-34,72.7272727272727
S,F,0,No,Bachelors,Professional,0,2,10+ Miles,Pacific,1,29-34,72.7272727272727
S,F,0,No,Bachelors,Professional,0,3,10+ Miles,Pacific,0,29-34,63.6363636363636
M,M,0,No,Bachelors,Professional,1,2,10+ Miles,Pacific,0,29-34,72.7272727272727
M,M,0,No,Bachelors,Professional,1,3,10+ Miles,Pacific,0,29-34,72.7272727272727
M,M,0,No,Bachelors,Professional,1,3,10+ Miles,Pacific,0,29-34,63.6363636363636
M,F,0,No,Bachelors,Professional,1,3,10+ Miles,Pacific,0,35-40,63.6363636363636
M,M,0,No,Bachelors,Professional,0,3,10+ Miles,Pacific,0,35-40,63.6363636363636
S,M,0,No,Bachelors,Professional,0,2,10+ Miles,Pacific,1,29-34,81.8181818181818
M,F,0,No,Bachelors,Professional,1,3,10+ Miles,Pacific,0,35-40,72.7272727272727
S,M,0,No,Bachelors,Professional,0,3,10+ Miles,Pacific,0,29-34,72.7272727272727
M,F,0,No,Bachelors,Professional,1,3,10+ Miles,Pacific,0,35-40,72.7272727272727
M,M,0,No,Bachelors,Professional,0,3,10+ Miles,Pacific,0,35-40,72.7272727272727
M,F,0,No,Bachelors,Professional,1,3,10+ Miles,Pacific,1,35-40,72.7272727272727
S,F,0,No,Bachelors,Professional,0,3,10+ Miles,Pacific,0,35-40,72.7272727272727
M,M,0,No,Bachelors,Professional,1,3,10+ Miles,Pacific,0,35-40,81.8181818181818
S,M,0,No,Bachelors,Professional,0,3,10+ Miles,Pacific,0,35-40,81.8181818181818
M,F,0,No,Bachelors,Professional,0,3,10+ Miles,Pacific,0,29-34,81.8181818181818
M,M,0,No,Bachelors,Professional,1,3,10+ Miles,Pacific,0,35-40,72.7272727272727
S,M,0,No,Bachelors,Professional,1,4,10+ Miles,Pacific,0,29-34,72.7272727272727
M,M,0,Si,Partial High School,Professional,1,4,10+ Miles,Pacific,0,35-40,90.9090909090909
S,F,0,Si,Partial High School,Professional,0,4,10+ Miles,Pacific,1,29-34,90.9090909090909
S,M,4,Si,High School,Management,1,4,0-1 Miles,Pacific,1,35-40,90.9090909090909
S,M,0,No,Bachelors,Professional,1,3,10+ Miles,Pacific,0,29-34,81.8181818181818
M,F,0,No,Bachelors,Professional,0,3,10+ Miles,Pacific,0,35-40,81.8181818181818
S,M,0,Si,High School,Management,0,2,10+ Miles,Pacific,1,29-34,81.8181818181818
S,F,0,Si,High School,Management,1,2,10+ Miles,Pacific,1,29-34,81.8181818181818
M,M,0,Si,High School,Management,1,3,10+ Miles,Pacific,1,35-40,81.8181818181818
S,M,0,No,Bachelors,Professional,0,4,10+ Miles,Pacific,0,35-40,72.7272727272727
S,F,0,No,Bachelors,Professional,1,4,10+ Miles,Pacific,0,35-40,72.7272727272727
S,F,0,Si,Partial High School,Professional,1,4,10+ Miles,Pacific,1,29-34,90.9090909090909
M,M,4,Si,High School,Management,0,4,10+ Miles,Pacific,0,35-40,90.9090909090909
M,M,4,Si,High School,Management,1,4,0-1 Miles,Pacific,0,35-40,90.9090909090909
M,F,3,Si,Partial High School,Professional,0,4,10+ Miles,Pacific,0,35-40,90.9090909090909
S,M,0,Si,High School,Management,0,4,10+ Miles,Pacific,1,35-40,81.8181818181818
S,M,0,Si,High School,Management,0,4,10+ Miles,Pacific,1,35-40,81.8181818181818
S,M,0,Si,High School,Management,0,4,10+ Miles,Pacific,1,35-40,90.9090909090909
S,M,4,No,High School,Professional,1,2,5-10 Miles,North America,0,51-55,27.2727272727273
M,F,4,No,High School,Professional,1,2,5-10 Miles,North America,0,56-65,27.2727272727273
S,F,4,No,High School,Professional,0,2,1-2 Miles,North America,1,51-55,27.2727272727273
S,F,4,No,High School,Professional,0,2,1-2 Miles,North America,0,56-65,18.1818181818182
S,M,4,No,High School,Professional,1,2,5-10 Miles,North America,0,56-65,18.1818181818182
M,M,4,No,High School,Professional,1,2,5-10 Miles,North America,0,56-65,18.1818181818182
S,F,3,No,Graduate Degree,Management,1,2,10+ Miles,North America,0,65+,45.4545454545455
S,M,3,No,Graduate Degree,Management,0,2,1-2 Miles,North America,0,65+,45.4545454545455
S,F,3,No,Graduate Degree,Management,1,2,10+ Miles,North America,0,65+,45.4545454545455
S,M,3,No,Graduate Degree,Management,0,2,1-2 Miles,North America,0,65+,45.4545454545455
S,F,3,No,Graduate Degree,Management,0,2,1-2 Miles,North America,0,65+,45.4545454545455
M,M,4,No,High School,Professional,1,2,10+ Miles,North America,0,56-65,27.2727272727273
S,F,3,No,Bachelors,Management,0,2,1-2 Miles,North America,0,65+,45.4545454545455
S,M,3,No,Bachelors,Management,1,2,10+ Miles,North America,0,65+,45.4545454545455
M,F,3,No,Bachelors,Management,1,2,10+ Miles,North America,0,65+,45.4545454545455
M,M,3,No,Bachelors,Management,1,2,10+ Miles,North America,0,65+,45.4545454545455
S,F,3,No,Bachelors,Management,0,2,1-2 Miles,North America,0,65+,45.4545454545455
S,M,3,No,Graduate Degree,Management,0,2,1-2 Miles,North America,0,65+,45.4545454545455
S,F,3,No,Bachelors,Management,0,2,1-2 Miles,North America,0,65+,45.4545454545455
S,M,4,No,Bachelors,Management,0,2,1-2 Miles,North America,0,56-65,45.4545454545455
M,F,4,No,Bachelors,Management,1,2,10+ Miles,North America,0,65+,45.4545454545455
S,M,4,No,Bachelors,Management,0,2,1-2 Miles,North America,0,65+,45.4545454545455
M,M,4,No,Bachelors,Management,0,2,1-2 Miles,North America,0,65+,45.4545454545455
S,F,4,No,Bachelors,Management,1,2,10+ Miles,North America,0,65+,45.4545454545455
S,M,5,No,Partial High School,Clerical,0,2,10+ Miles,North America,1,65+,18.1818181818182
S,F,5,No,Partial High School,Clerical,1,2,10+ Miles,North America,1,65+,18.1818181818182
S,F,5,No,Partial High School,Clerical,1,2,10+ Miles,North America,1,56-65,18.1818181818182
S,M,4,No,High School,Professional,1,2,10+ Miles,North America,0,56-65,27.2727272727273
S,M,4,No,High School,Professional,0,2,1-2 Miles,North America,0,56-65,27.2727272727273
M,F,5,No,Partial High School,Clerical,0,3,1-2 Miles,North America,1,56-65,18.1818181818182
S,M,5,No,High School,Professional,0,4,2-5 Miles,North America,0,56-65,27.2727272727273
S,F,2,Si,High School,Professional,1,1,10+ Miles,North America,0,56-65,27.2727272727273
M,F,2,Si,High School,Professional,0,1,2-5 Miles,North America,0,46-50,27.2727272727273
S,M,2,Si,High School,Professional,0,1,2-5 Miles,North America,1,56-65,27.2727272727273
M,F,2,Si,High School,Professional,1,2,10+ Miles,North America,0,56-65,27.2727272727273
M,M,2,Si,Bachelors,Management,0,1,2-5 Miles,North America,0,56-65,63.6363636363636
S,M,2,Si,Bachelors,Management,1,1,10+ Miles,North America,0,56-65,63.6363636363636
S,M,2,Si,Bachelors,Management,0,1,2-5 Miles,North America,1,51-55,63.6363636363636
M,F,2,Si,Partial College,Professional,1,1,10+ Miles,North America,0,56-65,63.6363636363636
M,F,2,Si,Partial College,Professional,1,2,10+ Miles,North America,0,56-65,63.6363636363636
M,M,4,Si,Bachelors,Management,1,2,10+ Miles,North America,1,46-50,63.6363636363636
S,M,2,Si,Partial College,Professional,1,2,10+ Miles,North America,0,56-65,45.4545454545455
S,M,2,Si,Partial College,Professional,1,2,10+ Miles,North America,0,56-65,45.4545454545455
S,M,2,Si,Partial College,Professional,1,2,10+ Miles,North America,0,56-65,45.4545454545455
S,M,2,Si,Bachelors,Management,0,0,2-5 Miles,North America,1,56-65,45.4545454545455
M,M,2,Si,Bachelors,Management,1,0,10+ Miles,North America,0,51-55,45.4545454545455
S,F,2,Si,Bachelors,Management,0,0,2-5 Miles,North America,1,56-65,45.4545454545455
M,F,4,Si,Partial College,Professional,1,2,10+ Miles,North America,1,56-65,63.6363636363636
M,M,2,Si,Partial High School,Skilled Manual,1,2,10+ Miles,North America,0,51-55,27.2727272727273
S,F,2,Si,Partial High School,Skilled Manual,1,3,10+ Miles,North America,1,51-55,27.2727272727273
M,M,2,Si,Partial College,Professional,1,2,10+ Miles,North America,0,56-65,45.4545454545455
M,F,2,Si,Partial College,Professional,1,2,10+ Miles,North America,0,56-65,45.4545454545455
S,M,2,Si,Partial College,Professional,0,2,2-5 Miles,North America,1,56-65,45.4545454545455
M,M,2,Si,High School,Professional,0,2,2-5 Miles,North America,1,56-65,45.4545454545455
M,M,2,Si,Partial College,Professional,1,1,10+ Miles,North America,0,56-65,45.4545454545455
S,M,4,Si,Partial College,Professional,0,1,1-2 Miles,North America,1,56-65,63.6363636363636
S,M,3,Si,Bachelors,Management,1,1,5-10 Miles,North America,0,51-55,72.7272727272727
S,M,2,Si,High School,Professional,1,2,10+ Miles,North America,0,56-65,45.4545454545455
S,F,2,Si,High School,Professional,1,2,10+ Miles,North America,0,56-65,45.4545454545455
M,M,2,Si,Partial College,Professional,1,1,10+ Miles,North America,0,56-65,45.4545454545455
S,F,2,Si,Partial College,Professional,1,2,10+ Miles,North America,0,51-55,45.4545454545455
S,M,2,Si,Partial College,Professional,1,2,10+ Miles,North America,0,56-65,45.4545454545455
M,F,2,Si,Partial High School,Skilled Manual,0,3,2-5 Miles,North America,0,56-65,27.2727272727273
S,M,2,Si,High School,Professional,0,2,2-5 Miles,North America,1,51-55,63.6363636363636
S,M,2,Si,Partial High School,Skilled Manual,1,2,10+ Miles,North America,0,56-65,63.6363636363636
S,M,2,Si,Partial High School,Skilled Manual,1,2,10+ Miles,North America,0,56-65,63.6363636363636
M,M,2,Si,Partial High School,Skilled Manual,1,2,10+ Miles,North America,0,51-55,63.6363636363636
M,M,2,Si,Partial High School,Skilled Manual,1,2,10+ Miles,North America,0,41-45,63.6363636363636
S,F,2,Si,Partial High School,Skilled Manual,0,2,2-5 Miles,North America,1,56-65,63.6363636363636
M,F,3,Si,High School,Professional,0,2,2-5 Miles,North America,0,51-55,45.4545454545455
M,M,3,Si,High School,Professional,0,2,2-5 Miles,North America,0,56-65,45.4545454545455
S,M,3,Si,Partial High School,Skilled Manual,1,2,10+ Miles,North America,0,56-65,45.4545454545455
M,F,3,Si,Partial High School,Skilled Manual,1,2,10+ Miles,North America,0,46-50,45.4545454545455
M,M,0,No,Graduate Degree,Professional,0,0,0-1 Miles,North America,0,41-45,45.4545454545455
S,F,0,No,Graduate Degree,Professional,0,0,0-1 Miles,North America,0,41-45,45.4545454545455
S,M,5,Si,Graduate Degree,Professional,0,2,0-1 Miles,North America,0,29-34,63.6363636363636
S,F,5,Si,Graduate Degree,Professional,0,2,0-1 Miles,North America,0,35-40,63.6363636363636
S,M,0,No,Bachelors,Management,1,1,1-2 Miles,North America,1,35-40,72.7272727272727
M,M,0,No,Bachelors,Management,1,1,1-2 Miles,North America,1,41-45,72.7272727272727
M,M,0,No,Bachelors,Management,1,1,1-2 Miles,North America,1,41-45,72.7272727272727
S,F,4,Si,Bachelors,Management,1,1,1-2 Miles,North America,1,41-45,81.8181818181818
S,F,0,No,Graduate Degree,Management,0,4,1-2 Miles,North America,0,41-45,90.9090909090909
S,F,4,Si,Bachelors,Management,0,0,0-1 Miles,North America,0,46-50,72.7272727272727
M,M,4,Si,Bachelors,Management,1,0,1-2 Miles,North America,0,46-50,72.7272727272727
S,M,2,Si,Bachelors,Management,0,3,0-1 Miles,North America,1,35-40,90.9090909090909
S,F,0,No,High School,Skilled Manual,1,2,5-10 Miles,North America,0,29-34,27.2727272727273
S,M,0,No,Partial College,Skilled Manual,1,1,5-10 Miles,North America,0,29-34,27.2727272727273
S,F,0,No,Partial College,Skilled Manual,0,1,1-2 Miles,North America,0,29-34,27.2727272727273
S,M,0,No,Partial College,Skilled Manual,1,1,5-10 Miles,North America,0,29-34,27.2727272727273
S,M,5,No,High School,Skilled Manual,0,2,1-2 Miles,Pacific,0,56-65,9.09090909090909
M,F,3,No,High School,Skilled Manual,1,2,5-10 Miles,Pacific,1,56-65,9.09090909090909
M,F,4,No,High School,Skilled Manual,1,2,5-10 Miles,Pacific,1,56-65,9.09090909090909
M,F,0,No,Partial College,Skilled Manual,1,2,5-10 Miles,North America,1,29-34,45.4545454545455
S,F,0,No,Partial College,Skilled Manual,0,1,1-2 Miles,North America,0,29-34,18.1818181818182
S,F,0,No,Partial College,Skilled Manual,0,2,1-2 Miles,North America,1,29-34,45.4545454545455
S,F,0,No,Partial College,Skilled Manual,1,2,5-10 Miles,North America,1,29-34,45.4545454545455
S,M,0,No,Partial College,Skilled Manual,0,2,5-10 Miles,North America,1,29-34,45.4545454545455
S,M,2,Si,Partial High School,Clerical,1,2,5-10 Miles,Pacific,0,56-65,9.09090909090909
M,M,4,No,High School,Skilled Manual,1,2,5-10 Miles,Pacific,1,56-65,9.09090909090909
S,M,4,No,High School,Skilled Manual,0,2,1-2 Miles,Pacific,1,51-55,9.09090909090909
S,M,2,No,Partial College,Clerical,1,2,5-10 Miles,Pacific,1,56-65,18.1818181818182
S,F,2,No,Partial College,Clerical,0,2,1-2 Miles,Pacific,1,56-65,18.1818181818182
M,M,2,No,Bachelors,Management,1,2,5-10 Miles,Pacific,1,56-65,27.2727272727273
M,M,2,No,Bachelors,Management,1,2,5-10 Miles,Pacific,1,56-65,27.2727272727273
S,F,4,No,High School,Skilled Manual,0,2,1-2 Miles,Pacific,1,56-65,9.09090909090909
S,M,4,No,High School,Skilled Manual,1,2,5-10 Miles,Pacific,1,56-65,9.09090909090909
S,F,0,No,Partial College,Skilled Manual,1,2,5-10 Miles,North America,1,29-34,45.4545454545455
S,F,0,No,Bachelors,Professional,0,2,1-2 Miles,North America,0,29-34,27.2727272727273
S,F,0,No,Bachelors,Professional,0,2,5-10 Miles,North America,0,29-34,27.2727272727273
S,F,0,No,Bachelors,Professional,0,2,1-2 Miles,North America,0,29-34,27.2727272727273
S,F,0,No,Partial College,Skilled Manual,0,1,1-2 Miles,North America,0,29-34,27.2727272727273
S,M,0,No,Partial College,Skilled Manual,1,2,5-10 Miles,North America,0,29-34,27.2727272727273
S,F,0,No,Partial College,Skilled Manual,0,2,1-2 Miles,North America,0,29-34,45.4545454545455
S,M,0,No,Partial College,Skilled Manual,1,2,5-10 Miles,North America,0,29-34,63.6363636363636
M,F,0,No,Partial College,Skilled Manual,1,2,5-10 Miles,North America,0,29-34,63.6363636363636
M,M,0,No,Partial College,Skilled Manual,0,2,1-2 Miles,North America,0,29-34,45.4545454545455
M,F,2,Si,Partial High School,Clerical,1,2,5-10 Miles,Pacific,1,56-65,9.09090909090909
S,M,2,Si,Partial High School,Clerical,1,2,5-10 Miles,Pacific,1,51-55,9.09090909090909
S,F,2,Si,Partial High School,Clerical,1,2,5-10 Miles,Pacific,1,51-55,9.09090909090909
S,F,2,Si,Partial High School,Clerical,1,2,5-10 Miles,Pacific,0,56-65,9.09090909090909
S,F,2,Si,Partial High School,Clerical,1,2,5-10 Miles,Pacific,1,56-65,9.09090909090909
M,M,2,Si,Partial High School,Clerical,1,2,5-10 Miles,Pacific,1,56-65,9.09090909090909
S,M,2,Si,Partial High School,Clerical,0,2,1-2 Miles,Pacific,1,56-65,9.09090909090909
M,M,2,Si,Partial High School,Clerical,1,2,5-10 Miles,Pacific,1,56-65,9.09090909090909
S,F,2,Si,Partial High School,Clerical,1,2,5-10 Miles,Pacific,1,56-65,9.09090909090909
S,M,0,No,Bachelors,Professional,1,2,5-10 Miles,North America,0,29-34,27.2727272727273
M,F,2,Si,Partial High School,Clerical,0,2,1-2 Miles,Pacific,1,56-65,9.09090909090909
M,F,2,Si,Partial High School,Clerical,1,2,5-10 Miles,Pacific,1,56-65,9.09090909090909
S,M,2,Si,Partial High School,Clerical,0,3,1-2 Miles,Pacific,0,46-50,9.09090909090909
M,M,2,Si,Partial High School,Clerical,1,3,5-10 Miles,Pacific,0,56-65,9.09090909090909
M,M,3,No,High School,Skilled Manual,1,2,5-10 Miles,Pacific,1,56-65,18.1818181818182
M,M,3,No,High School,Skilled Manual,0,2,1-2 Miles,Pacific,1,56-65,18.1818181818182
M,F,2,No,Partial College,Skilled Manual,1,2,5-10 Miles,Pacific,1,56-65,27.2727272727273
S,F,2,No,Partial College,Skilled Manual,1,2,5-10 Miles,Pacific,1,56-65,27.2727272727273
M,M,2,No,Partial College,Skilled Manual,0,2,1-2 Miles,Pacific,1,56-65,27.2727272727273
M,M,2,No,Partial College,Skilled Manual,1,2,5-10 Miles,Pacific,1,56-65,27.2727272727273
S,F,3,No,Partial High School,Clerical,1,2,5-10 Miles,Pacific,0,46-50,27.2727272727273
S,F,3,No,Partial High School,Clerical,1,2,5-10 Miles,Pacific,0,46-50,27.2727272727273
S,F,2,No,Partial College,Skilled Manual,0,2,1-2 Miles,Pacific,1,41-45,72.7272727272727
M,M,2,No,Partial College,Skilled Manual,1,2,5-10 Miles,Pacific,1,46-50,72.7272727272727
M,M,0,No,Partial College,Skilled Manual,0,2,1-2 Miles,North America,0,29-34,27.2727272727273
M,F,0,No,High School,Skilled Manual,1,2,5-10 Miles,North America,0,29-34,27.2727272727273
S,M,0,No,High School,Skilled Manual,0,2,1-2 Miles,North America,1,35-40,27.2727272727273
S,F,0,No,High School,Skilled Manual,1,2,5-10 Miles,North America,0,29-34,27.2727272727273
S,M,0,No,Partial College,Skilled Manual,0,2,1-2 Miles,North America,1,29-34,45.4545454545455
M,F,0,No,High School,Skilled Manual,1,2,5-10 Miles,North America,0,35-40,45.4545454545455
S,F,0,No,Partial College,Skilled Manual,1,2,5-10 Miles,North America,1,35-40,45.4545454545455
S,M,0,No,Partial College,Professional,0,2,0-1 Miles,North America,1,29-34,63.6363636363636
S,M,0,No,Partial College,Professional,0,2,1-2 Miles,North America,0,29-34,45.4545454545455
S,F,2,No,High School,Skilled Manual,0,2,1-2 Miles,Pacific,1,51-55,72.7272727272727
M,M,2,No,High School,Skilled Manual,1,2,5-10 Miles,Pacific,1,41-45,72.7272727272727
M,F,2,No,High School,Skilled Manual,1,2,5-10 Miles,Pacific,1,51-55,63.6363636363636
M,F,1,No,Bachelors,Management,1,3,2-5 Miles,Pacific,0,35-40,81.8181818181818
S,M,1,No,Bachelors,Management,0,3,0-1 Miles,Pacific,0,46-50,81.8181818181818
S,M,1,No,Bachelors,Management,0,3,0-1 Miles,Pacific,0,51-55,81.8181818181818
S,M,1,No,Bachelors,Management,0,3,0-1 Miles,Pacific,0,51-55,81.8181818181818
S,F,1,No,Bachelors,Management,1,4,2-5 Miles,Pacific,0,51-55,81.8181818181818
S,F,1,Si,Bachelors,Management,1,3,2-5 Miles,Pacific,0,51-55,81.8181818181818
M,M,1,Si,Bachelors,Management,1,3,2-5 Miles,Pacific,0,51-55,81.8181818181818
M,F,1,Si,Bachelors,Management,1,3,2-5 Miles,Pacific,0,46-50,81.8181818181818
M,M,0,No,High School,Professional,1,2,5-10 Miles,North America,0,35-40,45.4545454545455
M,F,0,No,Partial College,Professional,1,2,5-10 Miles,North America,0,35-40,45.4545454545455
S,F,0,No,Partial College,Professional,0,2,1-2 Miles,North America,1,35-40,45.4545454545455
M,M,2,Si,Bachelors,Management,1,3,2-5 Miles,North America,0,41-45,90.9090909090909
M,F,0,Si,Graduate Degree,Management,1,3,0-1 Miles,North America,1,29-34,90.9090909090909
M,M,1,Si,Graduate Degree,Management,1,4,0-1 Miles,North America,0,41-45,90.9090909090909
M,F,2,No,Partial High School,Skilled Manual,1,2,5-10 Miles,North America,0,51-55,63.6363636363636
S,M,0,No,Bachelors,Professional,0,1,2-5 Miles,North America,0,35-40,27.2727272727273
S,F,0,No,Bachelors,Professional,1,1,2-5 Miles,North America,1,41-45,27.2727272727273
S,F,4,Si,Bachelors,Skilled Manual,0,2,0-1 Miles,North America,0,46-50,45.4545454545455
M,M,4,Si,Bachelors,Skilled Manual,0,3,10+ Miles,North America,0,46-50,45.4545454545455
M,M,4,Si,Bachelors,Skilled Manual,1,2,2-5 Miles,North America,1,41-45,45.4545454545455
M,F,4,Si,Bachelors,Skilled Manual,1,2,2-5 Miles,North America,1,41-45,45.4545454545455
M,M,4,Si,Bachelors,Skilled Manual,1,2,2-5 Miles,North America,1,41-45,63.6363636363636
M,M,4,Si,Bachelors,Professional,1,2,2-5 Miles,North America,1,35-40,63.6363636363636
S,F,2,Si,Graduate Degree,Professional,0,0,0-1 Miles,North America,1,41-45,45.4545454545455
S,M,3,Si,Graduate Degree,Professional,1,0,2-5 Miles,North America,1,35-40,45.4545454545455
S,F,1,No,Bachelors,Professional,0,1,0-1 Miles,North America,1,41-45,45.4545454545455
M,F,1,No,Bachelors,Professional,1,1,2-5 Miles,North America,1,41-45,45.4545454545455
S,F,1,No,Bachelors,Professional,0,1,0-1 Miles,North America,1,41-45,45.4545454545455
M,M,1,No,Partial College,Skilled Manual,1,1,2-5 Miles,North America,1,46-50,45.4545454545455
M,F,1,No,Partial College,Skilled Manual,1,1,2-5 Miles,North America,1,46-50,45.4545454545455
M,M,1,No,Partial College,Skilled Manual,1,1,2-5 Miles,North America,1,46-50,45.4545454545455
S,F,4,Si,High School,Skilled Manual,0,2,0-1 Miles,North America,1,46-50,27.2727272727273
S,F,4,Si,High School,Skilled Manual,1,2,2-5 Miles,North America,1,46-50,27.2727272727273
M,F,1,No,Partial College,Skilled Manual,1,1,2-5 Miles,North America,1,46-50,45.4545454545455
M,M,1,No,Partial College,Skilled Manual,1,1,2-5 Miles,North America,1,46-50,45.4545454545455
M,F,1,No,Partial College,Skilled Manual,1,1,0-1 Miles,North America,1,46-50,45.4545454545455
M,M,1,No,Partial College,Skilled Manual,0,1,0-1 Miles,North America,1,46-50,45.4545454545455
S,M,0,No,Bachelors,Professional,0,1,0-1 Miles,North America,0,41-45,27.2727272727273
S,M,0,No,Partial College,Skilled Manual,0,1,2-5 Miles,North America,1,41-45,45.4545454545455
S,F,0,No,Partial College,Skilled Manual,0,1,0-1 Miles,North America,1,35-40,45.4545454545455
S,F,0,No,Graduate Degree,Professional,0,1,0-1 Miles,North America,1,35-40,45.4545454545455
S,M,0,No,Graduate Degree,Professional,0,1,2-5 Miles,North America,1,35-40,45.4545454545455
M,M,1,No,Partial College,Skilled Manual,1,1,0-1 Miles,North America,1,41-45,45.4545454545455
M,F,1,No,Partial College,Skilled Manual,1,1,2-5 Miles,North America,1,41-45,45.4545454545455
S,M,5,Si,Bachelors,Professional,1,1,2-5 Miles,North America,0,35-40,45.4545454545455
S,M,5,Si,Bachelors,Professional,0,1,0-1 Miles,North America,0,46-50,45.4545454545455
M,M,4,Si,Bachelors,Professional,1,0,2-5 Miles,North America,0,35-40,45.4545454545455
S,M,4,Si,Bachelors,Professional,0,0,0-1 Miles,North America,1,51-55,45.4545454545455
M,F,4,Si,Bachelors,Professional,1,0,2-5 Miles,North America,0,35-40,45.4545454545455
S,M,2,No,Graduate Degree,Professional,0,1,0-1 Miles,North America,1,41-45,63.6363636363636
S,M,2,No,Graduate Degree,Professional,0,0,0-1 Miles,North America,1,46-50,72.7272727272727
S,F,2,No,Graduate Degree,Professional,0,0,0-1 Miles,North America,1,35-40,72.7272727272727
S,M,4,No,Graduate Degree,Professional,0,0,0-1 Miles,North America,1,35-40,72.7272727272727
S,F,1,No,Bachelors,Professional,0,1,0-1 Miles,North America,1,51-55,45.4545454545455
S,F,1,No,Bachelors,Professional,0,1,0-1 Miles,North America,1,51-55,45.4545454545455
M,M,5,Si,Graduate Degree,Professional,1,2,2-5 Miles,North America,0,51-55,63.6363636363636
S,M,5,Si,Bachelors,Professional,1,2,2-5 Miles,North America,0,35-40,63.6363636363636
S,M,5,Si,Bachelors,Professional,0,2,0-1 Miles,North America,0,41-45,63.6363636363636
S,M,5,No,Graduate Degree,Professional,0,0,0-1 Miles,North America,1,51-55,72.7272727272727
M,M,5,No,Graduate Degree,Professional,1,0,0-1 Miles,North America,1,51-55,72.7272727272727
M,M,5,Si,Graduate Degree,Management,1,0,0-1 Miles,North America,0,51-55,72.7272727272727
M,M,3,No,Graduate Degree,Management,1,1,2-5 Miles,North America,0,65+,63.6363636363636
M,F,4,Si,Graduate Degree,Management,1,0,0-1 Miles,Pacific,1,35-40,72.7272727272727
M,F,1,No,Graduate Degree,Management,1,0,0-1 Miles,Pacific,1,35-40,81.8181818181818
M,M,1,No,Graduate Degree,Management,1,0,0-1 Miles,Pacific,1,35-40,81.8181818181818
S,F,2,Si,Bachelors,Professional,0,1,0-1 Miles,Pacific,1,35-40,45.4545454545455
M,M,2,Si,Bachelors,Professional,1,1,2-5 Miles,Pacific,1,35-40,45.4545454545455
M,F,4,Si,Graduate Degree,Management,1,1,0-1 Miles,Pacific,1,35-40,72.7272727272727
M,F,4,Si,Graduate Degree,Management,1,1,0-1 Miles,Pacific,1,35-40,72.7272727272727
M,M,2,Si,Bachelors,Professional,1,1,2-5 Miles,Pacific,1,41-45,45.4545454545455
S,M,2,Si,Bachelors,Professional,0,1,0-1 Miles,Pacific,1,35-40,45.4545454545455
M,M,2,Si,Bachelors,Professional,1,1,2-5 Miles,Pacific,1,41-45,45.4545454545455
S,M,5,Si,Bachelors,Professional,1,3,10+ Miles,Pacific,0,35-40,63.6363636363636
S,M,5,Si,Bachelors,Professional,0,3,10+ Miles,Pacific,0,41-45,63.6363636363636
S,F,1,No,Graduate Degree,Management,0,2,0-1 Miles,Pacific,1,35-40,90.9090909090909
S,F,1,No,Graduate Degree,Management,0,1,0-1 Miles,Pacific,1,35-40,90.9090909090909
M,F,5,Si,Bachelors,Professional,1,4,10+ Miles,Pacific,1,41-45,63.6363636363636
S,M,5,Si,Graduate Degree,Management,1,3,0-1 Miles,Pacific,0,41-45,72.7272727272727
M,F,0,No,Bachelors,Professional,1,0,2-5 Miles,Pacific,1,35-40,81.8181818181818
M,F,0,No,Bachelors,Professional,0,0,0-1 Miles,Pacific,1,35-40,81.8181818181818
M,M,2,No,Bachelors,Professional,1,0,2-5 Miles,Pacific,1,41-45,81.8181818181818
S,F,3,Si,Partial High School,Skilled Manual,0,2,2-5 Miles,North America,0,56-65,45.4545454545455
M,F,3,Si,Partial High School,Skilled Manual,1,3,10+ Miles,North America,1,56-65,45.4545454545455
S,M,3,Si,Partial High School,Skilled Manual,0,3,2-5 Miles,North America,0,56-65,45.4545454545455
M,M,2,No,High School,Professional,1,2,5-10 Miles,North America,0,51-55,45.4545454545455
S,F,3,Si,Partial College,Professional,0,0,0-1 Miles,North America,1,46-50,63.6363636363636
M,M,3,Si,Partial College,Professional,1,0,5-10 Miles,North America,1,51-55,63.6363636363636
M,F,3,Si,Partial College,Professional,1,0,5-10 Miles,North America,1,46-50,63.6363636363636
S,M,2,No,Partial College,Professional,0,1,2-5 Miles,North America,1,46-50,81.8181818181818
M,M,2,No,Partial High School,Skilled Manual,1,2,5-10 Miles,North America,0,51-55,72.7272727272727
M,M,2,No,Partial High School,Skilled Manual,1,2,5-10 Miles,North America,0,51-55,72.7272727272727
M,F,2,No,High School,Professional,1,2,5-10 Miles,North America,1,46-50,45.4545454545455
M,F,2,No,High School,Professional,0,2,1-2 Miles,North America,1,46-50,45.4545454545455
M,M,4,Si,Partial College,Professional,1,3,2-5 Miles,North America,0,35-40,81.8181818181818
M,M,3,Si,Bachelors,Management,1,4,2-5 Miles,North America,0,41-45,81.8181818181818
M,F,4,Si,Bachelors,Management,1,4,2-5 Miles,North America,0,35-40,81.8181818181818
S,F,4,Si,Bachelors,Management,1,4,2-5 Miles,North America,0,41-45,81.8181818181818
S,F,4,Si,Bachelors,Management,0,0,0-1 Miles,North America,0,35-40,72.7272727272727
S,M,4,Si,Partial College,Professional,1,1,2-5 Miles,North America,0,41-45,72.7272727272727
S,F,5,Si,Partial College,Professional,0,3,0-1 Miles,North America,0,35-40,81.8181818181818
S,M,5,Si,Partial College,Professional,0,4,0-1 Miles,North America,0,41-45,81.8181818181818
M,F,5,Si,Partial College,Professional,1,1,2-5 Miles,North America,0,41-45,81.8181818181818
S,M,5,Si,Partial College,Professional,1,1,2-5 Miles,North America,0,41-45,81.8181818181818
S,M,2,Si,Graduate Degree,Management,0,2,1-2 Miles,North America,0,41-45,90.9090909090909
S,F,2,Si,Graduate Degree,Management,0,2,0-1 Miles,North America,0,35-40,90.9090909090909
S,F,1,No,Bachelors,Management,0,3,1-2 Miles,North America,1,41-45,90.9090909090909
M,M,0,Si,Bachelors,Management,1,2,0-1 Miles,North America,1,35-40,90.9090909090909
S,M,4,Si,Partial College,Professional,0,0,0-1 Miles,North America,1,51-55,63.6363636363636
M,F,4,Si,Partial College,Professional,1,0,5-10 Miles,North America,0,51-55,63.6363636363636
S,M,3,No,Partial College,Professional,0,2,0-1 Miles,North America,1,46-50,72.7272727272727
S,F,2,No,Graduate Degree,Management,1,2,5-10 Miles,North America,0,65+,45.4545454545455
S,M,4,No,Graduate Degree,Management,1,2,5-10 Miles,North America,0,65+,63.6363636363636
S,F,1,Si,Graduate Degree,Management,0,3,1-2 Miles,North America,0,65+,90.9090909090909
S,M,4,Si,Partial College,Professional,0,2,0-1 Miles,North America,0,46-50,72.7272727272727
S,F,4,Si,Partial College,Professional,0,2,0-1 Miles,North America,0,46-50,72.7272727272727
S,F,4,Si,Partial College,Professional,0,2,0-1 Miles,North America,0,35-40,72.7272727272727
S,F,0,No,Partial College,Professional,1,1,10+ Miles,North America,0,35-40,81.8181818181818
S,F,0,No,Partial College,Professional,1,1,10+ Miles,North America,0,46-50,81.8181818181818
M,M,5,Si,Bachelors,Management,1,1,5-10 Miles,North America,0,46-50,90.9090909090909
S,M,4,Si,Partial College,Professional,0,2,1-2 Miles,North America,0,46-50,90.9090909090909
S,M,4,Si,Partial College,Professional,1,3,5-10 Miles,North America,1,46-50,90.9090909090909
S,F,4,Si,Partial College,Professional,1,3,5-10 Miles,North America,1,46-50,90.9090909090909
S,M,4,Si,Partial College,Professional,0,3,1-2 Miles,North America,1,46-50,90.9090909090909
S,F,4,Si,Partial College,Professional,0,4,1-2 Miles,North America,1,46-50,90.9090909090909
S,F,5,Si,Partial College,Professional,0,3,0-1 Miles,North America,0,46-50,72.7272727272727
S,F,5,Si,Partial College,Professional,0,4,1-2 Miles,North America,0,41-45,81.8181818181818
M,M,3,Si,Partial College,Professional,1,4,5-10 Miles,North America,1,46-50,81.8181818181818
S,M,1,Si,Bachelors,Management,1,1,5-10 Miles,North America,0,46-50,90.9090909090909
S,M,1,Si,Bachelors,Management,1,2,5-10 Miles,North America,0,46-50,90.9090909090909
M,M,1,Si,Bachelors,Management,1,4,0-1 Miles,North America,0,46-50,90.9090909090909
S,M,1,Si,Bachelors,Management,0,4,2-5 Miles,North America,0,46-50,90.9090909090909
S,F,5,Si,Partial College,Professional,1,3,5-10 Miles,North America,1,35-40,63.6363636363636
S,M,4,Si,High School,Professional,1,2,5-10 Miles,North America,0,46-50,81.8181818181818
M,M,4,Si,High School,Professional,1,2,5-10 Miles,North America,0,46-50,81.8181818181818
S,M,3,Si,Partial College,Professional,0,4,1-2 Miles,North America,0,41-45,81.8181818181818
M,F,1,Si,Bachelors,Management,1,3,5-10 Miles,North America,0,46-50,90.9090909090909
M,M,1,Si,Bachelors,Management,1,3,0-1 Miles,North America,1,46-50,90.9090909090909
S,F,3,Si,Bachelors,Management,0,3,2-5 Miles,North America,0,46-50,90.9090909090909
M,F,2,No,High School,Professional,1,2,5-10 Miles,North America,1,51-55,45.4545454545455
S,M,3,Si,Partial College,Professional,0,1,1-2 Miles,North America,1,51-55,72.7272727272727
M,M,2,Si,High School,Professional,0,1,10+ Miles,North America,1,51-55,81.8181818181818
S,M,2,Si,High School,Professional,1,1,10+ Miles,North America,0,51-55,81.8181818181818
M,F,2,Si,High School,Professional,1,1,10+ Miles,North America,1,51-55,81.8181818181818
S,M,2,No,Partial High School,Skilled Manual,1,2,5-10 Miles,North America,0,51-55,63.6363636363636
S,M,4,No,Graduate Degree,Management,0,2,1-2 Miles,North America,0,65+,63.6363636363636
S,M,2,Si,Graduate Degree,Management,0,3,0-1 Miles,North America,1,65+,90.9090909090909
S,F,2,No,Graduate Degree,Management,0,2,1-2 Miles,North America,0,65+,45.4545454545455
M,M,4,No,Graduate Degree,Management,0,2,1-2 Miles,North America,0,65+,63.6363636363636
M,F,4,No,Bachelors,Management,0,2,1-2 Miles,North America,1,65+,81.8181818181818
S,F,4,No,Bachelors,Management,0,2,1-2 Miles,North America,1,65+,81.8181818181818
S,M,5,Si,Partial College,Professional,0,3,1-2 Miles,North America,0,46-50,72.7272727272727
M,F,5,Si,Partial College,Professional,1,3,5-10 Miles,North America,0,41-45,72.7272727272727
M,M,4,Si,High School,Professional,1,3,5-10 Miles,North America,0,46-50,81.8181818181818
M,F,4,Si,High School,Professional,1,3,5-10 Miles,North America,0,46-50,81.8181818181818
M,M,0,Si,Partial College,Professional,1,1,5-10 Miles,North America,0,46-50,81.8181818181818
S,M,0,Si,Partial College,Professional,0,1,1-2 Miles,North America,0,41-45,81.8181818181818
M,M,0,Si,Partial College,Professional,1,2,5-10 Miles,North America,0,46-50,81.8181818181818
M,M,0,Si,Partial College,Professional,1,2,5-10 Miles,North America,0,41-45,81.8181818181818
S,M,5,Si,High School,Professional,1,3,5-10 Miles,North America,1,46-50,90.9090909090909
S,F,3,No,Graduate Degree,Management,0,2,1-2 Miles,North America,1,56-65,63.6363636363636
M,F,3,No,Graduate Degree,Management,1,2,5-10 Miles,North America,1,56-65,63.6363636363636
S,F,3,No,Graduate Degree,Management,0,2,1-2 Miles,North America,1,56-65,63.6363636363636
S,F,3,No,Graduate Degree,Management,1,2,5-10 Miles,North America,1,51-55,63.6363636363636
S,F,3,No,Graduate Degree,Management,1,2,5-10 Miles,North America,1,56-65,63.6363636363636
S,F,3,No,Partial College,Professional,0,2,1-2 Miles,North America,1,46-50,27.2727272727273
S,M,4,No,Partial College,Professional,0,2,1-2 Miles,North America,1,51-55,27.2727272727273
M,F,4,No,High School,Professional,1,2,5-10 Miles,North America,0,56-65,18.1818181818182
M,M,4,No,High School,Professional,0,2,1-2 Miles,North America,0,56-65,18.1818181818182
S,F,4,No,High School,Professional,0,2,1-2 Miles,North America,0,56-65,18.1818181818182
S,M,4,No,High School,Professional,0,2,1-2 Miles,North America,1,56-65,27.2727272727273
S,M,3,Si,Bachelors,Professional,0,2,0-1 Miles,Pacific,0,35-40,45.4545454545455
M,F,4,Si,Bachelors,Professional,1,1,5-10 Miles,Pacific,0,46-50,45.4545454545455
M,M,4,Si,Bachelors,Professional,0,2,0-1 Miles,Pacific,0,29-34,45.4545454545455
S,M,0,No,Bachelors,Professional,1,1,5-10 Miles,Pacific,1,35-40,63.6363636363636
S,M,5,Si,Bachelors,Professional,0,2,0-1 Miles,Pacific,0,46-50,45.4545454545455
M,F,3,Si,Bachelors,Professional,0,2,0-1 Miles,Pacific,1,46-50,45.4545454545455
S,F,2,Si,Bachelors,Professional,0,0,0-1 Miles,Pacific,1,35-40,81.8181818181818
S,M,3,Si,Bachelors,Professional,1,0,1-2 Miles,Pacific,1,41-45,81.8181818181818
S,F,1,No,Partial College,Skilled Manual,0,1,0-1 Miles,Pacific,1,46-50,45.4545454545455
S,M,0,No,Graduate Degree,Management,1,2,1-2 Miles,Pacific,1,41-45,90.9090909090909
S,F,0,No,Graduate Degree,Management,0,3,1-2 Miles,Pacific,0,41-45,90.9090909090909
S,F,1,No,Partial College,Skilled Manual,0,1,0-1 Miles,Pacific,1,41-45,45.4545454545455
S,F,1,No,Partial College,Skilled Manual,1,1,5-10 Miles,Pacific,1,46-50,45.4545454545455
M,F,1,No,Partial College,Skilled Manual,1,1,5-10 Miles,Pacific,1,46-50,45.4545454545455
S,M,0,No,Bachelors,Professional,0,1,5-10 Miles,Pacific,1,41-45,63.6363636363636
M,M,5,Si,Bachelors,Professional,1,4,1-2 Miles,Pacific,0,35-40,72.7272727272727
S,F,0,No,Bachelors,Professional,0,1,5-10 Miles,Pacific,0,46-50,63.6363636363636
S,M,0,No,Bachelors,Professional,1,1,5-10 Miles,Pacific,1,41-45,63.6363636363636
M,M,5,No,Bachelors,Professional,1,1,10+ Miles,Pacific,0,46-50,81.8181818181818
S,F,5,No,Bachelors,Professional,0,1,10+ Miles,Pacific,0,46-50,81.8181818181818
S,M,0,No,Bachelors,Professional,0,1,0-1 Miles,Pacific,1,41-45,63.6363636363636
S,M,0,No,Bachelors,Professional,0,1,5-10 Miles,Pacific,0,46-50,63.6363636363636
S,M,0,No,Bachelors,Professional,0,2,0-1 Miles,Pacific,1,35-40,63.6363636363636
S,M,0,No,Bachelors,Professional,1,2,5-10 Miles,Pacific,1,46-50,63.6363636363636
S,M,0,No,Bachelors,Professional,0,2,5-10 Miles,Pacific,1,46-50,63.6363636363636
S,F,1,No,Partial College,Skilled Manual,1,1,5-10 Miles,Pacific,1,46-50,45.4545454545455
S,F,5,Si,Partial College,Skilled Manual,1,2,5-10 Miles,Pacific,0,41-45,63.6363636363636
M,M,1,No,Partial College,Skilled Manual,1,1,5-10 Miles,Pacific,1,46-50,45.4545454545455
M,F,1,No,Partial College,Skilled Manual,1,1,5-10 Miles,Pacific,1,41-45,45.4545454545455
M,F,2,No,Bachelors,Professional,1,1,5-10 Miles,Pacific,0,35-40,81.8181818181818
S,M,2,No,Bachelors,Professional,0,1,2-5 Miles,Pacific,1,51-55,81.8181818181818
S,M,2,No,Bachelors,Professional,0,1,2-5 Miles,Pacific,1,51-55,81.8181818181818
M,M,4,No,Bachelors,Management,1,2,1-2 Miles,Pacific,1,51-55,81.8181818181818
S,M,1,No,Partial College,Skilled Manual,0,1,0-1 Miles,Pacific,1,51-55,63.6363636363636
M,M,5,Si,Partial College,Skilled Manual,0,3,5-10 Miles,Pacific,0,41-45,63.6363636363636
S,M,5,Si,Partial College,Skilled Manual,1,3,5-10 Miles,Pacific,0,46-50,63.6363636363636
S,M,0,No,High School,Skilled Manual,1,2,5-10 Miles,North America,0,29-34,18.1818181818182
S,F,0,No,High School,Skilled Manual,1,2,5-10 Miles,North America,0,29-34,27.2727272727273
M,F,0,No,High School,Skilled Manual,1,2,5-10 Miles,North America,0,29-34,27.2727272727273
M,M,0,No,High School,Skilled Manual,0,2,0-1 Miles,North America,0,29-34,27.2727272727273
S,F,0,No,High School,Skilled Manual,0,2,0-1 Miles,North America,1,29-34,18.1818181818182
M,M,0,No,High School,Skilled Manual,0,2,0-1 Miles,North America,0,29-34,18.1818181818182
M,M,0,No,High School,Skilled Manual,1,2,5-10 Miles,North America,0,29-34,18.1818181818182
S,M,0,No,High School,Skilled Manual,1,2,5-10 Miles,North America,0,29-34,18.1818181818182
M,F,0,No,High School,Skilled Manual,1,2,5-10 Miles,North America,0,29-34,27.2727272727273
M,M,2,No,Partial College,Clerical,0,2,0-1 Miles,Pacific,0,65+,18.1818181818182
S,F,2,No,Partial College,Clerical,0,2,5-10 Miles,Pacific,0,65+,18.1818181818182
S,F,2,No,Bachelors,Management,0,2,0-1 Miles,Pacific,0,65+,27.2727272727273
S,F,0,No,Partial High School,Clerical,0,2,0-1 Miles,North America,1,29-34,18.1818181818182
S,M,0,No,Partial High School,Clerical,0,2,0-1 Miles,North America,1,29-34,18.1818181818182
S,M,0,No,High School,Skilled Manual,0,2,0-1 Miles,North America,1,29-34,27.2727272727273
S,M,2,No,Partial College,Clerical,1,2,5-10 Miles,Pacific,0,65+,18.1818181818182
M,F,2,No,Bachelors,Management,1,2,5-10 Miles,Pacific,0,65+,27.2727272727273
S,M,0,No,Partial High School,Clerical,0,2,5-10 Miles,North America,0,29-34,18.1818181818182
S,F,0,No,Partial High School,Clerical,0,2,0-1 Miles,North America,1,29-34,18.1818181818182
S,M,0,No,Partial High School,Clerical,0,2,5-10 Miles,North America,0,29-34,18.1818181818182
M,F,2,No,Partial College,Clerical,0,2,0-1 Miles,Pacific,1,65+,18.1818181818182
M,M,2,No,Bachelors,Management,0,2,0-1 Miles,Pacific,1,65+,27.2727272727273
S,M,2,No,Bachelors,Management,1,2,5-10 Miles,Pacific,1,65+,27.2727272727273
S,M,2,No,Bachelors,Management,0,2,0-1 Miles,Pacific,1,56-65,27.2727272727273
S,F,2,No,Graduate Degree,Management,0,1,0-1 Miles,Pacific,1,65+,45.4545454545455
M,M,0,No,Bachelors,Professional,0,1,0-1 Miles,North America,0,35-40,27.2727272727273
M,M,3,Si,Bachelors,Skilled Manual,1,1,2-5 Miles,North America,0,41-45,45.4545454545455
S,F,3,Si,Bachelors,Skilled Manual,0,2,0-1 Miles,North America,0,35-40,45.4545454545455
S,F,3,Si,Bachelors,Skilled Manual,1,2,2-5 Miles,North America,1,41-45,45.4545454545455
S,M,3,Si,Bachelors,Skilled Manual,0,2,0-1 Miles,North America,0,41-45,45.4545454545455
S,F,3,Si,Bachelors,Skilled Manual,0,3,10+ Miles,North America,1,41-45,45.4545454545455
M,M,3,Si,Bachelors,Skilled Manual,1,3,10+ Miles,North America,0,29-34,45.4545454545455
S,M,0,No,Graduate Degree,Professional,1,0,2-5 Miles,North America,1,41-45,45.4545454545455
M,F,0,No,Graduate Degree,Clerical,1,0,0-1 Miles,Europe,1,41-45,27.2727272727273
M,M,0,No,Graduate Degree,Clerical,1,0,0-1 Miles,Europe,1,41-45,27.2727272727273
S,M,0,No,Graduate Degree,Clerical,0,0,0-1 Miles,Europe,1,35-40,27.2727272727273
M,F,0,No,Graduate Degree,Clerical,0,0,0-1 Miles,Europe,1,41-45,27.2727272727273
M,M,0,No,Graduate Degree,Clerical,0,0,0-1 Miles,Europe,1,41-45,27.2727272727273
S,M,0,No,Bachelors,Professional,0,0,0-1 Miles,Europe,1,35-40,27.2727272727273
S,F,1,Si,Partial College,Manual,0,1,2-5 Miles,Europe,1,41-45,9.09090909090909
S,M,1,Si,Partial College,Manual,1,1,2-5 Miles,Europe,1,41-45,9.09090909090909
S,F,1,Si,Partial College,Manual,1,1,2-5 Miles,Europe,1,41-45,9.09090909090909
M,M,4,Si,Partial High School,Manual,1,1,0-1 Miles,Europe,1,41-45,9.09090909090909
S,F,1,Si,High School,Manual,1,1,2-5 Miles,Europe,1,41-45,9.09090909090909
S,M,0,No,Bachelors,Professional,0,0,0-1 Miles,Europe,1,41-45,27.2727272727273
S,M,0,No,Bachelors,Professional,0,0,0-1 Miles,Europe,1,29-34,27.2727272727273
S,M,0,No,Bachelors,Professional,0,0,0-1 Miles,Europe,1,41-45,27.2727272727273
S,M,0,No,Bachelors,Professional,1,0,0-1 Miles,Europe,1,29-34,27.2727272727273
S,M,1,No,Bachelors,Clerical,0,1,2-5 Miles,Europe,0,65+,18.1818181818182
M,M,2,Si,High School,Manual,1,0,0-1 Miles,Europe,1,41-45,9.09090909090909
M,F,1,Si,Bachelors,Skilled Manual,1,2,0-1 Miles,Europe,0,41-45,18.1818181818182
M,M,1,Si,Bachelors,Skilled Manual,1,2,0-1 Miles,Europe,0,41-45,18.1818181818182
M,M,2,Si,High School,Manual,1,1,0-1 Miles,Europe,1,41-45,9.09090909090909
M,M,2,Si,High School,Manual,1,1,0-1 Miles,Europe,1,41-45,9.09090909090909
S,M,2,Si,High School,Manual,1,2,0-1 Miles,Europe,0,41-45,9.09090909090909
M,F,1,Si,Bachelors,Skilled Manual,1,2,0-1 Miles,Europe,0,41-45,18.1818181818182
M,M,1,Si,Bachelors,Skilled Manual,0,2,0-1 Miles,Europe,0,41-45,18.1818181818182
M,M,1,Si,Bachelors,Skilled Manual,1,2,0-1 Miles,Europe,0,35-40,18.1818181818182
M,F,3,Si,High School,Manual,1,0,0-1 Miles,Europe,1,41-45,9.09090909090909
M,M,3,Si,High School,Manual,1,0,0-1 Miles,Europe,1,41-45,9.09090909090909
M,F,3,Si,High School,Manual,1,0,0-1 Miles,Europe,1,41-45,9.09090909090909
S,F,3,Si,Partial High School,Manual,0,2,0-1 Miles,Europe,0,46-50,9.09090909090909
M,F,4,Si,Partial High School,Manual,1,2,0-1 Miles,Europe,0,46-50,9.09090909090909
S,M,4,Si,High School,Manual,0,1,0-1 Miles,Europe,1,46-50,9.09090909090909
S,M,2,No,Partial College,Manual,1,1,2-5 Miles,Europe,0,65+,9.09090909090909
S,F,4,No,High School,Manual,0,2,0-1 Miles,Europe,0,65+,9.09090909090909
M,M,0,No,Bachelors,Professional,1,0,0-1 Miles,Europe,1,35-40,27.2727272727273
M,M,0,No,Bachelors,Professional,1,0,0-1 Miles,Europe,1,41-45,27.2727272727273
S,F,0,No,Bachelors,Professional,1,0,0-1 Miles,Europe,1,41-45,27.2727272727273
S,F,0,No,Bachelors,Professional,0,0,0-1 Miles,Europe,1,41-45,27.2727272727273
M,F,0,No,Bachelors,Professional,1,0,0-1 Miles,Europe,1,41-45,27.2727272727273
S,F,2,Si,Partial College,Clerical,0,0,0-1 Miles,Europe,0,46-50,18.1818181818182
S,F,1,No,Partial College,Clerical,1,1,2-5 Miles,Europe,0,41-45,18.1818181818182
S,F,2,No,Partial College,Clerical,0,1,1-2 Miles,Europe,0,65+,9.09090909090909
M,M,1,No,Bachelors,Skilled Manual,0,1,0-1 Miles,Europe,0,65+,18.1818181818182
M,M,2,Si,Partial College,Clerical,1,1,0-1 Miles,Europe,1,35-40,18.1818181818182
S,M,0,No,Bachelors,Professional,0,0,0-1 Miles,Europe,1,41-45,27.2727272727273
S,F,0,No,Bachelors,Professional,1,0,0-1 Miles,Europe,1,35-40,27.2727272727273
M,M,1,No,Bachelors,Skilled Manual,1,0,0-1 Miles,Europe,1,35-40,27.2727272727273
M,M,1,No,Bachelors,Skilled Manual,1,0,0-1 Miles,Europe,1,35-40,27.2727272727273
S,M,2,Si,Partial College,Clerical,0,2,0-1 Miles,Europe,0,41-45,18.1818181818182
M,M,1,No,Bachelors,Skilled Manual,1,0,0-1 Miles,Europe,1,41-45,27.2727272727273
S,F,3,Si,Partial College,Clerical,0,0,0-1 Miles,Europe,1,41-45,18.1818181818182
S,F,0,No,High School,Manual,0,1,2-5 Miles,Europe,0,29-34,9.09090909090909
M,F,0,No,Partial High School,Manual,0,2,0-1 Miles,Europe,0,29-34,9.09090909090909
M,F,4,Si,High School,Manual,1,1,0-1 Miles,Europe,1,29-34,9.09090909090909
M,F,4,Si,High School,Manual,1,2,0-1 Miles,Europe,0,29-34,9.09090909090909
S,F,3,Si,Partial College,Clerical,0,1,0-1 Miles,Europe,0,29-34,18.1818181818182
S,M,3,Si,Partial College,Clerical,1,1,0-1 Miles,Europe,1,29-34,18.1818181818182
M,F,1,No,Bachelors,Skilled Manual,1,0,0-1 Miles,Europe,1,35-40,27.2727272727273
M,F,1,No,Bachelors,Skilled Manual,1,1,0-1 Miles,Europe,1,41-45,27.2727272727273
M,M,3,Si,Partial College,Clerical,1,2,0-1 Miles,Europe,0,29-34,18.1818181818182
S,F,3,Si,Partial College,Clerical,0,2,0-1 Miles,Europe,1,29-34,18.1818181818182
S,M,0,No,Partial College,Clerical,1,1,2-5 Miles,Europe,1,29-34,18.1818181818182
S,M,0,No,Partial High School,Manual,0,2,0-1 Miles,Europe,0,29-34,9.09090909090909
M,F,0,No,Partial High School,Manual,1,2,0-1 Miles,Europe,0,35-40,9.09090909090909
S,F,0,No,High School,Manual,0,1,5-10 Miles,Europe,0,29-34,9.09090909090909
S,F,0,No,High School,Manual,1,1,2-5 Miles,Europe,0,29-34,9.09090909090909
M,F,0,No,High School,Manual,0,1,2-5 Miles,Europe,0,29-34,9.09090909090909
S,M,0,No,High School,Manual,0,1,2-5 Miles,Europe,0,29-34,9.09090909090909
S,M,0,No,High School,Manual,1,1,2-5 Miles,Europe,0,29-34,9.09090909090909
S,M,0,No,High School,Manual,0,1,2-5 Miles,Europe,0,29-34,9.09090909090909
M,M,0,No,Partial High School,Manual,1,2,0-1 Miles,Europe,0,35-40,9.09090909090909
S,M,0,No,Partial High School,Manual,0,2,0-1 Miles,Europe,0,35-40,9.09090909090909
S,M,0,No,Partial High School,Manual,0,2,0-1 Miles,Europe,0,35-40,9.09090909090909
S,M,0,No,Partial High School,Manual,0,2,0-1 Miles,Europe,0,35-40,9.09090909090909
M,M,0,No,Partial High School,Manual,1,2,1-2 Miles,Europe,0,35-40,9.09090909090909
S,F,0,No,Partial College,Clerical,0,1,0-1 Miles,Europe,0,29-34,18.1818181818182
S,F,0,No,Partial College,Clerical,0,1,0-1 Miles,Europe,0,29-34,18.1818181818182
M,F,1,Si,Bachelors,Skilled Manual,0,0,0-1 Miles,Europe,1,29-34,27.2727272727273
M,F,1,Si,Bachelors,Skilled Manual,1,0,0-1 Miles,Europe,1,29-34,27.2727272727273
M,M,1,Si,Bachelors,Skilled Manual,1,0,1-2 Miles,Europe,1,29-34,27.2727272727273
M,F,1,No,Bachelors,Manual,1,0,0-1 Miles,Europe,0,46-50,9.09090909090909
M,M,1,No,Bachelors,Manual,1,0,0-1 Miles,Europe,0,46-50,9.09090909090909
S,F,1,No,Bachelors,Manual,0,0,0-1 Miles,Europe,0,46-50,9.09090909090909
S,F,1,No,Graduate Degree,Clerical,0,0,0-1 Miles,Europe,0,46-50,9.09090909090909
M,M,1,No,Graduate Degree,Clerical,1,0,0-1 Miles,Europe,0,41-45,9.09090909090909
M,F,1,No,Graduate Degree,Clerical,1,0,0-1 Miles,Europe,0,41-45,9.09090909090909
S,M,1,No,Graduate Degree,Clerical,1,0,0-1 Miles,Europe,0,46-50,9.09090909090909
M,F,1,No,Graduate Degree,Clerical,1,0,0-1 Miles,Europe,0,65+,9.09090909090909
S,M,1,No,Bachelors,Manual,1,0,0-1 Miles,Europe,0,46-50,9.09090909090909
S,M,2,No,Partial College,Manual,1,0,0-1 Miles,Europe,0,51-55,9.09090909090909
M,F,1,No,Bachelors,Clerical,1,0,0-1 Miles,Europe,0,51-55,9.09090909090909
S,F,2,No,Bachelors,Clerical,1,1,0-1 Miles,Europe,0,65+,9.09090909090909
S,F,1,No,Graduate Degree,Clerical,0,0,0-1 Miles,Europe,0,65+,9.09090909090909
S,F,2,No,Bachelors,Clerical,0,1,2-5 Miles,Europe,0,65+,9.09090909090909
S,F,1,No,Partial College,Manual,1,0,0-1 Miles,Europe,1,65+,9.09090909090909
S,F,1,No,Bachelors,Clerical,1,0,0-1 Miles,Europe,1,65+,18.1818181818182
S,M,2,No,Partial College,Manual,1,1,1-2 Miles,Europe,1,65+,9.09090909090909
S,M,3,No,Partial College,Manual,0,1,2-5 Miles,Europe,0,56-65,9.09090909090909
S,F,0,No,Partial College,Manual,1,1,2-5 Miles,Pacific,1,29-34,9.09090909090909
M,M,0,No,Bachelors,Clerical,1,0,0-1 Miles,Pacific,1,29-34,9.09090909090909
M,F,0,No,Partial College,Manual,1,1,2-5 Miles,Pacific,1,29-34,9.09090909090909
M,F,0,No,Partial College,Manual,1,1,2-5 Miles,Pacific,1,29-34,9.09090909090909
S,F,0,No,Partial College,Manual,1,1,2-5 Miles,Pacific,1,29-34,9.09090909090909
S,F,0,No,Partial College,Manual,0,1,2-5 Miles,Pacific,1,29-34,9.09090909090909
S,M,0,No,High School,Manual,1,1,2-5 Miles,Pacific,1,29-34,9.09090909090909
S,M,0,No,High School,Manual,0,1,2-5 Miles,Pacific,1,29-34,9.09090909090909
M,M,0,No,High School,Manual,0,2,0-1 Miles,Pacific,1,29-34,9.09090909090909
M,M,0,No,High School,Manual,1,2,0-1 Miles,Pacific,1,29-34,9.09090909090909
S,M,0,No,Bachelors,Clerical,1,0,0-1 Miles,Pacific,1,29-34,9.09090909090909
S,M,1,Si,High School,Manual,1,0,2-5 Miles,Pacific,1,29-34,9.09090909090909
S,M,1,Si,High School,Manual,0,0,1-2 Miles,Pacific,1,29-34,9.09090909090909
S,M,0,No,Partial College,Manual,1,0,0-1 Miles,Pacific,1,29-34,9.09090909090909
M,M,1,No,Bachelors,Clerical,1,0,0-1 Miles,Europe,1,65+,18.1818181818182
M,F,4,No,Graduate Degree,Clerical,1,0,0-1 Miles,Europe,1,41-45,18.1818181818182
M,F,4,No,Graduate Degree,Clerical,0,0,0-1 Miles,Europe,1,41-45,18.1818181818182
M,F,3,No,Graduate Degree,Clerical,0,0,0-1 Miles,Europe,1,35-40,18.1818181818182
S,M,1,Si,High School,Manual,0,1,1-2 Miles,Europe,0,41-45,9.09090909090909
S,F,1,Si,High School,Manual,0,1,2-5 Miles,Europe,0,46-50,9.09090909090909
M,F,1,Si,High School,Manual,0,1,1-2 Miles,Europe,0,46-50,9.09090909090909
S,F,1,Si,Partial College,Manual,0,0,2-5 Miles,Europe,1,46-50,9.09090909090909
M,M,2,No,Partial College,Manual,0,1,0-1 Miles,Europe,1,46-50,9.09090909090909
S,M,2,No,Partial College,Manual,0,1,2-5 Miles,Europe,1,35-40,9.09090909090909
M,F,2,No,Partial College,Manual,0,1,0-1 Miles,Europe,1,46-50,9.09090909090909
M,M,2,No,Partial College,Manual,0,1,1-2 Miles,Europe,1,46-50,9.09090909090909
S,M,3,No,Graduate Degree,Clerical,1,0,0-1 Miles,Europe,1,46-50,18.1818181818182
M,M,1,No,Graduate Degree,Clerical,1,0,0-1 Miles,Europe,1,46-50,18.1818181818182
S,F,3,No,Graduate Degree,Clerical,1,0,0-1 Miles,Europe,1,35-40,18.1818181818182
S,M,3,No,Graduate Degree,Clerical,0,0,0-1 Miles,Europe,1,46-50,18.1818181818182
M,M,3,No,Bachelors,Clerical,1,0,0-1 Miles,Europe,1,51-55,18.1818181818182
M,M,0,No,Bachelors,Clerical,1,0,0-1 Miles,Europe,1,46-50,18.1818181818182
